
time (s)       VT("/VIP") - V VT("/VOUTP") - VT("/VOUTP") ( VT("/VOUTN") (


5.02e-08       0.6071116799355438 0.6071015019442788 0.7535509040228062 0.1464494020785273
5.27e-08       0.6289215239515702 0.6289118642063095 0.7644561068166992 0.1355442426103897
5.52e-08       0.6495712943820633 0.6495621984039556 0.774781270061264 0.1252190716573085
5.77e-08       0.6690229008625275 0.6690144003212271 0.784507346979653 0.1154929466584259
6.02e-08       0.6872404640126043 0.6872325773887037 0.7936164013110363 0.1063838239223325
6.27e-08       0.704190385465882 0.7041831134141447 0.8020916386404252 0.0979085252262805
6.52e-08       0.7198413914862698 0.7198347213521452 0.8099174110356453 0.09008268968349999
6.77e-08       0.7341647046017711 0.7341589856195883 0.8170797260790481 0.08292074045945991
7.020000000000001e-08 0.7471337403156361 0.7471286735225779 0.8235645473296889 0.07643587380711088
7.27e-08       0.7587246534891317 0.758720234170675 0.8293603062174789 0.07064007204680388
7.52e-08       0.7689160646329443 0.7689122694705423 0.834456307054346 0.06554403758380387
7.77e-08       0.7776891765103388 0.7776860063457005 0.8388431633428229 0.0611571569971225
8.02e-08       0.7850278054415498 0.7850252456907562 0.842512772401605 0.05748752671084888
8.269999999999999e-08 0.7909184159805653 0.7909164717650308 0.8454583748296649 0.05454190306463417
8.52e-08       0.7953501427914673 0.7953488183114182 0.8476745396670862 0.05232572135566793
8.77e-08       0.7983148114407586 0.7983141154369636 0.8491571809621085 0.05084306552514481
9.02e-08       0.7998069534939507 0.7998068982782666 0.8499035652247703 0.05009666694650371
9.27e-08       0.7998238165995003 0.7998244133171495 0.8499123163226905 0.050087903005541
9.520000000000001e-08 0.7983653693306385 0.7983666266238494 0.8491834172720185 0.05081679064816919
9.770000000000001e-08 0.7954343000353657 0.7954362179246298 0.8477182064623485 0.05228198853771862
1.002e-07      0.7910360165491579 0.7910385930658943 0.8455193878099043 0.05448079474400999
1.027e-07      0.7851786296253483 0.7851818531868293 0.8425910136692414 0.05740916048241207
1.052e-07      0.777872942712824 0.7778767921589976 0.8389384755240664 0.06106168336506868
1.077e-07      0.7691324306738676 0.7691368913933003 0.8345685102019935 0.06543161880869315
1.102e-07      0.7589732152905008 0.7589782639345476 0.8294891759725176 0.07051091203797002
1.127e-07      0.747414045476927 0.7474196686856416 0.8237098582994349 0.07629018961379329
1.152e-07      0.7344762407828306 0.7344824216131778 0.8172412170776457 0.082758795464468
1.177e-07      0.7201836614837102 0.7201903716588015 0.8100951778247206 0.08990480616591916
1.202e-07      0.7045626684485682 0.7045698598732167 0.8022848810697757 0.09771502119655905
1.227e-07      0.687642075812236 0.6876498184607674 0.7938248543837603 0.1061750359229928
1.252e-07      0.6694530967943274 0.669461399013361 0.7847306403162823 0.1152692413029213
1.277e-07      0.6500292852893852 0.6500381540339287 0.7750190178901804 0.1249808638562516
1.302e-07      0.6294064691728931 0.6294158911667689 0.764707892561302 0.1352920013945332
1.327e-07      0.6076226861788577 0.6076326378817822 0.7538162775837713 0.1461836397019891
1.352e-07      0.5847181205582819 0.5847285403785984 0.7423642422720034 0.1576357018934049
1.377e-07      0.5607350212830512 0.5607459004888031 0.7303729551959417 0.1696270547071386
1.402e-07      0.5357176259007401 0.5357289331702414 0.717864510706279 0.1821355775360376
1.427e-07      0.5097120777950611 0.5097237897724731 0.7048619775204656 0.1951381877479926
1.452e-07      0.4827663411154434 0.4827784422618969 0.6913892842326068 0.2086108419707099
1.477e-07      0.4549301255155191 0.4549426208900453 0.6774713432110515 0.2225287223210062
1.502e-07      0.4262547781792311 0.4262676996216933 0.6631338510116522 0.2368661513899589
1.527e-07      0.3967931890448572 0.3968065037458618 0.6484032362976853 0.2515967325518234
1.552e-07      0.3665996874878735 0.3666133389516341 0.6333066490353142 0.26669331008368
1.577e-07      0.3357299778124167 0.3357439720624685 0.6178719875312355 0.282128015468767
1.602e-07      0.3042409924811292 0.3042552035681719 0.6021277048148599 0.297872501246688
1.627e-07      0.2721907953601268 0.2722053799544814 0.5861029761913158 0.3138975962368344
1.652e-07      0.2396385292049183 0.2396531489522463 0.5698268964101353 0.330173747457889
1.677e-07      0.2066442428295896 0.2066589283079807 0.5533297361778788 0.3466708078698981
1.702e-07      0.1732687964120724 0.1732836504829046 0.5366419757787065 0.3633583252958019
1.727e-07      0.1395737537695845 0.1395888481876289 0.5197944327173379 0.380205584529709
1.752e-07      0.10562126580331 0.1056366138005177 0.5028181878837132 0.3971815740831956
1.777e-07      0.07147395779769383 0.0714894888084191 0.4857445515287369 0.4142550627203178
1.802e-07      0.03719481365847987 0.03721036859364809 0.4686050008326292 0.4313946322389811
1.827e-07      0.002847061559024596 0.002862543461322879 0.4514311291536676 0.4485685856923447
1.852e-07      -0.03150594184325983 -0.03149057515415792 0.4342546238896633 0.4657451990438213
1.877e-07      -0.06580083114535673 -0.06578554084716551 0.4171071884573111 0.4828927293044766
1.902e-07      -0.0999743493179789 -0.0999591018264325 0.4000204643095847 0.4999795661360171
1.927e-07      -0.1339634628796402 -0.1339482582170509 0.3830259506255834 0.5169742088426343
1.952e-07      -0.1677054786103954 -0.1676903497183621 0.3661549835257224 0.5338453332440845
1.977e-07      -0.2011381572265728 -0.201123168117328 0.349438644751411 0.5505618128687391
2.002e-07      -0.2341998317366685 -0.2341850364258008 0.3329077657849507 0.5670928022107515
2.027e-07      -0.2668295138817916 -0.266814970653742 0.3165928198118439 0.5834077904655859
2.052e-07      -0.2989670140039006 -0.2989527313354755 0.3005239402847437 0.5994766716202191
2.077e-07      -0.3305530546222484 -0.330538905888893 0.2847307970785283 0.6152697029674212
2.102e-07      -0.3615293884015139 -0.3615155517044963 0.2692425135662186 0.6307580652707149
2.127e-07      -0.3918388574134498 -0.3918253279971621 0.2540876965869579 0.6459130245841199
2.152e-07      -0.4214254970333737 -0.4214122813773826 0.239294165534262 0.6607064469116446
2.177e-07      -0.450234819713043 -0.4502219365215853 0.2248892988580286 0.6751112353796138
2.202e-07      -0.478213682423653 -0.4782011670936779 0.2108996463037826 0.6891008133974605
2.227e-07      -0.5053104546199155 -0.5052983617052793 0.1973510011582346 0.7026493628635139
2.252e-07      -0.5314751701586418 -0.5314635331227517 0.184268377983718 0.7157319111064697
2.277e-07      -0.556659561565833 -0.5566483945634992 0.1716759175392027 0.7283243121027019
2.302e-07      -0.5808171710800445 -0.5808064697881498 0.1595968556892467 0.7404033254773965
2.327e-07      -0.6039034421408974 -0.6038932482176927 0.1480534664646038 0.7519467146822966
2.352e-07      -0.6258757899222173 -0.6258660835005472 0.1370670454882468 0.762933128988794
2.377e-07      -0.6466936828066451 -0.6466844791812124 0.1266578487647315 0.7733423279459439
2.402e-07      -0.6663187206731479 -0.6663100461022443 0.1168450679608872 0.7831551140631314
2.427e-07      -0.6847147036632789 -0.6847065876842401 0.1076467990717166 0.7923533867559567
2.452e-07      -0.7018476990467635 -0.7018401679480141 0.09908000891764981 0.800920176865664
2.477e-07      -0.7176861083525721 -0.717679215196704 0.09116049022647278 0.8088397054231767
2.502e-07      -0.7322007220640798 -0.7321945622009539 0.08390285392503086 0.8160974161259847
2.527e-07      -0.7453647635979402 -0.7453593104678539 0.07732048474866871 0.8226797952165227
2.552e-07      -0.7571539422401928 -0.7571491820083003 0.07142555092481678 0.8285747329331171
2.577e-07      -0.7675465127441448 -0.7675424322225303 0.06622892519044922 0.8337713574129795
2.602e-07      -0.7765233057483997 -0.7765198862618669 0.06174019478833606 0.8382600810502029
2.627e-07      -0.7840677639354673 -0.7840649966230971 0.05796763698771416 0.8420326336108113
2.652e-07      -0.7901659733706065 -0.7901638593126289 0.0549182013062593 0.8450820606188881
2.677e-07      -0.7948066844871763 -0.794805221822855 0.05259751525767221 0.8474027370805272
2.702e-07      -0.7979813373590351 -0.7979805256667728 0.05100985876523336 0.8489903844320063
2.727e-07      -0.7996840765156913 -0.799683920115444 0.05015815606972087 0.8498420761851648
2.752e-07      -0.7999117613066556 -0.7999122637005768 0.05004397862736406 0.8499562423279409
2.777e-07      -0.7986639716775303 -0.7986651346490519 0.05066753744970382 0.8493326720987556
2.802e-07      -0.7959430089886692 -0.7959448320727424 0.05202768238653183 0.8479725144592741
2.827e-07      -0.791753894056218 -0.7917563771831309 0.05412190353831893 0.8458782807214498
2.852e-07      -0.7861043516228289 -0.7861074839621037 0.0569463461328863 0.84305383009499
2.877e-07      -0.7790048017751913 -0.7790085634675007 0.06049579877562841 0.8395043622431291
2.902e-07      -0.770468339158217 -0.7704727128855333 0.0647637110728063 0.8352364239583396
2.927e-07      -0.7605107090309425 -0.7605156758054675 0.06974220893638926 0.8302578847418568
2.952e-07      -0.7491502862092505 -0.7491558271711122 0.07542211318785823 0.8245779403589704
2.977e-07      -0.7364080279709057 -0.736414131035526 0.08179294302853676 0.8182070740640627
3.002e-07      -0.7223074316292952 -0.7223140667943859 0.08884296069020405 0.8111570274845901
3.027e-07      -0.7068745044859437 -0.7068816671777087 0.09655914334910234 0.803440810526811
3.052e-07      -0.6901377132856615 -0.6901453769529772 0.104927257487509 0.7950726344404861
3.077e-07      -0.6721279320696462 -0.6721361542371099 0.1139318643754082 0.7860680186125181
3.102e-07      -0.6528783836567267 -0.652887171431735 0.1235563548553161 0.7764435262870512
3.127e-07      -0.6324245761246645 -0.6324339204100513 0.1337829856920064 0.7662169061020577
3.152e-07      -0.6108042347704649 -0.6108141128340101 0.1445929001114018 0.7554070129454119
3.177e-07      -0.5880572413743765 -0.5880675925765401 0.1559661714144098 0.74403376399095
3.202e-07      -0.5642255555040047 -0.5642363691552699 0.1678818167532624 0.7321181859085323
3.227e-07      -0.5393531348122944 -0.5393643823986037 0.1803178466217663 0.71968222902037
3.252e-07      -0.5134858565169272 -0.5134975109158654 0.1932513253805455 0.7067488362964108
3.277e-07      -0.4866714288103047 -0.4866834754124332 0.2066583292635215 0.6933418046759547
3.302e-07      -0.4589593177433594 -0.4589717533430758 0.2205141597693353 0.6794859131124112
3.327e-07      -0.4304006438034638 -0.4304135025355613 0.2347932562791299 0.6652067588146912
3.352e-07      -0.4010480798307829 -0.4010613387904679 0.2494693163342835 0.6505306551247514
3.377e-07      -0.37095575856188 -0.3709693642749958 0.2645152962331486 0.6354846605081444
3.402e-07      -0.3401791913834313 -0.3401931485503604 0.2799034172558656 0.6200965658062261
3.427e-07      -0.3087751478603482 -0.3087893347420336 0.2956054191259575 0.604394753867991
3.452e-07      -0.2768015235408992 -0.2768161011678114 0.3115922238644581 0.5884083250322696
3.477e-07      -0.2443173252358593 -0.2443319409881862 0.3278343523665679 0.5721662933547542
3.502e-07      -0.2113824762665594 -0.2113971462284341 0.3443017110665151 0.5556988572949492
3.527e-07      -0.1780577272611798 -0.1780725510254559 0.3609638955641219 0.5390364465895778
3.552e-07      -0.1444045485306617 -0.1444196053931888 0.3777902269304478 0.5222098323236366
3.577e-07      -0.1104850140533878 -0.1105003299549052 0.3947497301148676 0.5052500600697728
3.602e-07      -0.07636168840830644 -0.07637719946962265 0.4118112156929726 0.4881884151625952
3.627e-07      -0.0420975114277805 -0.04211307462448789 0.4289432717559024 0.4710563463803902
3.652e-07      -0.00775568315139763 -0.007771177217209549 0.4461142637531698 0.4538854409703793
3.677e-07      0.02660045067641604 0.0265850683565036 0.4632924367213017 0.436707368364798
3.702e-07      0.0609075186280677 0.0608922196271306 0.4804460617306008 0.4195538421034702
3.727e-07      0.0951022411948961 0.09508698879720488 0.4975435009954806 0.4024565121982757
3.752e-07      0.1291215457912131 0.129106334290645 0.5145532360921933 0.3854469018015482
3.777e-07      0.1629026836646311 0.1628875402611304 0.5314439173960922 0.3685563771349618
3.802e-07      0.1963833434128509 0.1963683302160828 0.5481843848591631 0.3518160546430803
3.827e-07      0.2295017694898948 0.2294869435197775 0.564743750090602 0.3352568065708244
3.852e-07      0.2621968698721172 0.2621822865841991 0.5810914467282562 0.3189091601440571
3.877e-07      0.2944083327391516 0.294394023754996 0.5971973168473788 0.3028032930923828
3.902e-07      0.3260767452731763 0.326062548232682 0.6130315210184706 0.2869689727857886
3.927e-07      0.3571437058829861 0.3571298252806247 0.6285651945728743 0.2714353692922496
3.952e-07      0.3875519009446093 0.3875383220876676 0.6437695199171918 0.2562311978295242
3.977e-07      0.4172451684422085 0.4172319115744078 0.6586162706413821 0.2413843590669743
4.002e-07      0.4461688228654275 0.4461558883116228 0.6730782149742093 0.2269223266625864
4.027e-07      0.4742695224934734 0.4742569580228981 0.6871287300329896 0.2128717720100915
4.052e-07      0.5014954041386498 0.5014832488706982 0.7007418122127844 0.1992585633420862
4.077e-07      0.5277962668765747 0.5277845632933457 0.7138924311273329 0.1861078678339872
4.102e-07      0.5531235921463387 0.553112358973705 0.7265562985323555 0.1734439395586505
4.127e-07      0.5774306581648901 0.5774198897165717 0.7387100384241964 0.1612901487076246
4.152e-07      0.6006726314222776 0.6006623689402385 0.7503312762072838 0.1496689072670453
4.177e-07      0.622806641435379 0.6227968646610509 0.7613985197272579 0.138601655066207
4.202e-07      0.6437918579283305 0.6437825810024349 0.771891378461582 0.128108797459147
4.227e-07      0.6635895720259922 0.6635808200022172 0.7817905006449857 0.1182096806427684
4.252e-07      0.6821632653806072 0.6821550678930753 0.7910776266878297 0.1089225587947543
4.277e-07      0.6994786774242158 0.6994710613488249 0.799735623708728 0.1002645623599032
4.302e-07      0.7155038724655618 0.7154968883344852 0.807748541820642 0.0922516534861568
4.327e-07      0.7302092954402962 0.7302030346803845 0.8151016506808643 0.08489861600047981
4.352e-07      0.743567822480095 0.743562269603556 0.8217812741821068 0.0782190045785507
4.377e-07      0.7555548009918398 0.7555499423009141 0.8277751130048551 0.07222517070394094
4.402e-07      0.7661481211078437 0.7661439444627687 0.8330721137267693 0.06692816926400059
4.427e-07      0.7753282430156819 0.7753247295789295 0.83766250303414 0.0623377734552106
4.452e-07      0.7830782343482837 0.7830753744553248 0.8415378228911194 0.05846244843579471
4.477e-07      0.7893838018365467 0.7893815944055091 0.8446909288936106 0.05530933448810142
4.502e-07      0.7942333140029219 0.794231758394104 0.8471160060378354 0.05288424764373145
4.527e-07      0.7976178254751839 0.7976169206191113 0.8488085825881087 0.0511916619689974
4.552e-07      0.7995310937094141 0.7995308434600282 0.849765538656862 0.05023469519683375
4.577e-07      0.7999695897561037 0.7999699978666586 0.8499851102232258 0.05001511235656719
4.602e-07      0.7989325046882593 0.7989335731010028 0.8494668921173957 0.05053331901639295
4.627e-07      0.796421751301383 0.7964234800668946 0.8482118393433423 0.0517883592764478
4.652e-07      0.7924419623862101 0.7924443516697662 0.8462222688039268 0.05377791713416053
4.677e-07      0.7870004771279226 0.7870035181831883 0.8435018479413471 0.05649832975815889
4.702e-07      0.7801073316191798 0.7801110047612478 0.8400555839270927 0.05994457916584476
4.727e-07      0.7717752397956937 0.77177952555647 0.835889833275841 0.06411030771937094
4.752e-07      0.7620195698076094 0.7620244536371873 0.8310122764446283 0.0689878228074409
4.777e-07      0.7508583217718873 0.7508637796846959 0.8254319194296132 0.07456813974491733
4.802e-07      0.7383120897181578 0.738318114432472 0.8191590679814114 0.08084095354893947
4.826999999999999e-07 0.7244040072036421 0.7244105670330713 0.8122052796158036 0.08779471258273232
4.852e-07      0.7091597270113379 0.7091668147088711 0.8045833866524617 0.0954165719435905
4.877e-07      0.6926073674726527 0.6926149513882188 0.7963074228448406 0.1036924714566217
4.902e-07      0.6747774620751742 0.6747856043539516 0.7873927444249633 0.1126071400710116
4.927e-07      0.655702901510275 0.6557116081721915 0.7778557443474901 0.1221441361752985
4.952e-07      0.6354188726682541 0.6354281388094251 0.7677140143248993 0.1322858755154742
4.977e-07      0.6139627867176906 0.6139725907754364 0.7569862502303166 0.1430136594548802
5.002e-07      0.5913742215813084 0.5913845269285681 0.7456922343762064 0.1543077074476382
5.027e-07      0.567694846955736 0.5677055963785743 0.7338527951648524 0.166147198786278
5.051999999999999e-07 0.5429683375642205 0.5429795250357555 0.7214897943154004 0.1785102692796449
5.077e-07      0.5172403030164532 0.5172519015817464 0.7086260303809903 0.191374128799244
5.102e-07      0.4905581936757914 0.4905701834798307 0.6952851633069731 0.2047149798271424
5.127e-07      0.4629712306255021 0.462983606845441 0.6814918432468532 0.2185082364014121
5.152e-07      0.4345303052713068 0.4345431019697657 0.667271564934857 0.2327284629650913
5.177e-07      0.4052878716285888 0.4053010746823411 0.6526505248188156 0.2473494501364746
5.202e-07      0.3752978634932139 0.3753114225232516 0.637655689473133 0.2623442669498814
5.227e-07      0.3446155976154229 0.3446294748020292 0.6223147453893392 0.27768527058731
5.252e-07      0.3132976775963225 0.3133118398144779 0.6066559896634174 0.2933441498489395
5.276999999999999e-07 0.2814018303120397 0.28141640026279 0.5907084615517487 0.3092920612889588
5.302e-07      0.2489869229075406 0.2490015355851563 0.5745010897687611 0.3254995541836048
5.327e-07      0.2161127513468023 0.2161274079461471 0.5580639985905503 0.3419365906444032
5.352e-07      0.1828399544341228 0.1828547499805676 0.5414275655577265 0.358572815577159
5.377e-07      0.1492299065823546 0.1492449280793438 0.5246225131180897 0.3753775850387459
5.401999999999999e-07 0.1153446026705789 0.1153598828799488 0.5076798538765382 0.3923199709965895
5.427e-07      0.08124654408321932 0.08126203302032567 0.4906308411214527 0.409368808101127
5.452e-07      0.04699862424493035 0.04701419438205805 0.4735068988338863 0.4264927044518282
5.477e-07      0.01266401274431931 0.01267951836999981 0.4563396063079498 0.44366008793795
5.501999999999999e-07 -0.02169395801404525 -0.02167855878231281 0.4391606135656524 0.4608391723479652
5.527e-07      -0.05601191300456066 -0.0559966043165729 0.4220016430954763 0.4779982474120492
5.552e-07      -0.09022655257503817 -0.09021129526034498 0.4048943503223607 0.4951056455827057
5.577e-07      -0.1242747675006709 -0.1242595486382837 0.387870285338799 0.5121298339770827
5.601999999999999e-07 -0.1580937555805156 -0.1580785990682456 0.3709608363985827 0.5290394354668283
5.626999999999999e-07 -0.191621135989565 -0.1916061001887123 0.354197160226696 0.5458032604154083
5.652e-07      -0.2247950666139138 -0.2247802109676736 0.3376101660921706 0.5623903770598442
5.677e-07      -0.257554354228463 -0.2575397310673255 0.3212304354431076 0.5787701665104331
5.702e-07      -0.289838567846738 -0.2898242198688379 0.3050881966116322 0.59491241648047
5.726999999999999e-07 -0.3215881592654755 -0.3215739259726416 0.2892132754459334 0.6107872014185751
5.752e-07      -0.3527445770976194 -0.352730653048431 0.2736349484964922 0.6263656015449232
5.777e-07      -0.3832503460070081 -0.3832367206816926 0.2583819881907332 0.6416187088724258
5.802e-07      -0.4130491318817535 -0.4130358359390505 0.2434824066528645 0.6565182425919149
5.826999999999999e-07 -0.4420860284924352 -0.4420730438483286 0.2289637532187493 0.6710367970670779
5.851999999999999e-07 -0.4703075039289054 -0.4702948853726994 0.2148528105029574 0.6851476958756567
5.877e-07      -0.4976614728891743 -0.4976492557284005 0.2011755660411597 0.6988248217695602
5.902e-07      -0.5240974924947336 -0.5240857232238215 0.1879572927217402 0.7120430159455617
5.927e-07      -0.5495667979744034 -0.5495554972186795 0.175222374111306 0.7247778713299855
5.951999999999999e-07 -0.5740224053031625 -0.57401156989168 0.1629943117162726 0.7370058816079527
5.977e-07      -0.5974192057606558 -0.5974088748229881 0.1512956556123238 0.7487045304353119
6.002e-07      -0.6197140446383604 -0.6197041978307568 0.1401479887802714 0.7598521866110283
6.027e-07      -0.6408657946337949 -0.640856444890056 0.1295718651898697 0.7704283100799256
6.051999999999999e-07 -0.6608354395835943 -0.6608266111109108 0.1195867849024307 0.7804133960133416
6.077e-07      -0.6795861439943551 -0.6795778655297929 0.1102111597463062 0.7897890252760991
6.102e-07      -0.6970833207755937 -0.6970756201310161 0.1014622830419222 0.7985379031729383
6.127e-07      -0.7132946981792034 -0.7132876234075171 0.09335628566371322 0.8066439090712304
6.152e-07      -0.7281903766885242 -0.7281840149011518 0.08590812386960706 0.8140921387707589
6.176999999999999e-07 -0.741742886294653 -0.7417372329587845 0.079131522258968 0.8208687552177526
6.202e-07      -0.7539272133819612 -0.7539222557757643 0.07303901374121159 0.8269612695169759
6.227e-07      -0.7647208842952412 -0.7647166109944328 0.06764183612563958 0.8323584471200723
6.252e-07      -0.7741039895210967 -0.7741003847662373 0.06294994765715783 0.8370503324233951
6.276999999999999e-07 -0.7820592222116737 -0.7820562693827214 0.05897200131354657 0.8410282706962681
6.302e-07      -0.788571910344542 -0.7885696092134422 0.05571532781154143 0.8442849370249836
6.327e-07      -0.79363004099261 -0.7936283922268756 0.05318593137348935 0.846814323600365
6.352e-07      -0.7972242836467833 -0.7972232854918153 0.05138848018477123 0.8486117656765866
6.376999999999999e-07 -0.7993480089289809 -0.7993476647074165 0.0503262853498199 0.8496739500572363
6.401999999999999e-07 -0.7999972997210842 -0.7999976133993187 0.05000130538023901 0.8499989187795577
6.427e-07      -0.7991709582791513 -0.7991719320084587 0.05041414034493606 0.8495860723533948
6.452e-07      -0.7968705087528979 -0.796872142842281 0.05156402888807326 0.8484361717303542
6.477e-07      -0.7931001956584023 -0.7931024907597808 0.05344884842794193 0.8465513391877227
6.501999999999999e-07 -0.7878669724305462 -0.7878699216928968 0.05606512874513502 0.8439350504380319
6.527e-07      -0.7811804907638814 -0.7811840747086642 0.05940804520955797 0.8405921199182221
6.552e-07      -0.7730530834128971 -0.7730572803481431 0.063471433307627 0.8365287136557701
6.577e-07      -0.7634997408881554 -0.7635045410396196 0.06824778194924704 0.8317523229888667
6.601999999999999e-07 -0.7525380878784008 -0.7525434620179092 0.0737283014101703 0.8262717634280795
6.627e-07      -0.7401883543694997 -0.7401942998358529 0.07990286322332965 0.8200971630591826
6.652e-07      -0.7264733094129434 -0.7264797919463252 0.08676010303373045 0.8132398949800556
6.677e-07      -0.7114182499922004 -0.7114252628096116 0.09428735013752959 0.8057126129471412
6.702e-07      -0.6950509452656564 -0.695058450362844 0.1024707227680314 0.7975291731308753
6.726999999999999e-07 -0.6774015870672616 -0.677409649613284 0.1112951182475468 0.7887047678608308
6.752e-07      -0.6585027325145153 -0.6585113578498475 0.1207442610431529 0.7792556188930004
6.777e-07      -0.6383892460548984 -0.638398433669518 0.1308007271866771 0.7691991608561951
6.802e-07      -0.6170982233558782 -0.6171079526701866 0.141445976941682 0.7585539296118685
6.826999999999999e-07 -0.5946689377697508 -0.5946791742612542 0.1526603808475014 0.7473395551087555
6.852e-07      -0.5711427650688304 -0.5711534531307462 0.1644232664923092 0.7355767196230554
6.877e-07      -0.5465630980198545 -0.5465742253160225 0.1767129131598008 0.7232871384758234
6.902e-07      -0.520975275852109 -0.520986816677915 0.1895066693915837 0.7104934860694987
6.926999999999999e-07 -0.4944264894054894 -0.4944384244739483 0.2027808626006972 0.6972192870746454
6.951999999999999e-07 -0.4669657131463008 -0.466978032012104 0.216511027870611 0.6834890598827149
6.977e-07      -0.4386436069836091 -0.4386563419558284 0.2306718484027953 0.6693281903586237
7.002e-07      -0.4095124047859266 -0.4095255518321674 0.2452372136833747 0.6547627655155421
7.027e-07      -0.3796258387834242 -0.3796393502813123 0.2601803038235632 0.6398196541048755
7.051999999999999e-07 -0.3490390293138381 -0.3490528644119368 0.2754735695265034 0.6245264339384402
7.077e-07      -0.3178084064566121 -0.3178225388374097 0.2910887836899927 0.6089113225274024
7.102e-07      -0.2859915424841719 -0.2860061037170006 0.3069971954196735 0.5930032991366742
7.127e-07      -0.2536471464183331 -0.2536617553325063 0.3231694410679062 0.5768311964004125
7.151999999999999e-07 -0.2208348899879931 -0.2208495351966188 0.3395755358528111 0.56042507104943
7.176999999999999e-07 -0.1876152978840278 -0.1876300673188234 0.3561851753071177 0.5438152426259412
7.202e-07      -0.1540496462926061 -0.1540646334307045 0.372967751501683 0.5270323849323876
7.227e-07      -0.1201998487126819 -0.1202150918148152 0.389892384996996 0.5101074768118112
7.252e-07      -0.08612834091503929 -0.08614380570808662 0.4069279317285069 0.4930717374365935
7.276999999999999e-07 -0.05189796752754001 -0.05191353755354959 0.4240430293836817 0.4759565669372313
7.302e-07      -0.01757186554345874 -0.01758738252124617 0.4412061501699538 0.4587935326912
7.327e-07      0.01678664857964519 0.01677123063411618 0.458385496467951 0.4416142658338348
7.352e-07      0.05111419858451939 0.05109887933495008 0.4755493779268545 0.4244504985919044
7.376999999999999e-07 0.08534746702611336 0.08533220456280544 0.4926660915701065 0.4073338870073011
7.402e-07      0.1194233103850427 0.1194080849264326 0.5097040928902528 0.3902960079638202
7.427e-07      0.1532788754184826 0.153263707118133 0.5266319780474485 0.3733682709293156
7.452e-07      0.1868517141855621 0.1868366571591246 0.5434185289971356 0.356581871838011
7.477e-07      0.2200799003350923 0.2200650160851834 0.5600327718711653 0.3399677557859818
7.501999999999999e-07 0.2529021417598628 0.2528874790638752 0.5764440373166723 0.3235565582527971
7.527e-07      0.2852578905970294 0.2852435033197103 0.5926220592705739 0.3073785559508635
7.552e-07      0.3170874656149145 0.3170731829920443 0.6085368287000391 0.2914636457079948
7.577e-07      0.3483321676920353 0.3483181996063702 0.6241593690012139 0.2758411693948437
7.601999999999999e-07 0.3789343607816304 0.3789206902466948 0.6394606813006732 0.2605399910539784
7.627e-07      0.4088375454725388 0.4088242128427014 0.6544124420994627 0.2455882292567612
7.652e-07      0.4379865903504881 0.4379735566442193 0.668987058286598 0.2310135016423787
7.677e-07      0.4663277788108898 0.4663151065901115 0.6831578088852063 0.2168427022950948
7.701999999999999e-07 0.4938088052432232 0.4937965267492275 0.6968984637743865 0.203101937025159
7.726999999999999e-07 0.5203789863700626 0.5203671516225227 0.7101837352591536 0.1898165836366309
7.752e-07      0.5459893129661155 0.5459779446995766 0.7229890989722088 0.1770111542726321
7.777e-07      0.5705925408348326 0.5705816387748512 0.7352909191442725 0.1647092803694211
7.802e-07      0.5941432876566047 0.5941328883662778 0.747066538639236 0.1529336502729583
7.826999999999999e-07 0.6165981159797356 0.616588199459015 0.7582941878703758 0.1417059884113608
7.852e-07      0.6379156031025179 0.6379061810206397 0.7689531778932965 0.1310469968726568
7.877e-07      0.6580564270361923 0.6580475222380952 0.7790238511649175 0.1209763289268224
7.902e-07      0.6769834365455659 0.6769750776623145 0.7884876310681186 0.1115125534058041
7.926999999999999e-07 0.6946617192982829 0.6946539345303643 0.797327060389737 0.1026731258593727
7.952e-07      0.7110586686863778 0.7110515037352478 0.80552584883067 0.09447434509542225
7.977e-07      0.7261440418512771 0.7261375790328586 0.8130689184991495 0.08693133946629085
8.002e-07      0.7398900237757609 0.7398842699616454 0.819942272762888 0.08005800280124266
8.027e-07      0.7522712407128269 0.7522661837699833 0.826133233188445 0.07386704941846169
8.051999999999999e-07 0.7632648560633314 0.7632604856706038 0.831630384531175 0.0683698988605712
8.077e-07      0.7728505913330237 0.7728468916747134 0.8364235860923528 0.0635766944176393
8.102e-07      0.7810107659104367 0.7810077198601683 0.8405039962666224 0.05949627640645413
8.127e-07      0.7877303294815388 0.7877279344250667 0.8438641003302076 0.05613616590514089
8.151999999999999e-07 0.7929968881936716 0.792995146160428 0.8464977012009181 0.05350255504049001
8.177e-07      0.7968007267137659 0.7967996354521348 0.8483999411714926 0.05160030571935782
8.202e-07      0.7991348290913002 0.7991343908689457 0.849567313901799 0.05043292303285327
8.227e-07      0.7999948901831748 0.7999951093826475 0.8499976675489119 0.0500025581662644
8.252e-07      0.7993793235435548 0.7993802027516351 0.8496902085266818 0.05031000577504668
8.276999999999999e-07 0.7972892644816804 0.797290804199865 0.8486455033106468 0.05135469911078178
8.302e-07      0.7937285691538617 0.793730770004206 0.8468654796849777 0.05313470968077176
8.327e-07      0.7887038049713372 0.7887066622084512 0.8443534214785785 0.05564675927012742
8.352e-07      0.7822242388778087 0.7822277332537968 0.8411139502511472 0.05888621699735033
8.376999999999999e-07 0.7743018219773722 0.7743059302736734 0.8371530412972279 0.06284711102355438
8.402e-07      0.7649511666727623 0.7649558828901386 0.8324779968602755 0.06752211397013687
8.427e-07      0.7541895213400983 0.7541948111569012 0.827097440944553 0.0729026297876518
8.452e-07      0.7420367513450531 0.742042616813968 0.8210213241810805 0.07897870736711253
8.476999999999999e-07 0.7285152591450199 0.7285216689791995 0.8142608329255759 0.08573916394637646
8.501999999999999e-07 0.7136499884385605 0.7136569265034672 0.8068284470035509 0.09317152050008373
8.527e-07      0.6974683547807187 0.6974757812411209 0.7987378393780855 0.1012620581369647
8.552e-07      0.6800002082935646 0.6800081913031657 0.7900040395561837 0.109995848253018
8.577e-07      0.6612777712855874 0.6612863148939291 0.7806430970594184 0.1193567821654894
8.601999999999999e-07 0.6413355844637005 0.6413446929080532 0.7706722893734719 0.1293275964654186
8.627e-07      0.6202104266562555 0.6202200805247932 0.7601099920586156 0.1398899115338225
8.652e-07      0.5979412651045942 0.5979514316691777 0.7489756811952906 0.1510242495261128
8.677e-07      0.5745691800029107 0.5745798020671508 0.7372898886756647 0.1627100866085139
8.701999999999999e-07 0.5501372808077746 0.5501483470038302 0.725074193753791 0.1749258467499608
8.727e-07      0.5246906344311788 0.5247021127318354 0.7123511345427667 0.1876490218109312
8.752e-07      0.4982761703217417 0.4982880505613542 0.6991441031202853 0.200856052558931
8.777e-07      0.4709426149081195 0.4709548792621779 0.685477489071163 0.2145226098089851
8.802e-07      0.4427403931183231 0.4427530664441129 0.6713765573635871 0.2286234909194742
8.826999999999999e-07 0.4137215202023499 0.413734611190742 0.6568672976165754 0.2431326864258334
8.852e-07      0.3839395214249227 0.3839529846261854 0.6419764729658125 0.2580234883396271
8.877e-07      0.3534493199458891 0.3534631024913461 0.6267315410506957 0.2732684385593496
8.902e-07      0.3223071700738278 0.3223212703446334 0.6111606733931896 0.2888394030485562
8.926999999999999e-07 0.2905704872849924 0.2905850329587851 0.5952927515054108 0.3047077185466258
8.952e-07      0.2582978203351901 0.2583124232414428 0.579156524353267 0.3208441011118243
8.977e-07      0.2255487143242322 0.2255633539251541 0.5627819854337071 0.3372186315085531
9.002e-07      0.1923835778353672 0.1923983231665044 0.5461993879935301 0.3538010648270256
9.027e-07      0.1588635862257987 0.1588785396765126 0.5294393573560614 0.3705608176795488
9.051999999999999e-07 0.125050569375305 0.1250657753161493 0.5125328374933372 0.387467062177188
9.077e-07      0.09100689511147504 0.0910223337355877 0.4955110123508815 0.4044886786152938
9.102e-07      0.05679535688558713 0.05681092472904482 0.4784052578412394 0.4215943331121946
9.127e-07      0.0224790567704478 0.02249458352039845 0.4612471278121086 0.4387525442917102
9.151999999999999e-07 -0.01187870711433111 -0.01186327010314412 0.444068236384173 0.4559315064873172
9.177e-07      -0.04621455976135591 -0.04619922900258373 0.4269003164677116 0.4730995454702954
9.202e-07      -0.08046516824199784 -0.08044990020187587 0.4097750303766262 0.490224930578502
9.227e-07      -0.1145673571054149 -0.1145521256064239 0.3927239785715227 0.5072761041779467
9.251999999999999e-07 -0.1484582244683365 -0.1484430455413866 0.3757785903389076 0.5242216358802942
9.277e-07      -0.1820752575851728 -0.1820601806754919 0.3589700998587373 0.5410302805342292
9.302e-07      -0.2153564481880683 -0.215341536580914 0.3423294868694319 0.5576710234503459
9.327e-07      -0.248240407556587 -0.2482257086364881 0.3258874405424508 0.5741131491789389
9.352e-07      -0.2806664737945459 -0.2806520507512711 0.3096742808410253 0.5903263315922965
9.376999999999999e-07 -0.3125748338011496 -0.3125605023456738 0.2937199852854157 0.6062804876310895
9.402e-07      -0.3439066438123163 -0.3438926312397609 0.2780539488499881 0.621946580089749
9.427e-07      -0.3746041092869741 -0.3745903916986157 0.2627051303004451 0.6372955219990608
9.452e-07      -0.4046105644920389 -0.4045971677371988 0.2477017687569761 0.6522989364941749
9.476999999999999e-07 -0.4338706627978308 -0.4338575812481833 0.2330714949616036 0.6669290762097869
9.502e-07      -0.4623304969984051 -0.4623177715122775 0.2188413724711302 0.6811591439834077
9.527e-07      -0.4899375462573726 -0.489925207102507 0.2050376036738617 0.6949628107763687
9.552e-07      -0.5166408884028698 -0.5166289883713057 0.1916856706507533 0.7083146590220589
9.577e-07      -0.5423912718241758 -0.5423798361479104 0.17881021266007 0.7211900488079804
9.601999999999999e-07 -0.5671411938687374 -0.5671302251535075 0.1664349905861486 0.7335652157396563
9.627000000000001e-07 -0.5908450008282925 -0.5908345333565529 0.1545828293720462 0.7454173627285992
9.652000000000001e-07 -0.6134589727983164 -0.6134489868726101 0.1432755953062173 0.7567245821788274
9.677000000000001e-07 -0.6349413944344507 -0.6349319005551693 0.1325341369085443 0.7674660374637137
9.702e-07      -0.6552526390631368 -0.6552436586104785 0.1223782603137941 0.7776219189242727
9.727e-07      -0.6743552410604898 -0.6743468023546275 0.1128266907703287 0.7871734931249562
9.752e-07      -0.6922139642021649 -0.6922060958267678 0.1038970452014089 0.7961031410281768
9.777e-07      -0.7087958682075846 -0.7087886116702686 0.09560579164654046 0.8043944033168091
9.801999999999999e-07 -0.7240703692458305 -0.7240637510846395 0.08796822220263861 0.8120319732872782
9.827000000000001e-07 -0.7380093047616573 -0.738003450039734 0.0809984119168493 0.8190018619565833
9.852000000000001e-07 -0.7505869454733171 -0.7505817893799254 0.07470924630890524 0.8252910356888307
9.877000000000001e-07 -0.7617800913020981 -0.7617756236662397 0.06911232993246348 0.8308879535987033
9.902000000000001e-07 -0.7715680957303092 -0.771564301047839 0.06421798996614012 0.8357822910139792
9.927e-07      -0.7799329049806644 -0.7799297656640986 0.06003525386677775 0.8399650195308763
9.952e-07      -0.7868590910076561 -0.7868566020671923 0.05657183280930527 0.8434284348764977
9.977e-07      -0.7923338795072541 -0.7923320443199824 0.05383410662010216 0.8461661509400845
1.0002e-06     -0.7963471706914923 -0.7963459862828226 0.05182713095972847 0.8481731172425511
1.0027e-06     -0.7988915622906394 -0.7988910303065156 0.0505546040932288 0.8494456343997444
1.0052e-06     -0.799962361301945 -0.7999624862504963 0.05001887052622814 0.8499813567767245
1.0077e-06     -0.7995575926269629 -0.799558377446753 0.05022091924344634 0.8497792966901994
1.0102e-06     -0.7976780027120967 -0.7976794481007674 0.05116037807691375 0.8488398261776812
1.0127e-06     -0.7943270592067366 -0.7943291657226345 0.05283551272491802 0.8471646784475525
1.0152e-06     -0.7895109432375945 -0.7895137082056027 0.05524323709144392 0.8447569452970467
1.0177e-06     -0.7832385366556169 -0.7832419410668545 0.05837911418783653 0.841621055254691
1.0202e-06     -0.7755214084653169 -0.7755254309087192 0.06223736175582935 0.8377627926645485
1.0227e-06     -0.7663737924127607 -0.7663784240285825 0.0668108463800306 0.833189270408613
1.0252e-06     -0.7558125615106278 -0.755817770358002 0.07209115308820922 0.8279089234462113
1.0277e-06     -0.743857211023785 -0.7438629963400004 0.07806852014113019 0.8219315164811305
1.0302e-06     -0.7305297820053418 -0.7305361151425475 0.08473194319576086 0.8152680583383083
1.0327e-06     -0.7158548583346942 -0.715861719631534 0.09206912716875551 0.8079308468002896
1.0352e-06     -0.6998595049944411 -0.6998668529607055 0.1000665230756588 0.7999333760363643
1.0377e-06     -0.6825732279119265 -0.682581129069469 0.1087093790021715 0.7912905080716405
1.0402e-06     -0.6640279142264198 -0.6640363770045451 0.1179817512602539 0.782018128264799
1.0427e-06     -0.6442577769995856 -0.6442668062571979 0.1278665388477679 0.7721333451049658
1.0452e-06     -0.623299279438878 -0.623308855397534 0.1383455218018279 0.7616543771993619
1.0477e-06     -0.6011910803804591 -0.6012011761414378 0.1493993748827672 0.750600551024205
1.0502e-06     -0.5779739629015241 -0.5779845181683572 0.1610077229880903 0.7389922411564473
1.0527e-06     -0.5536907513502596 -0.5537017558569332 0.1731491369915046 0.7268508928484378
1.0552e-06     -0.5283862383295206 -0.528397657202342 0.1858012459052778 0.7141989031076198
1.0577e-06     -0.5021070915251999 -0.5021189166769905 0.1989406223445349 0.7010595390215254
1.0602e-06     -0.4749017860955363 -0.4749139961385076 0.2125430562875018 0.6874570524260094
1.0627e-06     -0.4468205105738233 -0.4468331229548291 0.2265834671738004 0.6734165901286295
1.0652e-06     -0.4179150594077419 -0.4179280943452197 0.2410359475022954 0.6589640418475151
1.0677e-06     -0.3882387490254103 -0.3882521632136354 0.2558739015655165 0.6441260647791519
1.0702e-06     -0.3578463034694406 -0.3578600436052754 0.2710699633606229 0.6289300069658983
1.0727e-06     -0.3267937990840595 -0.3268078659290545 0.2865960916618956 0.61340395759095
1.0752e-06     -0.2951384923123104 -0.295153026632167 0.3024237058052401 0.5975767324374071
1.0777e-06     -0.2629387695519494 -0.2629533665603836 0.3185236219596311 0.5814769885200147
1.0802e-06     -0.2302540470751868 -0.2302686786870851 0.3348659750449253 0.5651346537320103
1.0827e-06     -0.1971446147619023 -0.1971593380690813 0.3514205737272652 0.5485799117963465
1.0852e-06     -0.1636715451526709 -0.1636864656310331 0.3681568741463643 0.5318433397773974
1.0877e-06     -0.1298965820392654 -0.1299117506979765 0.3850440937817645 0.514955844479741
1.0902e-06     -0.09588202298186664 -0.0958974315541116 0.4020511384780822 0.4979485700321937
1.0927e-06     -0.06169060790915498 -0.06170616973802848 0.4191467098305897 0.4808528795686182
1.0952e-06     -0.0273854016726729 -0.02740093849153723 0.4362993609017668 0.463700299393304
1.0977e-06     0.006970318389250025 0.006954863517236864 0.4534772983224863 0.4465224348052494
1.1002e-06     0.04131318099681708 0.04129783775234663 0.4706488438998343 0.4293510061474877
1.1027e-06     0.07557984003679249 0.07556456551188812 0.4877822551948608 0.4122176896829727
1.1052e-06     0.1097070904841706 0.1096918534012242 0.5048459591835354 0.3951541057823111
1.1077e-06     0.1436319842232021 0.1436167957653388 0.5218084996959566 0.3781917039306178
1.1102e-06     0.1772919460191096 0.1772768504763297 0.5386386049843114 0.3613617545079816
1.1127e-06     0.2106248880368714 0.2106099502079363 0.5553052207261984 0.3446952705182621
1.1152e-06     0.243569327127173 0.2435545955555683 0.5717775898837422 0.3282229943281738
1.1177e-06     0.2760644896651181 0.2760500267046443 0.588025319716868 0.3119752930122238
1.1202e-06     0.3080504337196792 0.3080360545609191 0.6040182631432772 0.295982208582358
1.1227e-06     0.3394681720753914 0.3394541159590936 0.6197273180748668 0.2802732021157732
1.1252e-06     0.3702597546852461 0.3702460052351028 0.6351233076091755 0.2648773023740727
1.1277e-06     0.4003683518538748 0.4003549191930272 0.650177821945646 0.2498229027526187
1.1302e-06     0.4297384008693528 0.4297252731234937 0.6648629283553285 0.2351376552318347
1.1327e-06     0.458315808932979 0.4583030297277603 0.6791517753882108 0.2208487456604505
1.1352e-06     0.4860478417354057 0.4860354424515116 0.6930179360887802 0.2069824936372685
1.1377e-06     0.5128833393452444 0.5128713742584319 0.7064358576359344 0.1935644833775025
1.1402e-06     0.5387728100207634 0.5387613071297361 0.7193807886677381 0.1806194815380019
1.1427e-06     0.5636684943681031 0.5636574591670126 0.7318288363383969 0.1681713771713844
1.1452e-06     0.5875244687974435 0.5875139037612102 0.743757036720182 0.156243132958972
1.1477e-06     0.6102967332848662 0.6102866782467454 0.7551434286335902 0.1448567503868447
1.1502e-06     0.6319432806019122 0.6319337154648131 0.7659669447633879 0.1340332292985748
1.1527e-06     0.6524241812119076 0.6524151257290955 0.7762076521330148 0.1237925264039193
1.1552e-06     0.6717016564851156 0.6716931385633009 0.7858466609181954 0.1141535223548946
1.1577e-06     0.6897401476361924 0.6897321961806802 0.7948661911597399 0.1051339949790597
1.1602e-06     0.7065063819400105 0.7064990365235553 0.8032496151330184 0.09675057860946318
1.1627e-06     0.7219694372935392 0.7219627269530268 0.810981461299348 0.08901873434632127
1.1652e-06     0.7361008000480201 0.7360948441609277 0.8180475581602841 0.08195271399935626
1.1677e-06     0.7488743910713035 0.7488691360082242 0.8244347087115846 0.07556557270336041
1.1702e-06     0.7602666459004693 0.7602620808322664 0.8301311822359706 0.06986910140370411
1.1727e-06     0.7702565509870851 0.7702526611145466 0.8351264712939896 0.06487381017944309
1.1752e-06     0.7788256799948524 0.7788224472714951 0.8394113606982333 0.06058891342673836
1.1777e-06     0.7859582277125776 0.7859556450424181 0.842977957027134 0.05702231198471593
1.1802e-06     0.7916410398874717 0.7916391116276011 0.8458196852733435 0.05418057364574238
1.1827e-06     0.7958636326454369 0.7958623552539483 0.8479313023958145 0.0520689471418662
1.1852e-06     0.7986182176756735 0.798617592128428 0.8493089161012167 0.05069132397278885
1.1877e-06     0.7998997142922197 0.7998997451826517 0.8499499870483855 0.05005024186573381
1.1902e-06     0.7997057587848806 0.7997064492287043 0.8498533333966649 0.05014688416796064
1.1927e-06     0.7980367087749834 0.7980380597599205 0.8490191329212821 0.05098107316136159
1.1952e-06     0.7948956432564389 0.7948976552596341 0.8474489241278531 0.05255126886821895
1.1977e-06     0.7902883568117723 0.7902910291655151 0.8451456066118405 0.05485457744632539
1.2002e-06     0.7842233458755213 0.7842266597895867 0.8421134157298801 0.05788675594029342
1.2027e-06     0.7767117969290794 0.7767157328769795 0.838357944705113 0.06164221182813354
1.2052e-06     0.7677675645109683 0.7677721107154661 0.8338861167398401 0.06611400602437399
1.2077e-06     0.7574071463404581 0.7574122751950844 0.8287061786524998 0.07129390345741549
1.2102e-06     0.7456496648573036 0.7456553691415654 0.8228277056128209 0.07717233647125556
1.2127e-06     0.7325168007722597 0.7325230568921104 0.8162615315098105 0.08373847461770012
1.2152e-06     0.7180327766403009 0.7180395616254628 0.80901977073312 0.09098020910765722
1.2177e-06     0.7022243058531142 0.7022315754192058 0.801115738043842 0.09888416262463626
1.2202e-06     0.6851205490141525 0.6851283707776915 0.7925641297132103 0.1074357589355188
1.2227e-06     0.6667530568890625 0.6667614392926209 0.7833806598653897 0.1166192205727688
1.2252e-06     0.647155713623192 0.6471646629470611 0.773582272791177 0.126417609844116
1.2277e-06     0.6263646653957354 0.6263741646312261 0.7631870305082349 0.1368128658770087
1.2302e-06     0.604418261225713 0.6044282853766384 0.7522141034104598 0.1477858180338214
1.2327e-06     0.581356985539497 0.5813674733592969 0.7406837136060009 0.159316240246704
1.2352e-06     0.5572233758502388 0.5572343180283942 0.7286171688630551 0.1713828508346608
1.2377e-06     0.5320619477595264 0.5320733143403207 0.7160367079594464 0.1839633936191257
1.2402e-06     0.5059191087853859 0.5059308784460435 0.7029655226734121 0.1970346442273685
1.2427e-06     0.4788430776446467 0.4788552332762953 0.6894276755645768 0.2105724422882816
1.2452e-06     0.4508838057258307 0.4508963635579551 0.6754482117938062 0.2245518482358511
1.2477e-06     0.4220928645293491 0.4221058434668952 0.6610529192308302 0.238947075763935
1.2502e-06     0.3925233591063472 0.3925367283761926 0.6462683472853141 0.2537316189091215
1.2527e-06     0.3622298143719862 0.3622435107707686 0.6311217371730296 0.268878226402261
1.2552e-06     0.3312681244014777 0.3312821546724359 0.6156410899424226 0.2843589352699867
1.2577e-06     0.2996953855642045 0.2997099068044925 0.5998551558976695 0.300145249093177
1.2602e-06     0.2675698193270458 0.2675844103352913 0.5837925014366019 0.3162080911013107
1.2627e-06     0.2349507109721757 0.234965336108575 0.567482986706452 0.332517650597877
1.2652e-06     0.2018982294030481 0.2019129328603821 0.5509567242377169 0.3490437913773348
1.2677e-06     0.168473342170656 0.1684882288619663 0.5342442431022123 0.365756014240246
1.2702e-06     0.1347377042538423 0.1347528358328878 0.5173764065108101 0.3826235706779222
1.2727e-06     0.1007535410197252 0.1007689204367337 0.5003843272311963 0.3996154067944626
1.2752e-06     0.06658353625900175 0.06659908389546094 0.4832993422566275 0.4167002583611665
1.2777e-06     0.03229071552985063 0.03230626179505876 0.4661529542907085 0.4338466924956497
1.2802e-06     -0.002061667225374167 -0.002046197663596058 0.4489767628367276 0.4510229605003236
1.2827e-06     -0.03641024683095724 -0.0363948945331209 0.4318024724376349 0.4681973669707558
1.2852e-06     -0.07069166632557689 -0.07067638423887833 0.4146617735173839 0.4853381577562622
1.2877e-06     -0.1048426935049986 -0.104827451205225 0.3975862980924337 0.5024137492976587
1.2902e-06     -0.1388003363841637 -0.1387851394614938 0.3806075208523869 0.5193926603138808
1.2927e-06     -0.1725019595700621 -0.1724868467744645 0.3637567456325291 0.5362435924069937
1.2952e-06     -0.2058853982435973 -0.2058704345865102 0.3470650195167715 0.5529354541032817
1.2977e-06     -0.2388890764304694 -0.2388743127506842 0.3305631320220213 0.5694374447727054
1.3002e-06     -0.27145211178876 -0.2714376087590935 0.3142815015530266 0.58571911031212
1.3027e-06     -0.3035144356891987 -0.3035000017074025 0.2982502396782205 0.6017502413856231
1.3052e-06     -0.3350169195737496 -0.3350028156090235 0.2824988455474295 0.617501661156453
1.3077e-06     -0.3659014595050748 -0.3658876647407521 0.26705646373085 0.6329441284716022
1.3102e-06     -0.3961110618263152 -0.3960975821606715 0.2519515715943569 0.6480491537550284
1.3127e-06     -0.4255899602386547 -0.4255767877346677 0.2372119048159101 0.6627886925505778
1.3152e-06     -0.4542838659416389 -0.4542710344271679 0.2228647464895457 0.6771357809167136
1.3177e-06     -0.4821398380886104 -0.4821273801294185 0.2089365322226431 0.6910639123520617
1.3202e-06     -0.5091064806903365 -0.5090944508186616 0.1954529510725303 0.7045474018911918
1.3227e-06     -0.535134063797261 -0.5351224936471122 0.182438892957434 0.7175613866045462
1.3252e-06     -0.5601745730789364 -0.5601634715654253 0.1699183747788677 0.7300818463442931
1.3277e-06     -0.5841818169117344 -0.5841711836394153 0.1579144956669471 0.7420856793063625
1.3302e-06     -0.6071115165113392 -0.6071013926614716 0.1464493941294654 0.7535507867909369
1.3327e-06     -0.6289213744789213 -0.6289117384413551 0.1355442177856119 0.7644559562269669
1.3352e-06     -0.6495711599659312 -0.6495620301175846 0.1252190737208705 0.7747811038384551
1.3377e-06     -0.6690227827103861 -0.6690141861488659 0.1154929982326418 0.7845071843815077
1.3402e-06     -0.687240362723581 -0.6872323287040755 0.1063839286260938 0.7936162573301692
1.3427e-06     -0.7041902960703288 -0.7041828623093621 0.09790866502608672 0.8020915273354489
1.3452e-06     -0.7198413236024732 -0.7198345215039453 0.0900828370613766 0.8099173585653219
1.3477e-06     -0.7341645814533067 -0.734158524431764 0.08292087276303114 0.8170793971947952
1.3502e-06     -0.7471336418735612 -0.7471282875665627 0.07643599653694257 0.8235642841035052
1.3527e-06     -0.7587245768014828 -0.7587199139739792 0.07064018483947569 0.8293600988134548
1.3552e-06     -0.768916006447022 -0.7689120210784779 0.06554413042912761 0.8344561515076055
1.3577e-06     -0.7776891326023814 -0.7776858062816764 0.06115723431435796 0.8388430405960343
1.3602e-06     -0.7850277736241145 -0.7850250981618456 0.05748758577763007 0.8425126839394758
1.3627e-06     -0.7909183953833225 -0.7909163739473918 0.05454194318894581 0.8454583171363376
1.3652e-06     -0.7953501307441182 -0.7953487603894704 0.05232574523639532 0.8476745056258658
1.3677e-06     -0.7983148055043342 -0.798314086460837 0.05084307759487507 0.8491571640557121
1.3702e-06     -0.7998069514798979 -0.7998068883795014 0.05009667107092113 0.8499035594504226
1.3727e-06     -0.7998238164396805 -0.799824412529928 0.05008790333211889 0.8499123158620469
1.3752e-06     -0.798365369166558 -0.7983666258184849 0.05081679097865514 0.84918341679714
1.3777e-06     -0.7954342998977119 -0.7954362172325831 0.0522819888003932 0.8477182060329762
1.3802e-06     -0.7910360164035765 -0.791038592340114 0.05448079501431589 0.8455193873544299
1.3827e-06     -0.7851786294700103 -0.7851818524216351 0.0574091607517133 0.8425910131733484
1.3852e-06     -0.7778729425462805 -0.7778767913534237 0.06106168363760162 0.8389384749910253
1.3877e-06     -0.7691324304951331 -0.7691368904934711 0.06543161913417972 0.8345685096276508
1.3902e-06     -0.7589732151062184 -0.7589782630107784 0.07051091236829309 0.8294891753790715
1.3927e-06     -0.7474140453539597 -0.7474196680010163 0.07629018981491804 0.8237098578159343
1.3952e-06     -0.7344762406568603 -0.7344824209741213 0.08275879565067873 0.8172412166248001
1.3977e-06     -0.7201836613562931 -0.7201903711056165 0.08990480631428756 0.810095177419904
1.4002e-06     -0.7045626683212424 -0.7045698595623798 0.09771502130772276 0.8022848808701026
1.4027e-06     -0.6876420756956412 -0.6876498182422803 0.1061750360013688 0.793824854243649
1.4052e-06     -0.6694530966872827 -0.6694613988706347 0.1152692413615834 0.7847306402322182
1.4077e-06     -0.6500292852165962 -0.6500381539763139 0.1249808639020264 0.7750190178783404
1.4102e-06     -0.6294064691118892 -0.6294158911164613 0.1352920014430899 0.7647078925595512
1.4127e-06     -0.6076226861345799 -0.6076326378255567 0.1461836397672059 0.7538162775927625
1.4152e-06     -0.5847181205414058 -0.5847285403335997 0.157635701990074 0.7423642423236738
1.4177e-06     -0.5607350212922898 -0.560745900474233 0.1696270548005784 0.7303729552748114
1.4202e-06     -0.5357176259357939 -0.5357289331690437 0.1821355776685214 0.7178645108375651
1.4227e-06     -0.5097120778365497 -0.5097237897512061 0.1951381878536394 0.7048619776048456
1.4252e-06     -0.4827663411585976 -0.4827784421689168 0.2086108420629234 0.6913892842318402
1.4277e-06     -0.4549301255850358 -0.4549426208422805 0.2225287224075784 0.6774713432498589
1.4302e-06     -0.4262547782577795 -0.4262676996137936 0.2368661514287654 0.663133851042559
1.4327e-06     -0.3967931891531099 -0.3968065038915503 0.2515967324739548 0.648403236365505
1.4352e-06     -0.3665996876138609 -0.3666133391926932 0.2666933099584832 0.6333066491511764
1.4377e-06     -0.3357299779509992 -0.3357439723957016 0.2821280153020223 0.6178719876977239
1.4402e-06     -0.3042409924018728 -0.3042552037006932 0.2978725010683897 0.6021277047690829
1.4427e-06     -0.2721907952911523 -0.2722053799742928 0.3138975958922433 0.5861029758665361
1.4452e-06     -0.2396385291475648 -0.2396531490465512 0.3301737469212275 0.5698268959677788
1.4477e-06     -0.2066442427853796 -0.2066589285501161 0.3466708071883476 0.5533297357384638
1.4502e-06     -0.173268796381988 -0.1732836508646588 0.3633583245389789 0.5366419754036377
1.4527e-06     -0.1395737537537788 -0.1395888486648261 0.3802055837902384 0.5197944324550645
1.4552e-06     -0.1056212657987429 -0.1056366142706284 0.3971815734933574 0.5028181877639859
1.4577e-06     -0.07147395779962748 -0.07148948926537309 0.4142550622503773 0.4857445515157504
1.4602e-06     -0.03719481366111704 -0.03721036895982888 0.431394631862359 0.4686050008221879
1.4627e-06     -0.00284706155929082 -0.002862543678114391 0.4485685854373477 0.4514311291154621
1.4652e-06     0.03150594184407773 0.03149057514706308 0.4657451988978198 0.4342546237507567
1.4677e-06     0.06580083114375379 0.06578554095785526 0.4828927291971281 0.4171071882392728
1.4702e-06     0.09997434930979361 0.09995910202679302 0.4999795660175662 0.4000204639907732
1.4727e-06     0.1339634628609423 0.1339482584399728 0.5169742086762741 0.3830259502363013
1.4752e-06     0.1677054785803313 0.1676903499118379 0.5338453330296185 0.3661549831177806
1.4777e-06     0.201138157185249 0.2011231682657184 0.5505618126265103 0.3494386443607919
1.4802e-06     0.2341998316830358 0.2341850365449118 0.5670928019806964 0.3329077654357847
1.4827e-06     0.2668295138245567 0.2668149706575095 0.5834077902185636 0.3165928195610541
1.4852e-06     0.2989670139362715 0.2989527313201527 0.5994766714172617 0.300523940097109
1.4877e-06     0.3305530545465772 0.3305389059502515 0.6152697028123917 0.2847307968621401
1.4902e-06     0.3615293883303613 0.3615155516408049 0.630758065031472 0.2692425133906671
1.4927e-06     0.3918388575594262 0.3918253280436336 0.6459130246358955 0.2540876965922619
1.4952e-06     0.4214254971856665 0.4214122815921415 0.6607064471929391 0.2392941656007976
1.4977e-06     0.4502348197869676 0.4502219365996651 0.6751112355185178 0.2248892989188527
1.5002e-06     0.4782136825074869 0.4782011671619284 0.6891008135746192 0.2108996464126908
1.5027e-06     0.5053104546545621 0.5052983616803671 0.7026493629448575 0.1973510012644903
1.5052e-06     0.5314751701623782 0.5314635330574436 0.7157319111379585 0.1842683780805148
1.5077e-06     0.5566595615537971 0.556648394535999 0.7283243121330913 0.1716759175970923
1.5102e-06     0.5808171710609266 0.5808064697585991 0.7404033254689417 0.1595968557103427
1.5127e-06     0.6039034420934277 0.6038932481719961 0.7519467146568858 0.1480534664848897
1.5152e-06     0.6258757898607435 0.6258660834430528 0.7629331289347769 0.137067045491724
1.5177e-06     0.6466936827359463 0.6466844791090187 0.7733423278665744 0.1266578487575558
1.5202e-06     0.6663187205958082 0.6663100459893803 0.7831551139514081 0.1168450679620278
1.5227e-06     0.6847147035820679 0.6847065875189223 0.7923533866094485 0.1076467990905262
1.5252e-06     0.7018476989635339 0.7018401677263177 0.8009201766861687 0.09908000895985088
1.5277e-06     0.7176861082413279 0.7176792147694614 0.8088397051062308 0.09116049033676941
1.5302e-06     0.7322007218742455 0.7321945613255704 0.8160974155015942 0.08390285417602386
1.5327e-06     0.7453647634168992 0.7453593096055564 0.8226797946307877 0.0773204850252313
1.5352e-06     0.7571539420635234 0.7571491811440981 0.8285747323629827 0.07142555121888453
1.5377e-06     0.7675465125788111 0.7675424314008915 0.8337713568823883 0.0662289254814967
1.5402e-06     0.7765233055938459 0.7765198854953214 0.8382600805654354 0.06174019507011416
1.5427e-06     0.7840677637903857 0.7840649959012341 0.8420326331585717 0.05796763725733759
1.5452e-06     0.7901659732003514 0.7901638584800063 0.8450820601251078 0.05491820164510151
1.5477e-06     0.7948066843234659 0.7948052210223617 0.8474027366084655 0.05259751558610386
1.5502e-06     0.7979813371993987 0.7979805248867043 0.8489903839729012 0.05100985908619678
1.5527e-06     0.7996840763575017 0.7996839193362031 0.8498420757303096 0.05015815639410648
1.5552e-06     0.7999117611472222 0.79991226291547 0.8499562418686327 0.05004397895316271
1.5577e-06     0.7986639715142118 0.7986651338469627 0.8493326716264258 0.05066753777946306
1.5602e-06     0.7959430088519839 0.795944831384947 0.8479725140330583 0.05202768264811133
1.5627e-06     0.7917538939118834 0.7917563764625186 0.8458782802701034 0.05412190380758478
1.5652e-06     0.7861043514689783 0.7861074831952981 0.8430538296039726 0.05694634640867437
1.5677e-06     0.7790048016103209 0.7790085626678801 0.8395043617156722 0.0604957990477922
1.5702e-06     0.7704683389812551 0.7704727119948114 0.8352364233900748 0.06476371139526331
1.5727e-06     0.7605107088484254 0.7605156748903064 0.8302578841550144 0.06974220926470806
1.5752e-06     0.7491502860868171 0.7491558264815383 0.8245779398722618 0.07542211339072349
1.5777e-06     0.736408027845324 0.7364141303867593 0.8182070736059551 0.08179294321919592
1.5802e-06     0.7223074315020901 0.7223140662264065 0.811157027071121 0.08884296084471448
1.5827e-06     0.7068745043583264 0.706881666715609 0.8034408101816138 0.0965591434660048
1.5852e-06     0.6901377131618093 0.6901453767135345 0.795072634287211 0.1049272575736765
1.5877e-06     0.6721279319608605 0.6721361540817745 0.7860680185178042 0.1139318644360296
1.5902e-06     0.6528783835826325 0.6528871713744678 0.7764435262724519 0.1235563548979842
1.5927e-06     0.6324245760615363 0.6324339203591597 0.7662169060980439 0.1337829857388843
1.5952e-06     0.6108042347230477 0.6108141127762015 0.7554070129502036 0.1445929001740022
1.5977e-06     0.5880572413535762 0.588067592523605 0.7440337640307105 0.1559661715071056
1.6002e-06     0.5642255555107787 0.564236369139008 0.7321181859821068 0.1678818168430989
1.6027e-06     0.5393531348425284 0.5393643823927965 0.719682229142097 0.1803178467493005
1.6052e-06     0.5134858565545037 0.5134975108875165 0.7067488363763317 0.1932513254888153
1.6077e-06     0.486671428854454 0.4866834753160023 0.6933418046774372 0.2066583293614349
1.6102e-06     0.4589593178076982 0.4589717532866217 0.679485913145782 0.2205141598591603
1.6127e-06     0.4304006438784944 0.4304135025173953 0.6652067588424559 0.2347932563250607
1.6152e-06     0.4010480799342873 0.4010613389209042 0.6505306551859544 0.2494693162650503
1.6177e-06     0.3709557586863268 0.3709693645043396 0.6354846606186014 0.2645152961142618
1.6202e-06     0.3401791915200374 0.3401931488701375 0.6200965659652806 0.279903417095143
1.6227e-06     0.3087751477798159 0.3087893348577797 0.6043947538323545 0.2956054189745748
1.6252e-06     0.2768015234704184 0.2768161011744862 0.5884083247245024 0.3115922235500163
1.6277e-06     0.2443173251767213 0.244331941063333 0.5721662929179685 0.3278343518546356
1.6302e-06     0.2113824762203722 0.2113971464504061 0.5556988568508787 0.3443017104004727
1.6327e-06     0.1780577272290178 0.1780725513882623 0.5390364462015309 0.3609638948132687
1.6352e-06     0.1444045485129639 0.1444196058602004 0.5222098320443005 0.3777902261841002
1.6377e-06     0.1104850140476858 0.1105003304200684 0.5052500599361316 0.3947497295160632
1.6402e-06     0.07636168840963857 0.07637719995674658 0.4881884151310205 0.4118112151742739
1.6427e-06     0.04209751143075813 0.04211307500979709 0.4710563463722461 0.428943271362449
1.6452e-06     0.0077556831520024 0.007771177454176641 0.4538854409388237 0.4461142634846471
1.6477e-06     -0.02660045067734551 -0.02658506832668692 0.4367073682369251 0.463292436563612
1.6502e-06     -0.06090751862711014 -0.06089221971606803 0.4195538419086778 0.4804460616247458
1.6527e-06     -0.09510224118787967 -0.09508698899218627 0.4024565118875834 0.4975435008797696
1.6552e-06     -0.1291215457754155 -0.1291063344990598 0.3854469014436313 0.5145532359426911
1.6577e-06     -0.1629026836361989 -0.1628875404603538 0.3685563767275769 0.5314439171879306
1.6602e-06     -0.1963833433731482 -0.1963683303715629 0.3518160542470018 0.5481843846185647
1.6627e-06     -0.2295017694374877 -0.2294869436429252 0.3352568062107533 0.5647437498536785
1.6652e-06     -0.2621968698156723 -0.2621822865967605 0.3189091598804854 0.5810914464772459
1.6677e-06     -0.2944083326783248 -0.294394023723712 0.3028032929113718 0.5971973166350838
1.6702e-06     -0.3260767451984674 -0.3260625483106096 0.2869689725608141 0.6130315208714237
1.6727e-06     -0.3571437058123919 -0.3571298252274843 0.2714353691153215 0.6285651943428057
1.6752e-06     -0.3875519010969126 -0.3875383221395051 0.2562311978311074 0.6437695199706125
1.6777e-06     -0.4172451686118737 -0.4172319118274258 0.2413843591290852 0.658616270956511
1.6802e-06     -0.4461688229471601 -0.4461558883978379 0.2269223267273579 0.6730782151251957
1.6827e-06     -0.4742695225384914 -0.4742569580914825 0.2128717720373891 0.6871287301288715
1.6852e-06     -0.5014954041787957 -0.5014832488537267 0.1992585634503719 0.7007418123040987
1.6877e-06     -0.5277962668834796 -0.5277845632340636 0.1861078679300013 0.713892431164065
1.6902e-06     -0.5531235921360108 -0.5531123589161719 0.1734439396224706 0.7265562985386426
1.6927e-06     -0.5774306581464582 -0.5774198896865755 0.161290148732959 0.7387100384195345
1.6952e-06     -0.6006726313771225 -0.6006623688938614 0.1496689072900563 0.7503312761839177
1.6977e-06     -0.6228066413755576 -0.6227968646049452 0.1386016550724687 0.7613985196774139
1.7002e-06     -0.6437918578587507 -0.643782580934521 0.1281087974527836 0.7718913783873047
1.7027e-06     -0.6635895719493877 -0.6635808198961364 0.118209680642107 0.7817905005382435
1.7052e-06     -0.6821632652998234 -0.6821550677356 0.1089225588106304 0.7910776265462304
1.7077e-06     -0.6994786773411806 -0.6994710611352567 0.1002645623985082 0.7997356235337648
1.7102e-06     -0.7155038723543369 -0.7154968879189826 0.09225165359064892 0.8077485415096315
1.7127e-06     -0.7302092952495982 -0.7302030338052414 0.08489861624616259 0.8151016500514041
1.7152e-06     -0.7435678222975983 -0.7435622687371364 0.07821900485348994 0.8217812735906262
1.7177e-06     -0.7555548008135605 -0.7555499414314099 0.07222517099759866 0.8277751124290086
1.7202e-06     -0.7661481209409071 -0.7661439436347083 0.06692816955592557 0.8330721131906338
1.7227e-06     -0.7753282428596574 -0.7753247288056774 0.06233777373857635 0.8376625025442538
1.7252e-06     -0.7830782342019442 -0.7830753737273676 0.05846244870725979 0.8415378224346274
1.7277e-06     -0.7893838016651714 -0.789381593567771 0.05530933482825618 0.8446909283960272
1.7302e-06     -0.7942333138384187 -0.7942317575897598 0.05288424797342178 0.8471160055631817
1.7327e-06     -0.7976178253151259 -0.7976169198369348 0.05119166229076717 0.8488085821277019
1.7352e-06     -0.7995310935511821 -0.7995308426806857 0.0502346955212476 0.8497655382019333
1.7377e-06     -0.7999695895970115 -0.7999699970830839 0.05001511268199374 0.8499851097650776
1.7402e-06     -0.7989325045768929 -0.7989335725537261 0.0505333192417835 0.8494668917955096
1.7427e-06     -0.7964217511858726 -0.7964234795039474 0.0517883595035627 0.8482118390075102
1.7452e-06     -0.7924419622881886 -0.7924443511796765 0.05377791731785466 0.846222268497531
1.7477e-06     -0.7870004770235524 -0.7870035176616307 0.05649832994667945 0.84350184760831
1.7502e-06     -0.7801073315073987 -0.7801110042177019 0.05994457935190148 0.8400555835696033
1.7527e-06     -0.7717752396757122 -0.7717795249527047 0.06411030793807469 0.8358898328907794
1.7552e-06     -0.7620195696838301 -0.7620244530165294 0.06898782303067208 0.8310122760472016
1.7577e-06     -0.7508583216884221 -0.7508637792093747 0.07456813988491796 0.8254319190942927
1.7602e-06     -0.7383120896324485 -0.7383181139820333 0.08084095368229209 0.8191590676643253
1.7627e-06     -0.7244040071167248 -0.7244105666342723 0.08779471269275797 0.8122052793270303
1.7652e-06     -0.7091597269237968 -0.7091668143801212 0.09541657202840499 0.8045833864085261
1.7677e-06     -0.6926073673872405 -0.6926149512170041 0.1036924715172224 0.7963074227342265
1.7702e-06     -0.6747774619995908 -0.6747856042390086 0.1126071401140869 0.7873927443530955
1.7727e-06     -0.6557029014586608 -0.6557116081312518 0.1221441362045692 0.7778557443358211
1.7752e-06     -0.6354188726237869 -0.6354281387742923 0.1322858755463491 0.7677140143206415
1.7777e-06     -0.6139627866834764 -0.6139725907368974 0.1430136594958961 0.7569862502327935
1.7802e-06     -0.5913742215617839 -0.5913845268862923 0.1543077075046201 0.7456922343909125
1.7827e-06     -0.5676948469588945 -0.5677055963681644 0.1661471988437786 0.7338527952119431
1.7852e-06     -0.5429683375819312 -0.5429795250294051 0.1785102693633879 0.721489794392793
1.7877e-06     -0.5172403030398929 -0.517251901567058 0.1913741288669742 0.7086260304340323
1.7902e-06     -0.4905581937042929 -0.4905701834174074 0.2047149798932409 0.6952851633106484
1.7927e-06     -0.4629712306667311 -0.462983606802908 0.2185082364650203 0.6814918432679283
1.7952e-06     -0.4345303053204017 -0.4345431019511166 0.2327284630009631 0.6672715649520797
1.7977e-06     -0.4052878716963594 -0.4053010747618321 0.2473494500946829 0.652650524856515
1.8002e-06     -0.3752978635774522 -0.3753114226725682 0.2623442668729071 0.6376556895454752
1.8027e-06     -0.3446155977077208 -0.3446294749960275 0.2776852704988529 0.6223147454948804
1.8052e-06     -0.3132976776990535 -0.3133118400627474 0.2933441497429182 0.6066559898056657
1.8077e-06     -0.2814018302627686 -0.281416400258275 0.3092920610945503 0.5907084613528253
1.8102e-06     -0.2489869228658391 -0.2490015356237905 0.3254995538507193 0.5745010894745097
1.8127e-06     -0.2161127513138576 -0.2161274080834887 0.3419365902008878 0.5580639982843766
1.8152e-06     -0.1828399544107109 -0.1828547502158748 0.3585728150685923 0.5414275652844671
1.8177e-06     -0.1492299065689893 -0.1492449283896418 0.3753775845264133 0.5246225129160551
1.8202e-06     -0.1153446026655935 -0.1153598832413269 0.3923199705126479 0.5076798537539748
1.8227e-06     -0.08124654408357264 -0.08126203335672251 0.409368807735817 0.4906308410925395
1.8252e-06     -0.04699862424704928 -0.04701419464698575 0.4264927041845547 0.4735068988315405
1.8277e-06     -0.0126640127449616 -0.01267951854722326 0.4436600877423698 0.456339606289593
1.8302e-06     0.0216939580147059 0.0216785587454318 0.4608391722313417 0.43916061348591
1.8327e-06     0.05601191300422285 0.0559966043676509 0.4779982473357697 0.4220016429681188
1.8352e-06     0.09022655257100713 0.09021129538929561 0.4951056455047476 0.4048943501154519
1.8377e-06     0.1242747674907636 0.1242595487817486 0.51212983387911 0.3878702850973614
1.8402e-06     0.158093755562166 0.1580785992083596 0.5290394353288389 0.3709608361204793
1.8427e-06     0.1916211359634629 0.1916061002995386 0.5458032602524611 0.3541971599529225
1.8452e-06     0.2247950665789088 0.2247802110550703 0.562390376893526 0.3376101658384556
1.8477e-06     0.2575543541904216 0.2575397310816064 0.5787701663363574 0.321230435254751
1.8502e-06     0.2898385678054098 0.2898242198509436 0.5949124163302458 0.3050881964793022
1.8527e-06     0.3215881592149952 0.3215739260285877 0.6107872013231205 0.2892132752945328
1.8552e-06     0.352744577049787 0.3527306530159938 0.6263656013932483 0.2736349483772544
1.8577e-06     0.3832503459499284 0.3832367206133848 0.6416187086664372 0.2583819880530524
1.8602e-06     0.4130491320114089 0.413035836143032 0.6565182428342479 0.2434824066912159
1.8627e-06     0.4420860285543873 0.4420730439150202 0.67103679718017 0.2289637532651497
1.8652e-06     0.4703075039596104 0.470294885423192 0.6851476959453215 0.2148528105221296
1.8677e-06     0.4976614729207645 0.4976492557230751 0.6988248218396477 0.2011755661165726
1.8702e-06     0.5240974925037241 0.5240857231876763 0.7120430159756233 0.1879572927879469
1.8727e-06     0.5495667979685885 0.5495554971777192 0.7247778713366057 0.1752223741588865
1.8752e-06     0.5740224052910454 0.5740115698703545 0.7370058816075038 0.1629943117371493
1.8777e-06     0.5974192057313986 0.5974088747912425 0.7487045304211831 0.1512956556299406
1.8802e-06     0.6197140445985946 0.619704197793431 0.7598521865797627 0.1401479887863317
1.8827e-06     0.6408657945869616 0.6408564448463682 0.770428310032427 0.1295718651860588
1.8852e-06     0.6608354395316761 0.6608266110417659 0.7804133959425615 0.1195867849007957
1.8877e-06     0.6795861439393567 0.6795778654272657 0.7897890251825218 0.110211159755256
1.8902e-06     0.6970833207188848 0.6970756199903222 0.798537903056277 0.1014622830659547
1.8927e-06     0.7132946981030925 0.7132876231311116 0.8066439088624476 0.09335628573133609
1.8952e-06     0.7281903765574389 0.7281840143021396 0.8140921383362978 0.0859081240341581
1.8977e-06     0.7417428861687095 0.7417372323632159 0.820868754808757 0.07913152244554116
1.9002e-06     0.7539272132587737 0.7539222551766301 0.826961269118683 0.07303901394205281
1.9027e-06     0.7647208841798074 0.76471661042295 0.8323584467490471 0.0676418363260971
1.9052e-06     0.7741039894131957 0.7741003842259674 0.8370503320782865 0.06294994785231922
1.9077e-06     0.7820592221105699 0.7820562688799086 0.8410282703806357 0.05897200150072703
1.9102e-06     0.7885719102263837 0.7885696086360999 0.8442849366815223 0.05571532804542234
1.9127e-06     0.7936300408793769 0.7936283916732203 0.846814323273418 0.05318593160019771
1.9152e-06     0.7972242835368395 0.7972232849544698 0.8486117653602364 0.05138848040576661
1.9177e-06     0.7993480088205511 0.7993476641734277 0.8496739497455126 0.05032628557208481
1.9202e-06     0.7999972996123461 0.7999976128636511 0.8499989184665869 0.05000130560293576
1.9227e-06     0.7991709582455647 0.7991719318433004 0.8495860722563916 0.05041414041309118
1.9252e-06     0.7968705087181281 0.7968721426728481 0.8484361716293792 0.05156402895653107
1.9277e-06     0.7931001956289599 0.7931024906123747 0.8465513390957375 0.0534488484833629
1.9302e-06     0.7878669723992373 0.7878699215360488 0.8439350503381629 0.05606512880211403
1.9327e-06     0.7811804907303709 0.7811840745450184 0.8405921198111055 0.0594080452660871
1.9352e-06     0.7730530833769323 0.7730572801672281 0.8365287135404289 0.06347143337320077
1.9377e-06     0.7634997408496207 0.763504540845607 0.8317523228646146 0.06824778201900769
1.9402e-06     0.7525380878532479 0.752543461873146 0.8262717633260064 0.07372830145286034
1.9427e-06     0.7401883543436065 0.7401942996990686 0.8200971629621802 0.07990286326311162
1.9452e-06     0.7264733093862147 0.726479791823313 0.813239894890294 0.08676010306698102
1.9477e-06     0.7114182499657242 0.7114252627067351 0.805712612871173 0.09428735016443791
1.9502e-06     0.6950509452396546 0.6950584503084767 0.7975291730957282 0.1024707227872516
1.9527e-06     0.6774015870440796 0.67740964957591 0.7887047678370351 0.1112951182611252
1.9552e-06     0.6585027324986511 0.65851135783757 0.7792556188894343 0.1207442610518643
1.9577e-06     0.6383892460411029 0.6383984336588304 0.7691991608547468 0.1308007271959164
1.9602e-06     0.6170982233450234 0.6171079526588473 0.758553929612426 0.1414459769535786
1.9627e-06     0.5946689377631297 0.5946791742487183 0.7473395551125424 0.1526603808638241
1.9652e-06     0.5711427650694018 0.5711534531269294 0.7355767196356121 0.1644232665086826
1.9677e-06     0.546563098024399 0.5465742253136342 0.7232871384975954 0.1767129131839613
1.9702e-06     0.5209752758585843 0.5209868166748097 0.7104934860848703 0.1895066694100605
1.9727e-06     0.494426489413829 0.4944384244560084 0.6972192870765975 0.2027808626205891
1.9752e-06     0.4669657131577481 0.4669780319895484 0.6834890598794895 0.2165110278899411
1.9777e-06     0.4386436070024657 0.4386563419542234 0.6693281903702918 0.2306718484160684
1.9802e-06     0.4095124048055455 0.409525551853458 0.6547627655257714 0.2452372136723134
1.9827e-06     0.3796258388086489 0.3796393503242203 0.6398196541258478 0.2601803038016276
1.9852e-06     0.3490390293413927 0.3490528644719279 0.6245264339689671 0.2754735694970393
1.9877e-06     0.3178084064872355 0.3178225389173159 0.608911322568666 0.2910887836513501
1.9902e-06     0.2859915424689574 0.286006103712938 0.5930032990801191 0.306997195367181
1.9927e-06     0.253647146405352 0.2536617553481511 0.5768311963207359 0.3231694409725848
1.9952e-06     0.2208348899776406 0.2208495352337482 0.5604250709564017 0.3395755357226535
1.9977e-06     0.187615297876524 0.1876300673860606 0.543815242541132 0.3561851751550714
2.0002e-06     0.1540496462881834 0.1540646335215745 0.5270323848680702 0.3729677513464957
2.0027e-06     0.1201998487108371 0.1202150919225795 0.5101074767711563 0.3898923848485768
2.0052e-06     0.08612834091496203 0.08614380581036633 0.4930717374253228 0.4069279316149566
2.0077e-06     0.05189796752818537 0.05191353763645919 0.4759565669369457 0.4240430293004865
2.0102e-06     0.01757186554372886 0.0175873825794584 0.4587935326866917 0.4412061501072332
2.0127e-06     -0.0167866485798327 -0.01677123061769749 0.4416142658119793 0.4583854964296769
2.0152e-06     -0.0511141985845022 -0.05109887934732642 0.4244504985553156 0.475549377902642
2.0177e-06     -0.08534746702512006 -0.08533220460016382 0.4073338869465203 0.4926660915466842
2.0202e-06     -0.1194233103823108 -0.1194080849699029 0.3902960078919402 0.509704092861843
2.0227e-06     -0.1532788754132632 -0.1532637071615707 0.3733682708455326 0.5266319780071034
2.0252e-06     -0.1868517141779924 -0.1868366571940115 0.3565818717544792 0.5434185289484907
2.0277e-06     -0.2200799003247809 -0.2200650161126666 0.3399677557071159 0.5600327718197825
2.0302e-06     -0.2529021417483165 -0.2528874790701645 0.3235565581924275 0.576444037262592
2.0327e-06     -0.2852578905846198 -0.2852435033151144 0.3073785559085417 0.5926220592236561
2.0352e-06     -0.3170874655998402 -0.31707318300809 0.2914636456645608 0.6085368286726508
2.0377e-06     -0.3483321676776793 -0.3483181995960528 0.2758411693610107 0.6241593689570635
2.0402e-06     -0.3789343607664583 -0.3789206902269144 0.2605399910150462 0.6394606812419605
2.0427e-06     -0.4088375455164084 -0.4088242129152563 0.2455882292666805 0.6544124421819368
2.0452e-06     -0.4379865903712712 -0.4379735566677098 0.2310135016568096 0.6689870583245194
2.0477e-06     -0.4663277788211913 -0.4663151066048227 0.216842702302569 0.6831578089073916
2.0502e-06     -0.4938088052541332 -0.4937965267498108 0.2031019370483115 0.6968984637981223
2.0527e-06     -0.5203789863735454 -0.5203671516119777 0.189816583657522 0.7101837352694997
2.0552e-06     -0.5459893129647773 -0.5459779446867129 0.1770111542881924 0.7229890989749054
2.0577e-06     -0.5705925408313326 -0.5705816387682315 0.1647092803767649 0.7352909191449964
2.0602e-06     -0.5941432876482765 -0.5941328883567264 0.1529336502788632 0.7470665386355896
2.0627e-06     -0.6165981159680817 -0.6165881994480521 0.1417059884137309 0.758294187861783
2.0652e-06     -0.6379156030886057 -0.637906181008232 0.1310469968716778 0.7689531778799098
2.0677e-06     -0.6580564270206526 -0.6580475222185044 0.1209763289260182 0.7790238511445227
2.0702e-06     -0.6769834365290233 -0.6769750776328647 0.111512553407963 0.7884876310408276
2.0727e-06     -0.6946617192811697 -0.6946539344894544 0.102673125865942 0.7973270603553966
2.0752e-06     -0.7110586686633693 -0.7110515036544253 0.09447434511436537 0.8055258487687906
2.0777e-06     -0.7261440418114753 -0.7261375788516539 0.08693133951497126 0.8130689183666252
2.0802e-06     -0.7398900237373444 -0.7398842697805695 0.08005800285730781 0.8199422726378773
2.0827e-06     -0.7522712406751961 -0.7522661835874896 0.0738670494791667 0.8261332330666563
2.0852e-06     -0.7632648560280425 -0.7632604854962531 0.06836989892141904 0.8316303844176721
2.0877e-06     -0.7728505913000364 -0.7728468915097375 0.06357669447705599 0.8364235859867936
2.0902e-06     -0.7810107658795445 -0.7810077197065827 0.05949627646352454 0.8405039961701072
2.0927e-06     -0.7877303294455049 -0.7877279342490696 0.05613616597626338 0.843864100225333
2.0952e-06     -0.7929968881591991 -0.7929951459918765 0.05350255510943758 0.8464977011013141
2.0977e-06     -0.7968007266803774 -0.7967996352888548 0.05160030578659759 0.8483999410754525
2.1002e-06     -0.7991348290584301 -0.7991343907070921 0.05043292310021615 0.8495673138073082
2.1027e-06     -0.7999948901502867 -0.7999951092206039 0.05000255823366646 0.8499976674542704
2.1052e-06     -0.79937932354356 -0.7993802027516567 0.05031000577506411 0.8496902085267208
2.1077e-06     -0.7972892644816848 -0.7972908041998897 0.05135469911079366 0.8486455033106834
2.1102e-06     -0.793728569153865 -0.7937307700042237 0.05313470968078524 0.8468654796850089
2.1127e-06     -0.7887038049713417 -0.7887066622084759 0.05564675927013943 0.8443534214786153
2.1152e-06     -0.782224238877811 -0.7822277332538073 0.05888621699735766 0.841113950251165
2.1177e-06     -0.7743018219773776 -0.7743059302736989 0.06284711102356487 0.8371530412972638
2.1202e-06     -0.7649511666727679 -0.7649558828901662 0.06752211397014372 0.83247799686031
2.1227e-06     -0.754189521340103 -0.7541948111569243 0.07290262978765964 0.8270974409445839
2.1252e-06     -0.7420367513450575 -0.7420426168139836 0.07897870736711951 0.8210213241811032
2.1277e-06     -0.7285152591450238 -0.7285216689792151 0.08573916394638377 0.8142608329255988
2.1302e-06     -0.7136499884385662 -0.7136569265034831 0.0931715205000898 0.8068284470035729
2.1327e-06     -0.697468354780725 -0.697475781241133 0.1012620581369695 0.7987378393781024
2.1352e-06     -0.6800002082935718 -0.6800081913031761 0.1099958482530207 0.7900040395561968
2.1377e-06     -0.6612777712855904 -0.6612863148939325 0.1193567821654897 0.7806430970594221
2.1402e-06     -0.6413355844637054 -0.6413446929080581 0.1293275964654172 0.7706722893734753
2.1427e-06     -0.6202104266562732 -0.6202200805248115 0.1398899115338062 0.7601099920586176
2.1452e-06     -0.5979412651045992 -0.5979514316691834 0.1510242495261045 0.7489756811952879
2.1477e-06     -0.5745691800029123 -0.5745798020671528 0.1627100866085032 0.7372898886756558
2.1502e-06     -0.5501372808077737 -0.5501483470038299 0.1749258467499479 0.7250741937537778
2.1527e-06     -0.5246906344311799 -0.5247021127318366 0.1876490218109146 0.7123511345427513
2.1552e-06     -0.4982761703217413 -0.4982880505613576 0.200856052558914 0.6991441031202715
2.1577e-06     -0.4709426149081204 -0.470954879262181 0.2145226098089671 0.6854774890711482
2.1602e-06     -0.4427403931183214 -0.4427530664441104 0.2286234909194554 0.6713765573635658
2.1627e-06     -0.4137215202023473 -0.4137346111907385 0.2431326864258156 0.656867297616554
2.1652e-06     -0.3839395214249212 -0.3839529846261793 0.25802348833961 0.6419764729657893
2.1677e-06     -0.3534493199458853 -0.3534631024913374 0.2732684385593324 0.6267315410506699
2.1702e-06     -0.3223071700738246 -0.3223212703446238 0.2888394030485369 0.6111606733931607
2.1727e-06     -0.2905704872849966 -0.2905850329587893 0.3047077185466104 0.5952927515053997
2.1752e-06     -0.2582978203351969 -0.2583124232414436 0.3208441011118231 0.5791565243532667
2.1777e-06     -0.2255487143242357 -0.2255633539251473 0.337218631508566 0.5627819854337133
2.1802e-06     -0.1923835778353722 -0.1923983231664969 0.3538010648270427 0.5461993879935396
2.1827e-06     -0.1588635862258026 -0.1588785396765056 0.3705608176795614 0.5294393573560671
2.1852e-06     -0.1250505693753108 -0.1250657753160699 0.387467062177312 0.512532837493382
2.1877e-06     -0.09100689511147918 -0.09102233373556701 0.4044886786153275 0.4955110123508945
2.1902e-06     -0.05679535688559181 -0.05681092472903382 0.4215943331122213 0.4784052578412551
2.1927e-06     -0.02247905677045047 -0.02249458352039362 0.438752544291723 0.4612471278121166
2.1952e-06     0.01187870711433241 0.0118632701031514 0.455931506487338 0.4440682363841867
2.1977e-06     0.04621455976135866 0.04619922900258545 0.4730995454703107 0.4269003164677253
2.2002e-06     0.08046516824199901 0.08044990020187061 0.4902249305785112 0.4097750303766406
2.2027e-06     0.114567357105414 0.114552125606413 0.5072761041779519 0.3927239785715389
2.2052e-06     0.1484582244683381 0.1484430455413804 0.5242216358802968 0.3757785903389165
2.2077e-06     0.1820752575851745 0.1820601806754862 0.5410302805342307 0.3589700998587445
2.2102e-06     0.2153564481880674 0.2153415365809068 0.5576710234503427 0.3423294868694359
2.2127e-06     0.2482404075565878 0.248225708636485 0.5741131491789302 0.3258874405424452
2.2152e-06     0.2806664737945491 0.280652050751272 0.5903263315922903 0.3096742808410182
2.2177e-06     0.3125748338011495 0.3125605023456658 0.606280487631073 0.2937199852854073
2.2202e-06     0.3439066438123197 0.3438926312397614 0.6219465800897365 0.2780539488499751
2.2227e-06     0.374604109286971 0.3745903916986064 0.6372955219990385 0.2627051303004321
2.2252e-06     0.4046105644920289 0.4045971677371862 0.6522989364941389 0.2477017687569529
2.2277e-06     0.4338706627978254 0.4338575812481749 0.6669290762097598 0.233071494961585
2.2302e-06     0.4623304969983971 0.4623177715122627 0.6811591439833318 0.218841372471069
2.2327e-06     0.4899375462573693 0.4899252071025044 0.6949628107763505 0.2050376036738461
2.2352e-06     0.516640888402873 0.5166289883713107 0.7083146590220486 0.1916856706507379
2.2377e-06     0.5423912718241786 0.5423798361479143 0.7211900488079726 0.1788102126600583
2.2402e-06     0.5671411938687378 0.5671302251535081 0.7335652157396569 0.1664349905861489
2.2427e-06     0.5908450008282935 0.5908345333565542 0.7454173627285966 0.1545828293720423
2.2452e-06     0.6134589727983188 0.6134489868726134 0.7567245821788295 0.1432755953062161
2.2477e-06     0.6349413944344533 0.6349319005551722 0.7674660374637188 0.1325341369085465
2.2502e-06     0.6552526390631382 0.6552436586104812 0.77762191892428 0.1223782603137988
2.2527e-06     0.6743552410604918 0.6743468023546321 0.7871734931249662 0.1128266907703341
2.2552e-06     0.6922139642021669 0.6922060958267728 0.796103141028188 0.1038970452014151
2.2577e-06     0.7087958682075917 0.7087886116702887 0.8043944033168327 0.09560579164654381
2.2602e-06     0.7240703692458343 0.7240637510846547 0.8120319732872988 0.08796822220264412
2.2627e-06     0.7380093047616509 0.7380034500397082 0.8190018619565647 0.08099841191685639
2.2652e-06     0.7505869454733187 0.7505817893799417 0.825291035688857 0.07470924630891525
2.2677e-06     0.7617800913020992 0.7617756236662518 0.8308879535987284 0.06911232993247654
2.2702e-06     0.7715680957303126 0.771564301047861 0.8357822910140119 0.06421798996615087
2.2727e-06     0.7799329049806657 0.7799297656641119 0.8399650195309032 0.06003525386679127
2.2752e-06     0.7868590910076777 0.7868566020673053 0.8434284348766355 0.05657183280933017
2.2777e-06     0.7923338795072589 0.7923320443200134 0.8461661509401248 0.0538341066201115
2.2802e-06     0.7963471706914973 0.79634598628285 0.8481731172425898 0.05182713095973975
2.2827e-06     0.7988915622906433 0.7988910303065379 0.8494456343997794 0.05055460409324145
2.2852e-06     0.7999623613019412 0.7999624862504782 0.849981356776713 0.0500188705262349
2.2877e-06     0.7995575926269679 0.7995583774467784 0.8497792966902362 0.05022091924345785
2.2902e-06     0.7976780027121005 0.7976794481007886 0.8488398261777164 0.05116037807692779
2.2927e-06     0.7943270592067411 0.7943291657226577 0.8471646784475875 0.05283551272492983
2.2952e-06     0.7895109432376 0.7895137082056322 0.8447569452970869 0.05524323709145467
2.2977e-06     0.7832385366556205 0.7832419410668691 0.8416210552547193 0.05837911418785026
2.3002e-06     0.7755214084653231 0.7755254309087438 0.8377627926645834 0.06223736175583961
2.3027e-06     0.766373792412766 0.7663784240286047 0.8331892704086444 0.06681084638003973
2.3052e-06     0.7558125615106335 0.7558177703580277 0.8279089234462428 0.07209115308821513
2.3077e-06     0.7438572110237847 0.7438629963399895 0.8219315164811216 0.07806852014113211
2.3102e-06     0.7305297820053454 0.7305361151425642 0.8152680583383324 0.0847319431957682
2.3127e-06     0.7158548583347024 0.7158617196315552 0.8079308468003159 0.0920691271687607
2.3152e-06     0.6998595049944485 0.6998668529607182 0.7999333760363816 0.1000665230756635
2.3177e-06     0.6825732279119526 0.6825811290695084 0.791290508071688 0.1087093790021795
2.3202e-06     0.6640279142264311 0.6640363770045573 0.7820181282648095 0.1179817512602522
2.3227e-06     0.6442577769995912 0.6442668062572039 0.7721333451049703 0.1278665388477664
2.3252e-06     0.6232992794388825 0.6233088553975384 0.7616543771993625 0.1383455218018241
2.3277e-06     0.6011910803804624 0.6012011761414413 0.7506005510242022 0.1493993748827609
2.3302e-06     0.5779739629015241 0.5779845181683567 0.738992241156449 0.1610077229880922
2.3327e-06     0.5536907513502612 0.5537017558569355 0.7268508928484264 0.173149136991491
2.3352e-06     0.5283862383295221 0.5283976572023429 0.7141989031076021 0.1858012459052592
2.3377e-06     0.5021070915252029 0.5021189166769933 0.7010595390215093 0.198940622344516
2.3402e-06     0.4749017860955386 0.4749139961385128 0.6874570524259952 0.2125430562874824
2.3427e-06     0.4468205105738219 0.4468331229548288 0.673416590128611 0.2265834671737822
2.3452e-06     0.4179150594077432 0.4179280943452198 0.6589640418474959 0.2410359475022761
2.3477e-06     0.3882387490254075 0.3882521632136293 0.6441260647791291 0.2558739015654999
2.3502e-06     0.3578463034694387 0.3578600436052684 0.6289300069658715 0.2710699633606032
2.3527e-06     0.326793799084064 0.3268078659290628 0.6134039575909548 0.286596091661892
2.3552e-06     0.2951384923123175 0.2951530266321734 0.5975767324373974 0.3024237058052241
2.3577e-06     0.2629387695519576 0.2629533665603899 0.5814769885200096 0.3185236219596197
2.3602e-06     0.2302540470751982 0.2302686786870917 0.5651346537320135 0.3348659750449219
2.3627e-06     0.1971446147619166 0.1971593380690445 0.548579911796387 0.3514205737273425
2.3652e-06     0.1636715451526775 0.1636864656310277 0.5318433397774048 0.3681568741463772
2.3677e-06     0.1298965820392672 0.1299117506979598 0.5149558444797512 0.3850440937817914
2.3702e-06     0.09588202298186564 0.09589743155409287 0.4979485700322039 0.4020511384781111
2.3727e-06     0.06169060790915541 0.06170616973803555 0.4808528795686181 0.4191467098305826
2.3752e-06     0.02738540167267072 0.02740093849152474 0.463700299393317 0.4362993609017922
2.3777e-06     -0.006970318389251153 -0.006954863517242864 0.446522434805263 0.4534772983225059
2.3802e-06     -0.04131318099681516 -0.04129783775234509 0.4293510061475012 0.4706488438998463
2.3827e-06     -0.07557984003678916 -0.07556456551188009 0.4122176896829881 0.4877822551948681
2.3852e-06     -0.1097070904841683 -0.1096918534012125 0.3951541057823277 0.5048459591835402
2.3877e-06     -0.1436319842232009 -0.1436167957653291 0.3781917039306301 0.5218084996959592
2.3902e-06     -0.1772919460191056 -0.1772768504763165 0.3613617545079942 0.5386386049843107
2.3927e-06     -0.2106248880368693 -0.2106099502079293 0.3446952705182622 0.5553052207261915
2.3952e-06     -0.2435693271271689 -0.2435545955555657 0.3282229943281715 0.5717775898837372
2.3977e-06     -0.2760644896651157 -0.2760500267046405 0.3119752930122186 0.588025319716859
2.4002e-06     -0.3080504337196783 -0.3080360545609112 0.295982208582353 0.6040182631432641
2.4027e-06     -0.3394681720753882 -0.3394541159590881 0.2802732021157666 0.6197273180748547
2.4052e-06     -0.3702597546852444 -0.3702460052350959 0.2648773023740575 0.6351233076091535
2.4077e-06     -0.4003683518538406 -0.4003549191929702 0.2498229027525397 0.65017782194551
2.4102e-06     -0.4297384008693461 -0.4297252731234856 0.235137655231816 0.6648629283553016
2.4127e-06     -0.4583158089329746 -0.4583030297277522 0.220848745660434 0.6791517753881862
2.4152e-06     -0.4860478417354072 -0.4860354424515118 0.2069824936372492 0.6930179360887609
2.4177e-06     -0.5128833393452455 -0.5128713742584319 0.1935644833775045 0.7064358576359363
2.4202e-06     -0.5387728100207654 -0.5387613071297399 0.180619481537991 0.7193807886677309
2.4227e-06     -0.5636684943681037 -0.5636574591670137 0.1681713771713773 0.731828836338391
2.4252e-06     -0.5875244687974447 -0.5875139037612128 0.1562431329589671 0.74375703672018
2.4277e-06     -0.6102967332848676 -0.6102866782467469 0.1448567503868438 0.7551434286335907
2.4302e-06     -0.6319432806019147 -0.6319337154648156 0.1340332292985767 0.7659669447633922
2.4327e-06     -0.6524241812119086 -0.6524151257290975 0.1237925264039239 0.7762076521330215
2.4352e-06     -0.6717016564851203 -0.6716931385633088 0.1141535223548989 0.7858466609182077
2.4377e-06     -0.6897401476361962 -0.6897321961806883 0.105133994979065 0.7948661911597533
2.4402e-06     -0.7065063819400078 -0.7064990365235508 0.09675057860946479 0.8032496151330155
2.4427e-06     -0.721969437293543 -0.721962726953041 0.08901873434632568 0.8109814612993667
2.4452e-06     -0.7361008000480208 -0.7360948441609394 0.08195271399936538 0.8180475581603048
2.4477e-06     -0.7488743910713047 -0.7488691360082385 0.0755655727033709 0.8244347087116093
2.4502e-06     -0.7602666459004903 -0.7602620808323705 0.06986910140372572 0.8301311822360962
2.4527e-06     -0.7702565509870865 -0.7702526611145618 0.06487381017945608 0.835126471294018
2.4552e-06     -0.7788256799948541 -0.7788224472715073 0.06058891342675268 0.8394113606982599
2.4577e-06     -0.7859582277125821 -0.7859556450424385 0.05702231198472821 0.8429779570271667
2.4602e-06     -0.7916410398874785 -0.7916391116276347 0.05418057364575069 0.8458196852733854
2.4627e-06     -0.7958636326454332 -0.795862355253929 0.05206894714187273 0.8479313023958018
2.4652e-06     -0.7986182176756792 -0.7986175921284578 0.05069132397279846 0.8493089161012563
2.4677e-06     -0.7998997142922242 -0.7998997451826776 0.05005024186574553 0.8499499870484232
2.4702e-06     -0.799705758784884 -0.7997064492287226 0.05014688416797475 0.8498533333966973
2.4727e-06     -0.7980367087749869 -0.7980380597599378 0.05098107316137571 0.8490191329213136
2.4752e-06     -0.7948956432564429 -0.7948976552596553 0.05255126886823231 0.8474489241278875
2.4777e-06     -0.7902883568117773 -0.7902910291655402 0.05485457744633693 0.8451456066118771
2.4802e-06     -0.7842233458755271 -0.784226659789611 0.05788675594030512 0.8421134157299162
2.4827e-06     -0.7767117969290855 -0.776715732877005 0.06164221182814349 0.8383579447051485
2.4852e-06     -0.7677675645109652 -0.7677721107154499 0.06611400602437902 0.8338861167398289
2.4877e-06     -0.7574071463404645 -0.7574122751951102 0.07129390345742108 0.8287061786525314
2.4902e-06     -0.7456496648573108 -0.7456553691415931 0.07717233647126055 0.8228277056128537
2.4927e-06     -0.7325168007722669 -0.7325230568921368 0.08373847461770513 0.8162615315098419
2.4952e-06     -0.7180327766403227 -0.7180395616255362 0.090980209107675 0.8090197707332111
2.4977e-06     -0.7022243058531201 -0.7022315754192169 0.0988841626246412 0.801115738043858
2.5002e-06     -0.6851205490141592 -0.6851283707777003 0.1074357589355217 0.792564129713222
2.5027e-06     -0.6667530568890684 -0.6667614392926279 0.1166192205727702 0.7833806598653981
2.5052e-06     -0.6471557136231905 -0.6471646629470601 0.1264176098441169 0.7735822727911769
2.5077e-06     -0.6263646653957404 -0.6263741646312311 0.136812865877005 0.7631870305082361
2.5102e-06     -0.6044182612257157 -0.6044282853766414 0.1477858180338161 0.7522141034104575
2.5127e-06     -0.5813569855395 -0.5813674733593004 0.1593162402466942 0.7406837136059945
2.5152e-06     -0.5572233758502432 -0.5572343180283982 0.1713828508346468 0.728617168863045
2.5177e-06     -0.5320619477595289 -0.5320733143403218 0.1839633936191084 0.7160367079594301
2.5202e-06     -0.5059191087853889 -0.5059308784460506 0.1970346442273506 0.7029655226734012
2.5227e-06     -0.4788430776446512 -0.4788552332763034 0.2105724422882627 0.6894276755645661
2.5252e-06     -0.4508838057258291 -0.4508963635579545 0.2245518482358334 0.6754482117937879
2.5277e-06     -0.422092864529354 -0.4221058434669003 0.2389470757639341 0.6610529192308344
2.5302e-06     -0.3925233591063423 -0.3925367283761852 0.2537316189091048 0.64626834728529
2.5327e-06     -0.3622298143719855 -0.3622435107707624 0.2688782264022402 0.6311217371730027
2.5352e-06     -0.3312681244014773 -0.3312821546724274 0.2843589352699674 0.6156410899423947
2.5377e-06     -0.2996953855642118 -0.2997099068045005 0.3001452490931582 0.5998551558976586
2.5402e-06     -0.267569819327061 -0.2675844103352985 0.3162080911012906 0.5837925014365891
2.5427e-06     -0.2349507109721835 -0.234965336108575 0.3325176505978857 0.5674829867064607
2.5452e-06     -0.201898229403048 -0.2019129328603745 0.3490437913773423 0.5509567242377168
2.5477e-06     -0.1684733421706586 -0.1684882288619517 0.365756014240272 0.5342442431022236
2.5502e-06     -0.1347377042538405 -0.1347528358328916 0.3826235706779149 0.5173764065108064
2.5527e-06     -0.1007535410197259 -0.1007689204367126 0.3996154067944944 0.500384327231207
2.5552e-06     -0.06658353625900718 -0.0665990838954503 0.4167002583611917 0.483299342256642
2.5577e-06     -0.03229071552985689 -0.03230626179505517 0.4338466924956705 0.4661529542907257
2.5602e-06     0.002061667225368982 0.002046197663600767 0.4510229605003437 0.4489767628367429
2.5627e-06     0.03641024683095379 0.03639489453311778 0.4681973669707689 0.4318024724376511
2.5652e-06     0.0706916663255715 0.07067638423886886 0.4853381577562697 0.4146617735174009
2.5677e-06     0.1048426935049983 0.1048274512052159 0.5024137492976646 0.3975862980924486
2.5702e-06     0.1388003363841593 0.1387851394614819 0.5193926603138811 0.3806075208523993
2.5727e-06     0.172501959570059 0.1724868467744537 0.5362435924069929 0.3637567456325392
2.5752e-06     0.205885398243596 0.2058704345865045 0.552935454103274 0.3470650195167695
2.5777e-06     0.2388890764304652 0.2388743127506752 0.5694374447726952 0.33056313202202
2.5802e-06     0.2714521117887533 0.2714376087590832 0.5857191103121049 0.3142815015530216
2.5827e-06     0.3035144356891941 0.3035000017073913 0.6017502413856047 0.2982502396782135
2.5852e-06     0.3350169195737472 0.3350028156090164 0.6175016611564395 0.282498845547423
2.5877e-06     0.3659014595050735 0.3658876647407452 0.632944128471586 0.2670564637308407
2.5902e-06     0.3961110618263083 0.3960975821606639 0.6480491537550002 0.2519515715943363
2.5927e-06     0.4255899602386495 0.425576787734659 0.6627886925505482 0.2372119048158892
2.5952e-06     0.4542838659416395 0.4542710344271689 0.677135780916696 0.2228647464895271
2.5977e-06     0.4821398380886093 0.4821273801294161 0.6910639123520413 0.2089365322226253
2.6002e-06     0.5091064806903347 0.50909445081866 0.7045474018911767 0.1954529510725166
2.6027e-06     0.5351340637972618 0.5351224936471146 0.7175613866045368 0.1824388929574222
2.6052e-06     0.5601745730789379 0.5601634715654275 0.730081846344287 0.1699183747788596
2.6077e-06     0.5841818169117352 0.5841711836394171 0.7420856793063589 0.1579144956669418
