
time (s)       VT("/out") (V)


2.83e-08       0.5477495107632094 
3.08e-08       0.5565557729941292 
3.33e-08       0.5651663974302998 
3.58e-08       0.5724070450097848 
3.83e-08       0.5812133072407045 
4.079999999999999e-08 0.5900195694716243 
4.33e-08       0.5970645792563601 
4.58e-08       0.6041095890410959 
4.83e-08       0.6111545988258317 
5.08e-08       0.6181996086105676 
5.329999999999999e-08 0.6252446183953033 
5.58e-08       0.6305283757338551 
5.83e-08       0.637573385518591 
6.08e-08       0.6428571428571429 
6.33e-08       0.6483539769393677 
6.579999999999999e-08 0.6516634050880626 
6.83e-08       0.6569471624266144 
7.08e-08       0.6604696673189824 
7.33e-08       0.6639921722113503 
7.58e-08       0.6675146771037183 
7.829999999999999e-08 0.6710371819960862 
8.08e-08       0.6727984344422701 
8.33e-08       0.6743535395362806 
8.58e-08       0.676320939334638 
8.83e-08       0.6778949065397866 
9.079999999999999e-08 0.6798434442270059 
9.33e-08       0.6798434442270059 
9.58e-08       0.6798434442270059 
9.83e-08       0.678082191780822 
1.008e-07      0.678082191780822 
1.033e-07      0.6765109732171292 
1.058e-07      0.674559686888454 
1.083e-07      0.6730175319622251 
1.108e-07      0.6692759295499021 
1.133e-07      0.6675146771037183 
1.158e-07      0.6639921722113503 
1.183e-07      0.6604696673189824 
1.208e-07      0.6551859099804306 
1.233e-07      0.6516634050880626 
1.258e-07      0.6461592695360783 
1.283e-07      0.6410958904109589 
1.308e-07      0.6358121330724071 
1.333e-07      0.6287671232876713 
1.358e-07      0.6234833659491195 
1.383e-07      0.6164383561643836 
1.408e-07      0.6093933463796478 
1.433e-07      0.6023483365949119 
1.458e-07      0.5953033268101761 
1.483e-07      0.5882583170254404 
1.508e-07      0.5794520547945206 
1.533e-07      0.5706457925636008 
1.558e-07      0.5636007827788649 
1.583e-07      0.5547945205479452 
1.608e-07      0.5459882583170255 
1.633e-07      0.5354207436399218 
1.658e-07      0.526614481409002 
1.683e-07      0.5178082191780823 
1.708e-07      0.5090019569471624 
1.733e-07      0.4984344422700587 
1.758e-07      0.489628180039139 
1.783e-07      0.4790606653620352 
1.808e-07      0.4702544031311155 
1.833e-07      0.444845389403542 
1.858e-07      0.449119373776908 
1.883e-07      0.4403131115459882 
1.908e-07      0.4297455968688845 
1.933e-07      0.4191780821917809 
1.958e-07      0.4103718199608611 
1.983e-07      0.3998043052837574 
2.008e-07      0.3912267588555872 
2.033e-07      0.3821917808219178 
2.058e-07      0.3716242661448141 
2.083e-07      0.363044549391409 
2.108e-07      0.3540117416829746 
2.133e-07      0.3452054794520548 
2.158e-07      0.336399217221135 
2.183e-07      0.3275929549902153 
2.208e-07      0.3187866927592955 
2.233e-07      0.3117416829745597 
2.258e-07      0.3046966731898239 
2.283e-07      0.2958904109589041 
2.308e-07      0.2888454011741683 
2.333e-07      0.2818003913894325 
2.358e-07      0.2762939280789923 
2.383e-07      0.2694716242661448 
2.408e-07      0.2641878669275929 
2.433e-07      0.2589041095890411 
2.458e-07      0.2536203522504892 
2.483e-07      0.2481276964307843 
2.508e-07      0.2430528375733855 
2.533e-07      0.2395303326810176 
2.558e-07      0.2360078277886497 
2.583e-07      0.2324853228962818 
2.608e-07      0.2289628180039139 
2.633e-07      0.22720156555773 
2.658e-07      0.2256103896105002 
2.683e-07      0.223679060665362 
2.708e-07      0.2221333922219257 
2.733e-07      0.2219178082191781 
2.758e-07      0.2201565557729941 
2.783e-07      0.2201565557729941 
2.808e-07      0.2219178082191781 
2.833e-07      0.2219178082191781 
2.858e-07      0.2234604342341792 
2.883e-07      0.225440313111546 
2.908e-07      0.2270235700596861 
2.933e-07      0.2289628180039139 
2.958e-07      0.2324853228962818 
2.983e-07      0.2360078277886497 
3.008e-07      0.2395303326810176 
3.033e-07      0.2430528375733855 
3.058e-07      0.2483365949119374 
3.083e-07      0.2538251736890876 
3.108e-07      0.2571428571428572 
3.133e-07      0.2641878669275929 
3.158e-07      0.2694716242661448 
3.183e-07      0.2765166340508807 
3.208e-07      0.2819999997012133 
3.233e-07      0.2888454011741683 
3.258e-07      0.2958904109589041 
3.283e-07      0.3029354207436399 
3.308e-07      0.3115294897390925 
3.333e-07      0.3187866927592955 
3.358e-07      0.3275929549902153 
3.383e-07      0.336399217221135 
3.408e-07      0.3452054794520548 
3.433e-07      0.3540117416829746 
3.458e-07      0.3628180039138943 
3.483e-07      0.3714046362373021 
3.508e-07      0.3804305283757339 
3.533e-07      0.3909980430528376 
3.558e-07      0.3995875234688707 
3.583e-07      0.4103718199608611 
3.608e-07      0.4191780821917809 
3.633e-07      0.4297455968688845 
3.658e-07      0.4385518590998043 
3.683e-07      0.4705747779994996 
3.708e-07      0.4596868884540117 
3.733e-07      0.4684931506849315 
3.758e-07      0.4790606653620352 
3.783e-07      0.487866927592955 
3.808e-07      0.4984344422700587 
3.833e-07      0.5072407045009785 
3.858e-07      0.5178082191780823 
3.883e-07      0.526614481409002 
3.908e-07      0.5354207436399218 
3.933e-07      0.5442270058708415 
3.958e-07      0.5530332681017613 
3.983e-07      0.5636007827788649 
4.008e-07      0.5706457925636008 
4.033e-07      0.5794520547945206 
4.058e-07      0.5864970645792563 
4.083e-07      0.5953033268101761 
4.108e-07      0.6023483365949119 
4.133e-07      0.6093933463796478 
4.158e-07      0.6164383561643836 
4.183e-07      0.6234833659491195 
4.208e-07      0.6287671232876713 
4.233e-07      0.6358121330724071 
4.258e-07      0.6410958904109589 
4.283e-07      0.6463796477495107 
4.308e-07      0.6518867282456627 
4.333e-07      0.6551859099804306 
4.358e-07      0.6604696673189824 
4.383e-07      0.6639921722113503 
4.408e-07      0.6675146771037183 
4.433e-07      0.6692759295499021 
4.458e-07      0.6727984344422701 
4.483e-07      0.6743522508690927 
4.508e-07      0.676320939334638 
4.533e-07      0.6778938824079579 
4.558e-07      0.678082191780822 
4.583e-07      0.6798434442270059 
4.608e-07      0.6798434442270059 
4.633e-07      0.6798434442270059 
4.658e-07      0.678082191780822 
4.683e-07      0.6765250108726719 
4.708e-07      0.674559686888454 
4.733e-07      0.6730209969947922 
4.758e-07      0.6710371819960862 
4.783e-07      0.6675146771037183 
4.808e-07      0.6639921722113503 
4.833e-07      0.6604696673189824 
4.858e-07      0.6569471624266144 
4.882999999999999e-07 0.6534246575342466 
4.908e-07      0.6481409001956947 
4.933e-07      0.6426350865995832 
4.958e-07      0.637573385518591 
4.983e-07      0.6322896281800392 
5.008e-07      0.6252446183953033 
5.033e-07      0.6181996086105676 
5.058e-07      0.6111545988258317 
5.083000000000001e-07 0.6041095890410959 
5.108e-07      0.5970645792563601 
5.133e-07      0.5900195694716243 
5.158e-07      0.5812133072407045 
5.183e-07      0.5741682974559688 
5.208000000000001e-07 0.565362035225049 
5.233e-07      0.5565557729941292 
5.258e-07      0.5477495107632094 
5.283e-07      0.5389432485322897 
5.308000000000001e-07 0.53013698630137 
5.333e-07      0.5195694716242661 
5.358e-07      0.5107632093933464 
5.383e-07      0.5018147234190637 
5.408e-07      0.4913894324853229 
5.433000000000001e-07 0.4825831702544031 
5.458e-07      0.4720156555772995 
5.483e-07      0.4632093933463797 
5.508e-07      0.4321839193507591 
5.533000000000001e-07 0.4420743639921722 
5.558e-07      0.4315068493150685 
5.583e-07      0.4227005870841487 
5.608e-07      0.412133072407045 
5.633e-07      0.4033268101761253 
5.658000000000001e-07 0.3927592954990216 
5.683e-07      0.3839530332681018 
5.708e-07      0.375146771037182 
5.733e-07      0.3663405088062623 
5.758000000000001e-07 0.3557729941291585 
5.783e-07      0.3469667318982388 
5.808e-07      0.338160469667319 
5.833e-07      0.3293542074363993 
5.858000000000001e-07 0.3223091976516634 
5.883e-07      0.3135029354207437 
5.908e-07      0.3064579256360078 
5.933e-07      0.299412915851272 
5.958e-07      0.2906066536203523 
5.983000000000001e-07 0.2853228962818004 
6.008e-07      0.2782778864970646 
6.033e-07      0.2712328767123288 
6.058e-07      0.2659491193737769 
6.083000000000001e-07 0.2589041095890411 
6.108e-07      0.2536203522504892 
6.133e-07      0.2500978473581214 
6.158e-07      0.2448140900195695 
6.183e-07      0.2412915851272016 
6.208000000000001e-07 0.2360797910454313 
6.233e-07      0.2342465753424658 
6.258e-07      0.2307240704500979 
6.283e-07      0.22720156555773 
6.308000000000001e-07 0.2256136621184298 
6.333e-07      0.223679060665362 
6.358e-07      0.2221351521882572 
6.383e-07      0.2219178082191781 
6.408000000000001e-07 0.2201565557729941 
6.433e-07      0.2201565557729941 
6.458e-07      0.2201565557729941 
6.483e-07      0.2219178082191781 
6.508e-07      0.2219178082191781 
6.533000000000001e-07 0.225440313111546 
6.558e-07      0.2270045817343608 
6.583e-07      0.2289628180039139 
6.608e-07      0.2305171351013108 
6.633000000000001e-07 0.2342465753424658 
6.658e-07      0.2377690802348336 
6.683e-07      0.2430528375733855 
6.708e-07      0.2465753424657534 
6.733e-07      0.2518590998043053 
6.758000000000001e-07 0.2573574284703056 
6.783e-07      0.262426614481409 
6.808e-07      0.2677103718199609 
6.833e-07      0.2729941291585127 
6.858000000000001e-07 0.2800391389432485 
6.883e-07      0.2870841487279844 
6.908e-07      0.2941291585127202 
6.933e-07      0.301174168297456 
6.958e-07      0.3082191780821918 
6.983000000000001e-07 0.3170254403131115 
7.008e-07      0.3258317025440313 
7.033e-07      0.3328767123287671 
7.058e-07      0.3416829745596869 
7.083000000000001e-07 0.3504892367906066 
7.108e-07      0.3592954990215264 
7.133e-07      0.3698630136986301 
7.158e-07      0.3786692759295499 
7.183000000000001e-07 0.3874755381604696 
7.208e-07      0.3980430528375734 
7.233e-07      0.4068493150684931 
7.258e-07      0.4174168297455969 
7.283e-07      0.4262230919765166 
7.308000000000001e-07 0.4367906066536204 
7.333e-07      0.4662621185215347 
7.358e-07      0.4561643835616438 
7.383e-07      0.4667318982387476 
7.408000000000001e-07 0.4755381604696673 
7.433e-07      0.4861056751467711 
7.458e-07      0.4949119373776908 
7.483e-07      0.5054794520547945 
7.508e-07      0.5142857142857143 
7.533000000000001e-07 0.5248532289628179 
7.558e-07      0.5336594911937378 
7.583e-07      0.5424657534246575 
7.608e-07      0.5512720156555773 
7.633000000000001e-07 0.560078277886497 
7.658e-07      0.5688845401174168 
7.683e-07      0.5776908023483366 
7.708e-07      0.5847358121330725 
7.733000000000001e-07 0.5933190138934182 
7.758000000000001e-07 0.6005870841487281 
7.783e-07      0.6076320939334638 
7.808e-07      0.6146771037181996 
7.833e-07      0.6217221135029354 
7.858000000000001e-07 0.6270058708414874 
7.883e-07      0.6340508806262231 
7.908e-07      0.639334637964775 
7.933e-07      0.6446183953033269 
7.958000000000001e-07 0.6499021526418787 
7.983e-07      0.6551859099804306 
8.008e-07      0.6587084148727985 
8.033e-07      0.6622309197651665 
8.058e-07      0.6657534246575342 
8.083000000000001e-07 0.6692759295499021 
8.108e-07      0.6708073289732562 
8.133e-07      0.674559686888454 
8.158e-07      0.676320939334638 
8.183000000000001e-07 0.677890086167571 
8.208e-07      0.678082191780822 
8.233e-07      0.6798434442270059 
8.258e-07      0.6798434442270059 
8.283e-07      0.6798434442270059 
8.308000000000001e-07 0.678082191780822 
8.333e-07      0.678082191780822 
8.358e-07      0.6765302134546159 
8.383e-07      0.674559686888454 
8.408000000000001e-07 0.6710371819960862 
8.433e-07      0.6694949210056136 
8.458e-07      0.6657534246575342 
8.483e-07      0.6622309197651665 
8.508000000000001e-07 0.6587084148727985 
8.533000000000001e-07 0.6534246575342466 
8.558e-07      0.6499021526418787 
8.583e-07      0.6446183953033269 
8.608e-07      0.639334637964775 
8.633000000000001e-07 0.6340508806262231 
8.658e-07      0.6270058708414874 
8.683e-07      0.6199608610567515 
8.708e-07      0.6144392328086493 
8.733000000000001e-07 0.6076320939334638 
8.758e-07      0.598825831702544 
8.783e-07      0.5917808219178082 
8.808e-07      0.5847358121330725 
8.833e-07      0.5759295499021526 
8.858000000000001e-07 0.5671232876712329 
8.883e-07      0.5583170254403131 
8.908e-07      0.5495107632093934 
8.933e-07      0.5424657534246575 
8.958000000000001e-07 0.5318982387475538 
8.983e-07      0.5230919765166341 
9.008e-07      0.5142857142857143 
9.033e-07      0.5037181996086106 
9.058000000000001e-07 0.4949119373776908 
9.083000000000001e-07 0.4843444227005871 
9.108e-07      0.4757579326659619 
9.133e-07      0.4649706457925636 
9.158e-07      0.4366889239527171 
9.183000000000001e-07 0.4455968688845401 
9.208e-07      0.4350293542074364 
9.233e-07      0.4262230919765166 
9.258e-07      0.4156555772994129 
9.283000000000001e-07 0.4050880626223092 
9.308e-07      0.3962818003913894 
9.333e-07      0.3857142857142857 
9.358e-07      0.3769080234833659 
9.383e-07      0.3681017612524461 
9.408000000000001e-07 0.3595189058977616 
9.433e-07      0.3504892367906066 
9.458e-07      0.3416829745596869 
9.483e-07      0.3328767123287671 
9.508000000000001e-07 0.3240704500978474 
9.533e-07      0.3170254403131115 
9.558e-07      0.3082191780821918 
9.583e-07      0.301174168297456 
9.608e-07      0.2941291585127202 
9.633e-07      0.2870841487279844 
9.657999999999999e-07 0.2800391389432485 
9.682999999999999e-07 0.2729941291585127 
9.707999999999999e-07 0.2677103718199609 
9.733000000000001e-07 0.2606653620352251 
9.758e-07      0.2553816046966732 
9.783e-07      0.2500978473581214 
9.808e-07      0.2465753424657534 
9.833e-07      0.2412915851272016 
9.857999999999999e-07 0.2377690802348336 
9.883000000000001e-07 0.2342465753424658 
9.908000000000001e-07 0.2307240704500979 
9.933000000000001e-07 0.2291544966124855 
9.958000000000001e-07 0.225440313111546 
9.983e-07      0.225440313111546 
1.0008e-06     0.2219178082191781 
1.0033e-06     0.2219178082191781 
1.0058e-06     0.2201565557729941 
1.0083e-06     0.2201565557729941 
1.0108e-06     0.2201565557729941 
1.0133e-06     0.2219178082191781 
1.0158e-06     0.2219178082191781 
1.0183e-06     0.2234639463728829 
1.0208e-06     0.225440313111546 
1.0233e-06     0.2269975880877989 
1.0258e-06     0.2307240704500979 
1.0283e-06     0.2342465753424658 
1.0308e-06     0.2377690802348336 
1.0333e-06     0.2412915851272016 
1.0358e-06     0.2448140900195695 
1.0383e-06     0.2500978473581214 
1.0408e-06     0.2553816046966732 
1.0433e-06     0.2606653620352251 
1.0458e-06     0.2659491193737769 
1.0483e-06     0.2712328767123288 
1.0508e-06     0.2782778864970646 
1.0533e-06     0.2853228962818004 
1.0558e-06     0.2923679060665362 
1.0583e-06     0.299412915851272 
1.0608e-06     0.3064579256360078 
1.0633e-06     0.3150414747815609 
1.0658e-06     0.3223091976516634 
1.0683e-06     0.3311154598825832 
1.0708e-06     0.339921722113503 
1.0733e-06     0.3487279843444228 
1.0758e-06     0.3575342465753425 
1.0783e-06     0.3663405088062623 
1.0808e-06     0.375146771037182 
1.0833e-06     0.3857142857142857 
1.0858e-06     0.3945205479452055 
1.0883e-06     0.4033268101761253 
1.0908e-06     0.413894324853229 
1.0933e-06     0.4244618395303327 
1.0958e-06     0.4332681017612525 
1.0983e-06     0.4633147923663747 
1.1008e-06     0.452641878669276 
1.1033e-06     0.4632093933463797 
1.1058e-06     0.4737769080234834 
1.1083e-06     0.4825831702544031 
1.1108e-06     0.4931506849315068 
1.1133e-06     0.5019569471624267 
1.1158e-06     0.5125244618395304 
1.1183e-06     0.5213307240704501 
1.1208e-06     0.53013698630137 
1.1233e-06     0.5389432485322897 
1.1258e-06     0.5495107632093934 
1.1283e-06     0.5583170254403131 
1.1308e-06     0.565362035225049 
1.1333e-06     0.5741682974559688 
1.1358e-06     0.5829745596868885 
1.1383e-06     0.5900195694716243 
1.1408e-06     0.598825831702544 
1.1433e-06     0.6058708414872799 
1.1458e-06     0.6129158512720156 
1.1483e-06     0.6199608610567515 
1.1508e-06     0.6252446183953033 
1.1533e-06     0.6322896281800392 
1.1558e-06     0.637573385518591 
1.1583e-06     0.6428571428571429 
1.1608e-06     0.6483554565317829 
1.1633e-06     0.6534246575342466 
1.1658e-06     0.6569471624266144 
1.1683e-06     0.6622309197651665 
1.1708e-06     0.6657534246575342 
1.1733e-06     0.6672849418722837 
1.1758e-06     0.6710371819960862 
1.1783e-06     0.6727984344422701 
1.1808e-06     0.6743494809017605 
1.1833e-06     0.678082191780822 
1.1858e-06     0.678082191780822 
1.1883e-06     0.6798434442270059 
1.1908e-06     0.6798434442270059 
1.1933e-06     0.6798434442270059 
1.1958e-06     0.678082191780822 
1.1983e-06     0.678082191780822 
1.2008e-06     0.676509938510183 
1.2033e-06     0.674559686888454 
1.2058e-06     0.6730221641564941 
1.2083e-06     0.6692759295499021 
1.2108e-06     0.6657534246575342 
1.2133e-06     0.6639921722113503 
1.2158e-06     0.6587814050230291 
1.2183e-06     0.6551859099804306 
1.2208e-06     0.6516634050880626 
1.2233e-06     0.6461485922560137 
1.2258e-06     0.6410958904109589 
1.2283e-06     0.6340508806262231 
1.2308e-06     0.6287671232876713 
1.2333e-06     0.6234833659491195 
1.2358e-06     0.6164383561643836 
1.2383e-06     0.6093933463796478 
1.2408e-06     0.6023483365949119 
1.2433e-06     0.5935420743639922 
1.2458e-06     0.5864970645792563 
1.2483e-06     0.5776908023483366 
1.2508e-06     0.5706457925636008 
1.2533e-06     0.5618395303326811 
1.2558e-06     0.5530332681017613 
1.2583e-06     0.5442270058708415 
1.2608e-06     0.5354207436399218 
1.2633e-06     0.5248532289628179 
1.2658e-06     0.5160469667318982 
1.2683e-06     0.5072407045009785 
1.2708e-06     0.4966731898238748 
1.2733e-06     0.487866927592955 
1.2758e-06     0.4772994129158513 
1.2783e-06     0.4684931506849315 
1.2808e-06     0.4402530642863374 
1.2833e-06     0.4473581213307241 
1.2858e-06     0.4385518590998043 
1.2883e-06     0.4279843444227006 
1.2908e-06     0.4174168297455969 
1.2933e-06     0.4086105675146771 
1.2958e-06     0.3998043052837574 
1.2983e-06     0.3892367906066536 
1.3008e-06     0.3804305283757339 
1.3033e-06     0.3698630136986301 
1.3058e-06     0.3610567514677104 
1.3083e-06     0.3522504892367906 
1.3108e-06     0.3434442270058709 
1.3133e-06     0.3346379647749511 
1.3158e-06     0.3275929549902153 
1.3183e-06     0.3187866927592955 
1.3208e-06     0.3099804305283758 
1.3233e-06     0.3029354207436399 
1.3258e-06     0.2958904109589041 
1.3283e-06     0.2888454011741683 
1.3308e-06     0.2818003913894325 
1.3333e-06     0.2747553816046967 
1.3358e-06     0.2694716242661448 
1.3383e-06     0.262426614481409 
1.3408e-06     0.2571428571428572 
1.3433e-06     0.2516470105677022 
1.3458e-06     0.2483365949119374 
1.3483e-06     0.2430528375733855 
1.3508e-06     0.2395303326810176 
1.3533e-06     0.2360078277886497 
1.3558e-06     0.2324853228962818 
1.3583e-06     0.2289628180039139 
1.3608e-06     0.22720156555773 
1.3633e-06     0.2256104744725431 
1.3658e-06     0.223679060665362 
1.3683e-06     0.2221340392665056 
1.3708e-06     0.2201565557729941 
1.3733e-06     0.2201565557729941 
1.3758e-06     0.2201565557729941 
1.3783e-06     0.2219178082191781 
1.3808e-06     0.2219178082191781 
1.3833e-06     0.2234633589103516 
1.3858e-06     0.225440313111546 
1.3883e-06     0.2270232106404214 
1.3908e-06     0.2307240704500979 
1.3933e-06     0.2324853228962818 
1.3958e-06     0.2360078277886497 
1.3983e-06     0.2395303326810176 
1.4008e-06     0.2448140900195695 
1.4033e-06     0.2483365949119374 
1.4058e-06     0.2538171569990902 
1.4083e-06     0.2589041095890411 
1.4108e-06     0.2641878669275929 
1.4133e-06     0.2712328767123288 
1.4158e-06     0.2765166340508807 
1.4183e-06     0.2835616438356164 
1.4208e-06     0.2906066536203523 
1.4233e-06     0.297651663405088 
1.4258e-06     0.3046966731898239 
1.4283e-06     0.3117416829745597 
1.4308e-06     0.3205479452054795 
1.4333e-06     0.3293542074363993 
1.4358e-06     0.336399217221135 
1.4383e-06     0.3452054794520548 
1.4408e-06     0.3540117416829746 
1.4433e-06     0.3645792563600783 
1.4458e-06     0.3733855185909981 
1.4483e-06     0.3821917808219178 
1.4508e-06     0.3909980430528376 
1.4533e-06     0.4015655577299413 
1.4558e-06     0.4103718199608611 
1.4583e-06     0.4209393346379648 
1.4608e-06     0.4297455968688845 
1.4633e-06     0.4556611442594292 
1.4658e-06     0.450880626223092 
1.4683e-06     0.4596868884540117 
1.4708e-06     0.4702544031311155 
1.4733e-06     0.4808219178082192 
1.4758e-06     0.489628180039139 
1.4783e-06     0.5001956947162427 
1.4808e-06     0.5088022741242445 
1.4833e-06     0.5178082191780823 
1.4858e-06     0.5283757338551859 
1.4883e-06     0.5369698945901344 
1.4908e-06     0.5459882583170255 
1.4933e-06     0.5547945205479452 
1.4958e-06     0.5636007827788649 
1.4983e-06     0.5724070450097848 
1.5008e-06     0.5812133072407045 
1.5033e-06     0.5882583170254404 
1.5058e-06     0.5953033268101761 
1.5083e-06     0.6041095890410959 
1.5108e-06     0.6111545988258317 
1.5133e-06     0.6181996086105676 
1.5158e-06     0.6237084984978758 
1.5183e-06     0.6305283757338551 
1.5208e-06     0.6358121330724071 
1.5233e-06     0.6410958904109589 
1.5258e-06     0.6463796477495107 
1.5283e-06     0.6518858676440731 
1.5308e-06     0.6569471624266144 
1.5333e-06     0.6604696673189824 
1.5358e-06     0.6639921722113503 
1.5383e-06     0.6675146771037183 
1.5408e-06     0.6710371819960862 
1.5433e-06     0.6727984344422701 
1.5458e-06     0.6743539498782042 
1.5483e-06     0.676320939334638 
1.5508e-06     0.6778937544602734 
1.5533e-06     0.678082191780822 
1.5558e-06     0.6798434442270059 
1.5583e-06     0.6798434442270059 
1.5608e-06     0.678082191780822 
1.5633e-06     0.678082191780822 
1.5658e-06     0.6765145089890048 
1.5683e-06     0.674559686888454 
1.5708e-06     0.6730179591186313 
1.5733e-06     0.6710371819960862 
1.5758e-06     0.6675146771037183 
1.5783e-06     0.6639921722113503 
1.5808e-06     0.6604696673189824 
1.5833e-06     0.6569471624266144 
1.5858e-06     0.6516634050880626 
1.5883e-06     0.6461503215235189 
1.5908e-06     0.6428571428571429 
1.5933e-06     0.6358121330724071 
1.5958e-06     0.6305283757338551 
1.5983e-06     0.6234833659491195 
1.6008e-06     0.6179760173845089 
1.6033e-06     0.6111545988258317 
1.6058e-06     0.6041095890410959 
1.6083e-06     0.5970645792563601 
1.6108e-06     0.5884867409789633 
1.6133e-06     0.5812133072407045 
1.6158e-06     0.5724070450097848 
1.6183e-06     0.5636007827788649 
1.6208e-06     0.5547945205479452 
1.6233e-06     0.5459882583170255 
1.6258e-06     0.5371819960861057 
1.6283e-06     0.5285983187105325 
1.6308e-06     0.5195694716242661 
1.6333e-06     0.5090019569471624 
1.6358e-06     0.5004145466386469 
1.6383e-06     0.489628180039139 
1.6408e-06     0.4808219178082192 
1.6433e-06     0.4702544031311155 
1.6458e-06     0.4614481409001957 
1.6483e-06     0.4301466668446288 
1.6508e-06     0.4403131115459882 
1.6533e-06     0.4315068493150685 
1.6558e-06     0.4209393346379648 
1.6583e-06     0.412133072407045 
1.6608e-06     0.4015655577299413 
1.6633e-06     0.3927592954990216 
1.6658e-06     0.3821917808219178 
1.6683e-06     0.3733855185909981 
1.6708e-06     0.3645792563600783 
1.6733e-06     0.3557729941291585 
1.6758e-06     0.3469667318982388 
1.6783e-06     0.336399217221135 
1.6808e-06     0.3293542074363993 
1.6833e-06     0.3205479452054795 
1.6858e-06     0.3135029354207437 
1.6883e-06     0.3046966731898239 
1.6908e-06     0.297651663405088 
1.6933e-06     0.2906066536203523 
1.6958e-06     0.2835616438356164 
1.6983e-06     0.2765166340508807 
1.7008e-06     0.2712328767123288 
1.7033e-06     0.2641878669275929 
1.7058e-06     0.2589041095890411 
1.7083e-06     0.2536203522504892 
1.7108e-06     0.248128676008868 
1.7133e-06     0.2448140900195695 
1.7158e-06     0.2395303326810176 
1.7183e-06     0.2360078277886497 
1.7208e-06     0.2324853228962818 
1.7233e-06     0.2307240704500979 
1.7258e-06     0.22720156555773 
1.7283e-06     0.2256112570025769 
1.7308e-06     0.223679060665362 
1.7333e-06     0.2221348622562059 
1.7358e-06     0.2219178082191781 
1.7383e-06     0.2201565557729941 
1.7408e-06     0.2201565557729941 
1.7433e-06     0.2201565557729941 
1.7458e-06     0.2219178082191781 
1.7483e-06     0.2234504060394886 
1.7508e-06     0.225440313111546 
1.7533e-06     0.2270193778614784 
1.7558e-06     0.2289628180039139 
1.7583e-06     0.2324853228962818 
1.7608e-06     0.2360078277886497 
1.7633e-06     0.2395303326810176 
1.7658e-06     0.2430528375733855 
1.7683e-06     0.2465753424657534 
1.7708e-06     0.2518590998043053 
1.7733e-06     0.2573536259805925 
1.7758e-06     0.262426614481409 
1.7783e-06     0.2677103718199609 
1.7808e-06     0.2747553816046967 
1.7833e-06     0.2818003913894325 
1.7858e-06     0.2888454011741683 
1.7883e-06     0.2958904109589041 
1.7908e-06     0.3029354207436399 
1.7933e-06     0.3099804305283758 
1.7958e-06     0.3187866927592955 
1.7983e-06     0.3258317025440313 
1.8008e-06     0.3346379647749511 
1.8033e-06     0.3432367428720423 
1.8058e-06     0.3522504892367906 
1.8083e-06     0.3610567514677104 
1.8108e-06     0.3698630136986301 
1.8133e-06     0.3804305283757339 
1.8158e-06     0.3892367906066536 
1.8183e-06     0.3982670786262002 
1.8208e-06     0.4086105675146771 
1.8233e-06     0.4174168297455969 
1.8258e-06     0.4279843444227006 
1.8283e-06     0.4367906066536204 
1.8308e-06     0.4684642503118391 
1.8333e-06     0.4579256360078278 
1.8358e-06     0.4684931506849315 
1.8383e-06     0.4772994129158513 
1.8408e-06     0.487866927592955 
1.8433e-06     0.4966731898238748 
1.8458e-06     0.5072407045009785 
1.8483e-06     0.5160469667318982 
1.8508e-06     0.5248532289628179 
1.8533e-06     0.5336594911937378 
1.8558e-06     0.5442270058708415 
1.8583e-06     0.5530332681017613 
1.8608e-06     0.5618395303326811 
1.8633e-06     0.5706457925636008 
1.8658e-06     0.5776908023483366 
1.8683e-06     0.5864970645792563 
1.8708e-06     0.5935420743639922 
1.8733e-06     0.6005870841487281 
1.8758e-06     0.6093933463796478 
1.8783e-06     0.6146771037181996 
1.8808e-06     0.6217221135029354 
1.8833e-06     0.6287671232876713 
1.8858e-06     0.6340508806262231 
1.8883e-06     0.6410958904109589 
1.8908e-06     0.6463796477495107 
1.8933e-06     0.6499021526418787 
1.8958e-06     0.6551859099804306 
1.8983e-06     0.6587084148727985 
1.9008e-06     0.6639921722113503 
1.9033e-06     0.6657534246575342 
1.9058e-06     0.6692759295499021 
1.9083e-06     0.6727984344422701 
1.9108e-06     0.6743487846000302 
1.9133e-06     0.676320939334638 
1.9158e-06     0.677893370927617 
1.9183e-06     0.678082191780822 
1.9208e-06     0.6798434442270059 
1.9233e-06     0.6798434442270059 
1.9258e-06     0.6798434442270059 
1.9283e-06     0.678082191780822 
1.9308e-06     0.678082191780822 
1.9333e-06     0.674559686888454 
1.9358e-06     0.6730329654101198 
1.9383e-06     0.6710371819960862 
1.9408e-06     0.669510233096047 
1.9433e-06     0.6657534246575342 
1.9458e-06     0.6622309197651665 
1.9483e-06     0.6569471624266144 
1.9508e-06     0.6534246575342466 
1.9533e-06     0.6481409001956947 
1.9558e-06     0.6426324028049779 
1.9583e-06     0.637573385518591 
1.9608e-06     0.6322896281800392 
1.9633e-06     0.6270058708414874 
1.9658e-06     0.6199608610567515 
1.9683e-06     0.6129158512720156 
1.9708e-06     0.6058708414872799 
1.9733e-06     0.598825831702544 
1.9758e-06     0.5917808219178082 
1.9783e-06     0.5829745596868885 
1.9808e-06     0.5741682974559688 
1.9833e-06     0.5671232876712329 
1.9858e-06     0.5583170254403131 
1.9883e-06     0.5495107632093934 
1.9908e-06     0.5407045009784736 
1.9933e-06     0.53013698630137 
1.9958e-06     0.5213307240704501 
1.9983e-06     0.5125244618395304 
2.0008e-06     0.5019569471624267 
2.0033e-06     0.4931506849315068 
2.0058e-06     0.4825831702544031 
2.0083e-06     0.4737769080234834 
2.0108e-06     0.4632093933463797 
2.0133e-06     0.4344368628394235 
2.0158e-06     0.4438356164383562 
2.0183e-06     0.4332681017612525 
2.0208e-06     0.4244618395303327 
2.0233e-06     0.413894324853229 
2.0258e-06     0.4050880626223092 
2.0283e-06     0.3945205479452055 
2.0308e-06     0.3857142857142857 
2.0333e-06     0.375146771037182 
2.0358e-06     0.3663405088062623 
2.0383e-06     0.3575342465753425 
2.0408e-06     0.3487279843444228 
2.0433e-06     0.339921722113503 
2.0458e-06     0.3311154598825832 
2.0483e-06     0.3223091976516634 
2.0508e-06     0.3152641878669276 
2.0533e-06     0.3066961694028459 
2.0558e-06     0.299412915851272 
2.0583e-06     0.2923679060665362 
2.0608e-06     0.2853228962818004 
2.0633e-06     0.2782778864970646 
2.0658e-06     0.2729941291585127 
2.0683e-06     0.2659491193737769 
2.0708e-06     0.2606653620352251 
2.0733e-06     0.2553816046966732 
2.0758e-06     0.2500978473581214 
2.0783e-06     0.2448140900195695 
2.0808e-06     0.2412915851272016 
2.0833e-06     0.2377690802348336 
2.0858e-06     0.2342465753424658 
2.0883e-06     0.2307240704500979 
2.0908e-06     0.22916925842352 
2.0933e-06     0.225440313111546 
2.0958e-06     0.223679060665362 
2.0983e-06     0.2221379717764079 
2.1008e-06     0.2219178082191781 
2.1033e-06     0.2201565557729941 
2.1058e-06     0.2201565557729941 
2.1083e-06     0.2201565557729941 
2.1108e-06     0.2219178082191781 
2.1133e-06     0.2219178082191781 
2.1158e-06     0.2234397958552849 
2.1183e-06     0.225440313111546 
2.1208e-06     0.2289628180039139 
2.1233e-06     0.230532793832725 
2.1258e-06     0.2342465753424658 
2.1283e-06     0.2377690802348336 
2.1308e-06     0.2412915851272016 
2.1333e-06     0.2465753424657534 
2.1358e-06     0.2500978473581214 
2.1383e-06     0.2553816046966732 
2.1408e-06     0.2606653620352251 
2.1433e-06     0.2659491193737769 
2.1458e-06     0.2729941291585127 
2.1483e-06     0.2800391389432485 
2.1508e-06     0.2855483590850594 
2.1533e-06     0.2923679060665362 
2.1558e-06     0.301174168297456 
2.1583e-06     0.3082191780821918 
2.1608e-06     0.3152641878669276 
2.1633e-06     0.3240704500978474 
2.1658e-06     0.3328767123287671 
2.1683e-06     0.3416829745596869 
2.1708e-06     0.3504892367906066 
2.1733e-06     0.3592954990215264 
2.1758e-06     0.3678873773046117 
2.1783e-06     0.3769080234833659 
2.1808e-06     0.3857142857142857 
2.1833e-06     0.3962818003913894 
2.1858e-06     0.4050880626223092 
2.1883e-06     0.4156555772994129 
2.1908e-06     0.4242440238488576 
2.1933e-06     0.4350293542074364 
2.1958e-06     0.4639936224210884 
2.1983e-06     0.4544031311154599 
2.2008e-06     0.4649706457925636 
2.2033e-06     0.4737769080234834 
2.2058e-06     0.4843444227005871 
2.2083e-06     0.4949119373776908 
2.2108e-06     0.5037181996086106 
2.2133e-06     0.5142857142857143 
2.2158e-06     0.5230919765166341 
2.2183e-06     0.5318982387475538 
2.2208e-06     0.5404836673856704 
2.2233e-06     0.5495107632093934 
2.2258e-06     0.5583170254403131 
2.2283e-06     0.5671232876712329 
2.2308e-06     0.5759295499021526 
2.2333e-06     0.5829745596868885 
2.2358e-06     0.5917808219178082 
2.2383e-06     0.598825831702544 
2.2408e-06     0.6058708414872799 
2.2433e-06     0.6129158512720156 
2.2458e-06     0.6199608610567515 
2.2483e-06     0.6270058708414874 
2.2508e-06     0.6322896281800392 
2.2533e-06     0.639334637964775 
2.2558e-06     0.6446183953033269 
2.2583e-06     0.6499021526418787 
2.2608e-06     0.6534246575342466 
2.2633e-06     0.6587084148727985 
2.2658e-06     0.6622309197651665 
2.2683e-06     0.6657534246575342 
2.2708e-06     0.6692759295499021 
2.2733e-06     0.6708214748300118 
2.2758e-06     0.674559686888454 
2.2783e-06     0.674559686888454 
2.2808e-06     0.678082191780822 
2.2833e-06     0.678082191780822 
2.2858e-06     0.6798434442270059 
2.2883e-06     0.6798434442270059 
2.2908e-06     0.6798434442270059 
2.2933e-06     0.678082191780822 
2.2958e-06     0.678082191780822 
2.2983e-06     0.6765113753741083 
2.3008e-06     0.674559686888454 
2.3033e-06     0.6730374252978151 
2.3058e-06     0.6692759295499021 
2.3083e-06     0.6657534246575342 
2.3108e-06     0.6622309197651665 
2.3133e-06     0.6587084148727985 
2.3158e-06     0.6551859099804306 
2.3183e-06     0.6499021526418787 
2.3208e-06     0.6446183953033269 
2.3233e-06     0.639334637964775 
2.3258e-06     0.6340508806262231 
2.3283e-06     0.6287671232876713 
2.3308e-06     0.6217221135029354 
2.3333e-06     0.6146771037181996 
2.3358e-06     0.6076320939334638 
2.3383e-06     0.6005870841487281 
2.3408e-06     0.5935420743639922 
2.3433e-06     0.584961272601274 
2.3458e-06     0.5776908023483366 
2.3483e-06     0.5688845401174168 
2.3508e-06     0.560078277886497 
2.3533e-06     0.5512720156555773 
2.3558e-06     0.5424657534246575 
2.3583e-06     0.5336594911937378 
2.3608e-06     0.5248532289628179 
2.3633e-06     0.5142857142857143 
2.3658e-06     0.5054794520547945 
2.3683e-06     0.4966731898238748 
2.3708e-06     0.4861056751467711 
2.3733e-06     0.4755381604696673 
2.3758e-06     0.4667318982387476 
2.3783e-06     0.4374233325096776 
2.3808e-06     0.4473581213307241 
2.3833e-06     0.4367906066536204 
2.3858e-06     0.4262230919765166 
2.3883e-06     0.4174168297455969 
2.3908e-06     0.4068493150684931 
2.3933e-06     0.3980430528375734 
2.3958e-06     0.3874755381604696 
2.3983e-06     0.3786692759295499 
2.4008e-06     0.3698630136986301 
2.4033e-06     0.3610567514677104 
2.4058e-06     0.3504892367906066 
2.4083e-06     0.3416829745596869 
2.4108e-06     0.3346379647749511 
2.4133e-06     0.3258317025440313 
2.4158e-06     0.3170254403131115 
2.4183e-06     0.3099804305283758 
2.4208e-06     0.301174168297456 
2.4233e-06     0.2941291585127202 
2.4258e-06     0.2870841487279844 
2.4283e-06     0.2800391389432485 
2.4308e-06     0.2747553816046967 
2.4333e-06     0.2677103718199609 
2.4358e-06     0.262426614481409 
2.4383e-06     0.2571428571428572 
2.4408e-06     0.2516469906289817 
2.4433e-06     0.2465753424657534 
2.4458e-06     0.2430528375733855 
2.4483e-06     0.2377690802348336 
2.4508e-06     0.2342465753424658 
2.4533e-06     0.232691415979525 
2.4558e-06     0.2289628180039139 
2.4583e-06     0.22720156555773 
2.4608e-06     0.2256124252601567 
2.4633e-06     0.2219178082191781 
2.4658e-06     0.2219178082191781 
2.4683e-06     0.2201565557729941 
2.4708e-06     0.2201565557729941 
2.4733e-06     0.2201565557729941 
2.4758e-06     0.2219178082191781 
2.4783e-06     0.2219178082191781 
2.4808e-06     0.2234652281088549 
2.4833e-06     0.225440313111546 
2.4858e-06     0.2270198322909693 
2.4883e-06     0.2307240704500979 
2.4908e-06     0.2342465753424658 
2.4933e-06     0.2360078277886497 
2.4958e-06     0.2412915851272016 
2.4983e-06     0.2448140900195695 
2.5008e-06     0.2500978473581214 
2.5033e-06     0.2536203522504892 
2.5058e-06     0.2589041095890411 
2.5083e-06     0.2659491193737769 
2.5108e-06     0.2712328767123288 
2.5133e-06     0.2765166340508807 
2.5158e-06     0.2835616438356164 
2.5183e-06     0.2906066536203523 
2.5208e-06     0.297651663405088 
2.5233e-06     0.3064579256360078 
2.5258e-06     0.3135029354207437 
2.5283e-06     0.3223091976516634 
2.5308e-06     0.3293542074363993 
2.5333e-06     0.338160469667319 
2.5358e-06     0.3469667318982388 
2.5383e-06     0.3557729941291585 
2.5408e-06     0.3645792563600783 
2.5433e-06     0.375146771037182 
2.5458e-06     0.3839530332681018 
2.5483e-06     0.3927592954990216 
2.5508e-06     0.4033268101761253 
2.5533e-06     0.412133072407045 
2.5558e-06     0.4227005870841487 
2.5583e-06     0.4315068493150685 
2.5608e-06     0.4604132182779628 
2.5633e-06     0.452641878669276 
2.5658e-06     0.4614481409001957 
2.5683e-06     0.4720156555772995 
2.5708e-06     0.4825831702544031 
2.5733e-06     0.4913894324853229 
2.5758e-06     0.5001956947162427 
2.5783e-06     0.5107632093933464 
2.5808e-06     0.5195694716242661 
2.5833e-06     0.53013698630137 
2.5858e-06     0.5389432485322897 
