
time (s)       VT("/out") (V)


2.78e-08       0.5453721719174229 
3.03e-08       0.5565557729941292 
3.28e-08       0.5642857712072078 
3.530000000000001e-08 0.5711971219860983 
3.78e-08       0.5812133072407045 
4.03e-08       0.5876486953802947 
4.28e-08       0.5970645792563601 
4.53e-08       0.6028048013492669 
4.78e-08       0.6111545988258317 
5.03e-08       0.6169229934279458 
5.28e-08       0.6252446183953033 
5.53e-08       0.6303807709227809 
5.78e-08       0.637573385518591 
6.03e-08       0.6419006231445049 
6.280000000000001e-08 0.6492346031624596 
6.53e-08       0.6502595790476029 
6.78e-08       0.6560054654312152 
7.03e-08       0.6590474756993552 
7.28e-08       0.6639921722113503 
7.530000000000001e-08 0.6661021173819797 
7.78e-08       0.6710371819960862 
8.03e-08       0.6725014988464122 
8.28e-08       0.6734729133131886 
8.53e-08       0.676320939334638 
8.780000000000001e-08 0.6770142803166945 
9.029999999999999e-08 0.6795279615421796 
9.28e-08       0.6798434442270059 
9.53e-08       0.6798434442270059 
9.78e-08       0.6784045572470619 
1.003e-07      0.678082191780822 
1.028e-07      0.6773915994402212 
1.053e-07      0.674559686888454 
1.078e-07      0.6738981581853172 
1.103e-07      0.6706897796753134 
1.128e-07      0.6675146771037183 
1.153e-07      0.6654092961725804 
1.178e-07      0.6604696673189824 
1.203e-07      0.6577240172002972 
1.228e-07      0.6516634050880626 
1.253e-07      0.6452786433129863 
1.278e-07      0.6436328863092574 
1.303e-07      0.6360028018046668 
1.328e-07      0.6287671232876713 
1.353e-07      0.6244349361604922 
1.378e-07      0.6164383561643836 
1.403e-07      0.6106944699729028 
1.428e-07      0.6023483365949119 
1.453e-07      0.5965704898828257 
1.478e-07      0.5882583170254404 
1.503e-07      0.5810313406553037 
1.528e-07      0.5706457925636008 
1.553e-07      0.5648047623482754 
1.578e-07      0.5528241031243278 
1.603e-07      0.5459882583170255 
1.628e-07      0.5380900922723764 
1.653e-07      0.5260370783245009 
1.678e-07      0.5178082191780823 
1.703e-07      0.5104945334702945 
1.728e-07      0.4970332264526583 
1.753e-07      0.489628180039139 
1.778e-07      0.4816691752451335 
1.803e-07      0.4697052513466244 
1.828e-07      0.4596868884540117 
1.853e-07      0.449119373776908 
1.878e-07      0.4427084536621667 
1.903e-07      0.4297455968688845 
1.928e-07      0.4191780821917809 
1.953e-07      0.4119796449869322 
1.978e-07      0.3998043052837574 
2.003e-07      0.3921073850786793 
2.028e-07      0.3837903986052537 
2.053e-07      0.3716242661448141 
2.078e-07      0.363925175614501 
2.103e-07      0.3555927724932508 
2.128e-07      0.3452054794520548 
2.153e-07      0.3344871945134711 
2.178e-07      0.3299745187341654 
2.203e-07      0.3187866927592955 
2.228e-07      0.3130019820656479 
2.253e-07      0.3046966731898239 
2.278e-07      0.2982709563194977 
2.303e-07      0.2888454011741683 
2.328e-07      0.2830148404508251 
2.353e-07      0.2754133018559003 
2.378e-07      0.2707376389846029 
2.403e-07      0.2649785877117718 
2.428e-07      0.2590559168774564 
2.453e-07      0.2560871845779923 
2.478e-07      0.2472470702076923 
2.503e-07      0.2440007497986366 
2.528e-07      0.2409077590148981 
2.553e-07      0.2360078277886497 
2.578e-07      0.2338567858345389 
2.603e-07      0.2289628180039139 
2.628e-07      0.227486535145673 
2.653e-07      0.2264910158335922 
2.678000000000001e-07 0.223679060665362 
2.703e-07      0.2230140184450177 
2.728e-07      0.2219178082191781 
2.753e-07      0.2204858369295014 
2.778e-07      0.2201565557729941 
2.803e-07      0.2215680566795195 
2.828e-07      0.2219178082191781 
2.853e-07      0.2225798080110873 
2.878e-07      0.225440313111546 
2.903000000000001e-07 0.2261429438365941 
2.928e-07      0.2286938468083463 
2.953e-07      0.2324853228962818 
2.978e-07      0.234624941916945 
3.003e-07      0.2395303326810176 
3.028e-07      0.2416765177004763 
3.053e-07      0.2474299937813797 
3.078e-07      0.2547057999121796 
3.103e-07      0.2557616083954166 
3.128e-07      0.2629550661945257 
3.153e-07      0.2687198980942231 
3.178000000000001e-07 0.2752542166581834 
3.203e-07      0.2828806259243052 
3.228e-07      0.2875898691386268 
3.253e-07      0.2958904109589041 
3.278e-07      0.3016557778581401 
3.303e-07      0.3106488635160006 
3.328e-07      0.3175276396454201 
3.353e-07      0.3275929549902153 
3.378e-07      0.3340766299277337 
3.403e-07      0.3476961201771508 
3.428e-07      0.3540117416829746 
3.453000000000001e-07 0.3612383395772072 
3.478e-07      0.3705240100142101 
3.503e-07      0.3804305283757339 
3.528e-07      0.3882886261920377 
3.553e-07      0.3987068972457787 
3.578e-07      0.4103718199608611 
3.603e-07      0.4176101891404284 
3.628e-07      0.4297455968688845 
3.653e-07      0.4385518590998043 
3.678000000000001e-07 0.4464869219411212 
3.703e-07      0.4596868884540117 
3.728000000000001e-07 0.4684931506849315 
3.753e-07      0.4790606653620352 
3.778e-07      0.485547665052643 
3.803e-07      0.4984344422700587 
3.828e-07      0.5096988222764858 
3.853e-07      0.5151463949537688 
3.878e-07      0.526614481409002 
3.903e-07      0.5358439668892511 
3.928e-07      0.541871941946319 
3.953000000000001e-07 0.5530332681017613 
3.978e-07      0.5644181687655543 
4.003000000000001e-07 0.5694124398199567 
4.028e-07      0.5794520547945206 
4.053e-07      0.5852465543358398 
4.078e-07      0.5953033268101761 
4.103e-07      0.6010811142764074 
4.128e-07      0.6093933463796478 
4.153e-07      0.6151775483323638 
4.178e-07      0.6234833659491195 
4.203e-07      0.6278580666412605 
4.228000000000001e-07 0.6358121330724071 
4.253e-07      0.6408894874772731 
4.278e-07      0.6438624084471309 
4.303e-07      0.6527673544687547 
4.328e-07      0.6551859099804306 
4.353e-07      0.657952779983065 
4.378e-07      0.6639921722113503 
4.403e-07      0.6661109760059856 
4.428e-07      0.6692759295499021 
4.453000000000001e-07 0.6713878407992082 
4.478e-07      0.6734716246460007 
4.503000000000001e-07 0.676320939334638 
4.528e-07      0.677013256184866 
4.553e-07      0.678082191780822 
4.578e-07      0.6795463776351605 
4.603e-07      0.6798434442270059 
4.628e-07      0.6798434442270059 
4.653e-07      0.678383179584154 
4.678e-07      0.6774056370957638 
4.703e-07      0.674559686888454 
4.728000000000001e-07 0.6739016232178843 
4.753e-07      0.6713556741304992 
4.778e-07      0.6675146771037183 
4.803e-07      0.6654512676051575 
4.828e-07      0.6604696673189824 
4.853e-07      0.6583780959259703 
4.878e-07      0.6534246575342466 
4.903e-07      0.6506405779176582 
4.928e-07      0.6417544603764912 
4.953e-07      0.6385527021529996 
4.978e-07      0.6319679855480319 
5.003e-07      0.6265398181971406 
5.028e-07      0.6181996086105676 
5.053e-07      0.6125385887003982 
5.078e-07      0.6041095890410959 
5.103e-07      0.5983898574682393 
5.128e-07      0.5900195694716243 
5.153e-07      0.583595422008765 
5.177999999999999e-07 0.5741682974559688 
5.203e-07      0.5668417817242711 
5.228e-07      0.5565557729941292 
5.253e-07      0.5477495107632094 
5.277999999999999e-07 0.541311423637489 
5.303e-07      0.53013698630137 
5.328e-07      0.5195694716242661 
5.353e-07      0.5130803906403539 
5.378e-07      0.5009340971959717 
5.402999999999999e-07 0.4913894324853229 
5.428e-07      0.4849028489980663 
5.453e-07      0.4729025174041138 
5.478e-07      0.4632093933463797 
5.502999999999999e-07 0.4551176080543999 
5.528e-07      0.4420743639921722 
5.553e-07      0.4315068493150685 
5.578e-07      0.4250936166728579 
5.603e-07      0.412133072407045 
5.627999999999999e-07 0.4033268101761253 
5.653e-07      0.3913450968531181 
5.678e-07      0.3863529865135858 
5.703e-07      0.375146771037182 
5.727999999999999e-07 0.3687822856916643 
5.753e-07      0.3557729941291585 
5.778e-07      0.3469667318982388 
5.803e-07      0.3404657364297303 
5.828e-07      0.327394059466495 
5.853e-07      0.3223091976516634 
5.878e-07      0.3158795728403086 
5.903e-07      0.3064579256360078 
5.928e-07      0.3006867921261354 
5.952999999999999e-07 0.2906066536203523 
5.978e-07      0.2862249628469572 
6.003e-07      0.2782778864970646 
6.028e-07      0.2725020102656093 
6.052999999999999e-07 0.2657449636505586 
6.078e-07      0.2602894047502155 
6.103e-07      0.2561131172238132 
6.128e-07      0.2500978473581214 
6.153e-07      0.2449895840348729 
6.177999999999999e-07 0.2426707310523705 
6.203e-07      0.2369604172685234 
6.228e-07      0.234527453742048 
6.253e-07      0.2307240704500979 
6.277999999999999e-07 0.2285682697926592 
6.303e-07      0.2264942883415219 
6.328e-07      0.223679060665362 
6.353e-07      0.2230157784113492 
6.378e-07      0.2219178082191781 
6.403e-07      0.2204870563736642 
6.428e-07      0.2201565557729941 
6.453e-07      0.2201565557729941 
6.478e-07      0.2216074663674254 
6.502999999999999e-07 0.2219178082191781 
6.528e-07      0.225440313111546 
6.553e-07      0.2261239555112687 
6.578e-07      0.2286819100266044 
6.603e-07      0.2296365088782188 
6.628e-07      0.2342465753424658 
6.653e-07      0.2363843950355365 
6.678e-07      0.2433402941470988 
6.703e-07      0.2465753424657534 
6.727999999999999e-07 0.2493764120904877 
6.753e-07      0.2582380546933976 
6.778e-07      0.261498110536291 
6.803e-07      0.2678859894136971 
6.827999999999999e-07 0.2704461992734639 
6.853e-07      0.2787540601939428 
6.878e-07      0.2870841487279844 
6.903e-07      0.292862852058912 
6.928e-07      0.301174168297456 
6.952999999999999e-07 0.306854982253823 
6.978e-07      0.3177146831347067 
7.003e-07      0.3258317025440313 
7.028e-07      0.3316435175250224 
7.052999999999999e-07 0.3416829745596869 
7.078e-07      0.3481112932429694 
7.103e-07      0.3592954990215264 
7.128e-07      0.3688231911830151 
7.153e-07      0.3762817958299591 
7.178e-07      0.3874755381604696 
7.203e-07      0.3980430528375734 
7.228e-07      0.4044650584752973 
7.253e-07      0.4174168297455969 
7.277999999999999e-07 0.4262230919765166 
7.303e-07      0.4367906066536204 
7.328e-07      0.443271723073359 
7.353e-07      0.4561643835616438 
7.377999999999999e-07 0.4667318982387476 
7.403e-07      0.4740428990269914 
7.428e-07      0.4861056751467711 
7.453e-07      0.4949119373776908 
7.478e-07      0.5028183586872775 
7.502999999999999e-07 0.5167813719214001 
7.528e-07      0.5248532289628179 
7.553e-07      0.5312912629961951 
7.578e-07      0.5431310812377368 
7.602999999999999e-07 0.5512720156555773 
7.628e-07      0.5585210043904073 
7.653e-07      0.5688845401174168 
7.678e-07      0.5776908023483366 
7.703e-07      0.5834552873267845 
7.728e-07      0.5924383876703262 
7.753e-07      0.5993146515702272 
7.778e-07      0.6076320939334638 
7.803e-07      0.6134050306824915 
7.827999999999999e-07 0.6217221135029354 
7.853e-07      0.6268430671794377 
7.878e-07      0.6340508806262231 
7.903e-07      0.6368126634767769 
7.928e-07      0.6444658591443611 
7.953e-07      0.6499021526418787 
7.978e-07      0.6549359232416492 
8.003e-07      0.6572907660771722 
8.028e-07      0.6622309197651665 
8.052999999999999e-07 0.6643444578820153 
8.078e-07      0.6692759295499021 
8.103e-07      0.6699267027501642 
8.128e-07      0.6731719029820129 
8.152999999999999e-07 0.676320939334638 
8.178e-07      0.6770094599444788 
8.203e-07      0.678082191780822 
8.228e-07      0.6795434720237737 
8.253e-07      0.6798434442270059 
8.277999999999999e-07 0.6798434442270059 
8.303e-07      0.6783880178697353 
8.328e-07      0.678082191780822 
8.353e-07      0.6774108396777081 
8.377999999999999e-07 0.674559686888454 
8.403e-07      0.6724710499277955 
8.428e-07      0.6703755472287057 
8.453e-07      0.6657534246575342 
8.478e-07      0.6636470808240662 
8.503e-07      0.6587084148727985 
8.528e-07      0.6536732467758789 
8.553e-07      0.6513046391004212 
8.578e-07      0.6446183953033269 
8.602999999999999e-07 0.6395398662048372 
8.628e-07      0.6366362945374001 
8.653e-07      0.6270058708414874 
8.678e-07      0.6212142761108737 
8.703e-07      0.6135586065855573 
8.728e-07      0.6089354185498903 
8.753e-07      0.598825831702544 
8.778e-07      0.5930520911558309 
8.803e-07      0.5847358121330725 
8.827999999999999e-07 0.5759295499021526 
8.853e-07      0.5694253856371179 
8.878e-07      0.5579693989392621 
8.903e-07      0.5519115746614334 
8.927999999999999e-07 0.5424657534246575 
8.953e-07      0.5318982387475538 
8.978e-07      0.5246829799294985 
9.003e-07      0.5142857142857143 
9.028e-07      0.5023125052695312 
9.053e-07      0.4964867287078174 
9.078e-07      0.4843444227005871 
9.103e-07      0.4766385588890539 
9.128e-07      0.4675676840573182 
9.152999999999999e-07 0.4561643835616438 
9.178e-07      0.4455968688845401 
9.203e-07      0.4350293542074364 
9.228e-07      0.4286096033605378 
9.253e-07      0.4165623310867439 
9.278e-07      0.4050880626223092 
9.303e-07      0.3978411187210351 
9.328e-07      0.3842615308602634 
9.353e-07      0.3769080234833659 
9.377999999999999e-07 0.369678907075518 
9.403e-07      0.3603995321208537 
9.428e-07      0.3504892367906066 
9.453e-07      0.3439800501156824 
9.478e-07      0.3325357775538347 
9.503e-07      0.3264650287383751 
9.528e-07      0.3170254403131115 
9.553e-07      0.3078463651187099 
9.578e-07      0.3024590406873881 
9.603000000000001e-07 0.2941291585127202 
9.628000000000001e-07 0.2883301522590267 
9.653000000000001e-07 0.2800391389432485 
9.678000000000001e-07 0.2742986783592877 
9.703000000000001e-07 0.2702315030361581 
9.728e-07      0.2606653620352251 
9.753e-07      0.2555156981875635 
9.778e-07      0.2500978473581214 
9.803e-07      0.2479854416522954 
9.827999999999999e-07 0.2414233518433306 
9.852999999999999e-07 0.2377690802348336 
9.878000000000001e-07 0.2356272602619824 
9.903000000000001e-07 0.2307240704500979 
9.928e-07      0.2300351228355775 
9.953e-07      0.2267720865267445 
9.978e-07      0.225440313111546 
1.0003e-06     0.2219178082191781 
1.0028e-06     0.2219178082191781 
1.0053e-06     0.2204911566973594 
1.0078e-06     0.2201565557729941 
1.0103e-06     0.2201565557729941 
1.0128e-06     0.2216008232329981 
1.0153e-06     0.2219178082191781 
1.0178e-06     0.2225833201497908 
1.0203e-06     0.225440313111546 
1.0228e-06     0.2261169618647068 
1.0253e-06     0.2293718571461483 
1.0278e-06     0.2342465753424658 
1.0303e-06     0.2364030014008405 
1.0328e-06     0.2412915851272016 
1.0353e-06     0.2434207176786947 
1.0378e-06     0.2499776247395581 
1.0403e-06     0.2553816046966732 
1.0428e-06     0.2604849815850308 
1.0453e-06     0.263456322163545 
1.0478e-06     0.2716560750492875 
1.0503e-06     0.2770432734236968 
1.0528e-06     0.2853228962818004 
1.0553e-06     0.29113120315501 
1.0578e-06     0.299412915851272 
1.0603e-06     0.3052091768341348 
1.0628e-06     0.3141608485584689 
1.0653e-06     0.3210081280427731 
1.0678e-06     0.3311154598825832 
1.0703e-06     0.339921722113503 
1.0728e-06     0.3471923737710596 
1.0753e-06     0.3575342465753425 
1.0778e-06     0.366743927491206 
1.0803e-06     0.3727835789225806 
1.0828e-06     0.3857142857142857 
1.0853e-06     0.3970045870863203 
1.0878e-06     0.4009737276711144 
1.0903e-06     0.413894324853229 
1.0928e-06     0.4244618395303327 
1.0953e-06     0.4317014630654523 
1.0978e-06     0.4438356164383562 
1.1003e-06     0.452641878669276 
1.1028e-06     0.4606291151526642 
1.1053e-06     0.4737769080234834 
1.1078e-06     0.4825831702544031 
1.1103e-06     0.4931506849315068 
1.1128e-06     0.4996236010862126 
1.1153e-06     0.5125244618395304 
1.1178e-06     0.5213307240704501 
1.1203e-06     0.5277831090982511 
1.1228e-06     0.5389432485322897 
1.1253e-06     0.5495107632093934 
1.1278e-06     0.555928044728929 
1.1303e-06     0.565362035225049 
1.1328e-06     0.5726471096854934 
1.1353e-06     0.5829745596868885 
1.1378e-06     0.5887007877873736 
1.1403e-06     0.5995420032327834 
1.1428e-06     0.6058708414872799 
1.1453e-06     0.6115920189296323 
1.1478e-06     0.6199608610567515 
1.1503e-06     0.6227208353718205 
1.1528e-06     0.6310109872454895 
1.1553e-06     0.6378895667474787 
1.1578e-06     0.6419197237991764 
1.1603e-06     0.649236082754875 
1.1628e-06     0.6509124390985166 
1.1653e-06     0.6569471624266144 
1.1678e-06     0.6623613134422169 
1.1703e-06     0.6643206104071577 
1.1728e-06     0.6664043156491916 
1.1753e-06     0.6710371819960862 
1.1778e-06     0.6725107277115454 
1.1803e-06     0.6734688546786685 
1.1828e-06     0.678082191780822 
1.1853e-06     0.678082191780822 
1.1878e-06     0.6795413225978506 
1.1903e-06     0.6798434442270059 
1.1928e-06     0.6798434442270059 
1.1953e-06     0.6783948927074385 
1.1978e-06     0.678082191780822 
1.2003e-06     0.6773905647332751 
1.2028e-06     0.674559686888454 
1.2053e-06     0.6739027903795861 
1.2078e-06     0.6706908389067594 
1.2103e-06     0.6657534246575342 
1.2128e-06     0.6642992172955479 
1.2153e-06     0.659662031246121 
1.2178e-06     0.6566110261147138 
1.2203e-06     0.6516634050880626 
1.2228e-06     0.6452679660329217 
1.2253e-06     0.6436602990551018 
1.2278e-06     0.6353480982515458 
1.2303e-06     0.6285752901039955 
1.2328e-06     0.6243888136179175 
1.2353e-06     0.6164383561643836 
1.2378e-06     0.610687493300288 
1.2403e-06     0.6023483365949119 
1.2428e-06     0.5951458070004904 
1.2453e-06     0.5864970645792563 
1.2478e-06     0.5800591803098099 
1.2503e-06     0.5706457925636008 
1.2528e-06     0.5597770654013472 
1.2553e-06     0.5554193625762457 
1.2578e-06     0.5442270058708415 
1.2603e-06     0.5378378193886593 
1.2628e-06     0.5248532289628179 
1.2653e-06     0.5160469667318982 
1.2678e-06     0.5095469341867496 
1.2703e-06     0.4952745896588646 
1.2728e-06     0.487866927592955 
1.2753e-06     0.4772994129158513 
1.2778e-06     0.4707961098047733 
1.2803e-06     0.4579256360078278 
1.2828e-06     0.4473581213307241 
1.2853e-06     0.4401455471194398 
1.2878e-06     0.4279843444227006 
1.2903e-06     0.4187139758462955 
1.2928e-06     0.4110201109401102 
1.2953e-06     0.3998043052837574 
1.2978e-06     0.3892367906066536 
1.3003e-06     0.3828775125062728 
1.3028e-06     0.3698630136986301 
1.3053e-06     0.3611138785227935 
1.3078e-06     0.3546210858786543 
1.3103e-06     0.3434442270058709 
1.3128e-06     0.3346379647749511 
1.3153e-06     0.3288712695096099 
1.3178e-06     0.3187866927592955 
1.3203e-06     0.3123491464997605 
1.3228e-06     0.3029354207436399 
1.3253e-06     0.2972022700854914 
1.3278e-06     0.2888454011741683 
1.3303e-06     0.2830296732009075 
1.3328e-06     0.2747553816046967 
1.3353e-06     0.2696383890585576 
1.3378e-06     0.262426614481409 
1.3403e-06     0.258092804518389 
1.3428e-06     0.2507663843446101 
1.3453e-06     0.2497333904016042 
1.3478e-06     0.2439821401583958 
1.3503e-06     0.2409184696208365 
1.3528e-06     0.2360078277886497 
1.3553e-06     0.2338642140505821 
1.3578e-06     0.2289628180039139 
1.3603e-06     0.2274806540926272 
1.3628e-06     0.2264911006956352 
1.3653e-06     0.223679060665362 
1.3678e-06     0.2230146654895977 
1.3703e-06     0.2205041778057508 
1.3728e-06     0.2201565557729941 
1.3753e-06     0.2201565557729941 
1.3778e-06     0.2215931897689037 
1.3803e-06     0.2219178082191781 
1.3828e-06     0.2225827326872595 
1.3853e-06     0.225440313111546 
1.3878e-06     0.2261425844173293 
1.3903e-06     0.2293816320167175 
1.3928e-06     0.2324853228962818 
1.3953e-06     0.2346339899292355 
1.3978e-06     0.2395303326810176 
1.4003e-06     0.2423338577651832 
1.4028e-06     0.2483365949119374 
1.4053e-06     0.2546977832221822 
1.4078e-06     0.2564282341645282 
1.4103e-06     0.2640616971642346 
1.4128e-06     0.2712328767123288 
1.4153e-06     0.2755911226987682 
1.4178e-06     0.2835616438356164 
1.4203e-06     0.2893681514058211 
1.4228e-06     0.297651663405088 
1.4253e-06     0.3034353405101229 
1.4278e-06     0.3117416829745597 
1.4303e-06     0.3189765088713863 
1.4328e-06     0.3293542074363993 
1.4353e-06     0.3351524727499512 
1.4378e-06     0.347704072485028 
1.4403e-06     0.3540117416829746 
1.4428e-06     0.361908735985883 
1.4453e-06     0.3740774172364418 
1.4478e-06     0.3821917808219178 
1.4503e-06     0.3894469985890175 
1.4528e-06     0.4029826029980846 
1.4553e-06     0.4103718199608611 
1.4578e-06     0.4182532117081342 
1.4603e-06     0.4304764973018547 
1.4628e-06     0.4403131115459882 
1.4653e-06     0.450880626223092 
1.4678e-06     0.4574222583822382 
1.4703e-06     0.4702544031311155 
1.4728e-06     0.4808219178082192 
1.4753e-06     0.4881030696003439 
1.4778e-06     0.5001956947162427 
1.4803e-06     0.5079216479011525 
1.4828e-06     0.5162801618492919 
1.4853e-06     0.5283757338551859 
1.4878e-06     0.5360892683670424 
1.4903e-06     0.544420744531336 
1.4928e-06     0.5547945205479452 
1.4953e-06     0.565397894283282 
1.4978e-06     0.5700995081204914 
1.5003e-06     0.5812133072407045 
1.5028e-06     0.5870110516514139 
1.5053e-06     0.5953033268101761 
1.5078e-06     0.6017195431686868 
1.5103e-06     0.6111545988258317 
1.5128e-06     0.6169446739636847 
1.5153e-06     0.6245891247209678 
1.5178e-06     0.6292692329734528 
1.5203e-06     0.6350894994110985 
1.5228e-06     0.6409172068525562 
1.5253e-06     0.6438497133405875 
1.5278e-06     0.6527664938671651 
1.5303e-06     0.6559942467489404 
1.5328e-06     0.6590574933974017 
1.5353e-06     0.6639921722113503 
1.5378e-06     0.6661111778134936 
1.5403e-06     0.6710371819960862 
1.5428e-06     0.6724965621504773 
1.5453e-06     0.6734733236551121 
1.5478e-06     0.676320939334638 
1.5503e-06     0.6770131282371814 
1.5528e-06     0.678082191780822 
1.5553e-06     0.6795464550995344 
1.5578e-06     0.6798434442270059 
1.5603e-06     0.6784260629624544 
1.5628e-06     0.678082191780822 
1.5653e-06     0.6773951352120968 
1.5678e-06     0.674559686888454 
1.5703e-06     0.6738985853417233 
1.5728e-06     0.6713515652725444 
1.5753e-06     0.6675146771037183 
1.5778e-06     0.6654161534675841 
1.5803e-06     0.6604696673189824 
1.5828e-06     0.6583708318668826 
1.5853e-06     0.6526482623585921 
1.5878e-06     0.6452696953004269 
1.5903e-06     0.6442844374510363 
1.5928e-06     0.6371051335934437 
1.5953e-06     0.6313835242971644 
1.5978e-06     0.6247510810302613 
1.6003e-06     0.617095391161417 
1.6028e-06     0.6124711325725234 
1.6053e-06     0.6041095890410959 
1.6078e-06     0.5983513567287275 
1.6103e-06     0.5893673672020552 
1.6128e-06     0.5824784572499977 
1.6153e-06     0.5724070450097848 
1.6178e-06     0.5658563860897283 
1.6203e-06     0.5528530180734801 
1.6228e-06     0.5459882583170255 
1.6253e-06     0.5387723954104957 
1.6278e-06     0.5294789449336247 
1.6303e-06     0.5195694716242661 
1.6328e-06     0.5116274423388255 
1.6353e-06     0.501295172861739 
1.6378e-06     0.489628180039139 
1.6403e-06     0.4823476047571805 
1.6428e-06     0.4702544031311155 
1.6453e-06     0.4614481409001957 
1.6478e-06     0.4533572020033014 
1.6503e-06     0.4403131115459882 
1.6528e-06     0.4315068493150685 
1.6553e-06     0.4209393346379648 
1.6578e-06     0.4145337358864426 
1.6603e-06     0.4015655577299413 
1.6628e-06     0.3902452925033174 
1.6653e-06     0.3849273145993718 
1.6678e-06     0.3733855185909981 
1.6703e-06     0.3642028976425546 
1.6728e-06     0.3581412150029845 
1.6753e-06     0.3469667318982388 
1.6778e-06     0.3355006972465784 
1.6803e-06     0.3306494586820764 
1.6828e-06     0.3205479452054795 
1.6853e-06     0.3147643138837646 
1.6878e-06     0.3047485217730497 
1.6903e-06     0.2989152101404678 
1.6928e-06     0.2906066536203523 
1.6953e-06     0.2847743642459738 
1.6978e-06     0.2765166340508807 
1.7003e-06     0.2721788961863936 
1.7028e-06     0.2641878669275929 
1.7053e-06     0.2590905321472706 
1.7078e-06     0.2560790485860354 
1.7103e-06     0.2472480497857759 
1.7128e-06     0.2448140900195695 
1.7153e-06     0.2419943927408814 
1.7178e-06     0.2360078277886497 
1.7203e-06     0.233854846430902 
1.7228e-06     0.2307240704500979 
1.7253e-06     0.2285535547111461 
1.7278e-06     0.2264918832256689 
1.7303e-06     0.223679060665362 
1.7328e-06     0.2230154884792979 
1.7353e-06     0.2219178082191781 
1.7378e-06     0.2204847379435148 
1.7403e-06     0.2201565557729941 
1.7428e-06     0.2201565557729941 
1.7453e-06     0.2216140142198669 
1.7478e-06     0.2225697798163966 
1.7503e-06     0.225440313111546 
1.7528e-06     0.2261387516383863 
1.7553e-06     0.2286901066029745 
1.7578e-06     0.2324853228962818 
1.7603e-06     0.2345895540455914 
1.7628e-06     0.2395303326810176 
1.7653e-06     0.2416654262826478 
1.7678e-06     0.2465753424657534 
1.7703e-06     0.2493760648756065 
1.7728e-06     0.2582342522036846 
1.7753e-06     0.2615148754773987 
1.7778e-06     0.2680696990937277 
1.7803e-06     0.2734693485294523 
1.7828e-06     0.2818003913894325 
1.7853e-06     0.2875296273861854 
1.7878e-06     0.2958904109589041 
1.7903e-06     0.3016166570725989 
1.7928e-06     0.3099804305283758 
1.7953e-06     0.3164114295395557 
1.7978e-06     0.3258317025440313 
1.8003e-06     0.3331102394891532 
1.8028e-06     0.3423561166489502 
1.8053e-06     0.3522504892367906 
1.8078e-06     0.3587034374062014 
1.8103e-06     0.3698630136986301 
1.8128e-06     0.3804305283757339 
1.8153e-06     0.3868587991010033 
1.8178e-06     0.3991477048492922 
1.8203e-06     0.4086105675146771 
1.8228e-06     0.4150412277491777 
1.8253e-06     0.4271906716965677 
1.8278e-06     0.4367906066536204 
1.8303e-06     0.4447226339788821 
1.8328e-06     0.4579256360078278 
1.8353e-06     0.4684931506849315 
1.8378e-06     0.4749662632963691 
1.8403e-06     0.487866927592955 
1.8428e-06     0.4966731898238748 
1.8453e-06     0.5086213684720305 
1.8478e-06     0.5137193692976304 
1.8503e-06     0.5248532289628179 
1.8528e-06     0.5312100018373074 
1.8553e-06     0.5442270058708415 
1.8578e-06     0.5530332681017613 
1.8603e-06     0.5594618810327111 
1.8628e-06     0.5731565708698337 
1.8653e-06     0.5776908023483366 
1.8678e-06     0.5841340421996775 
1.8703e-06     0.5935420743639922 
1.8728e-06     0.5993292872518425 
1.8753e-06     0.6093933463796478 
1.8778e-06     0.6137781087618677 
1.8803e-06     0.6217221135029354 
1.8828e-06     0.6275142631298765 
1.8853e-06     0.6342849673186447 
1.8878e-06     0.6396746802412685 
1.8903e-06     0.6438288979090377 
1.8928e-06     0.6499021526418787 
1.8953e-06     0.654978314445181 
1.8978e-06     0.6572960562403998 
1.9003e-06     0.6631364205930963 
1.9028e-06     0.6654687529989683 
1.9053e-06     0.6692759295499021 
1.9078e-06     0.6713721094848361 
1.9103e-06     0.6734681583769386 
1.9128e-06     0.676320939334638 
1.9153e-06     0.6770127447045253 
1.9178e-06     0.678082191780822 
1.9203e-06     0.6795452925441154 
1.9228e-06     0.6798434442270059 
1.9253e-06     0.6798434442270059 
1.9278e-06     0.6783855891926001 
1.9303e-06     0.678082191780822 
1.9328e-06     0.674559686888454 
1.9353e-06     0.6739135916332115 
1.9378e-06     0.6713629324411551 
1.9403e-06     0.6703908593191387 
1.9428e-06     0.6657534246575342 
1.9453e-06     0.6636597672501724 
1.9478e-06     0.6567278588826513 
1.9503e-06     0.6534246575342466 
1.9528e-06     0.6506456348499859 
1.9553e-06     0.6417517765818862 
1.9578e-06     0.6385694115577342 
1.9603e-06     0.6321614332197517 
1.9628e-06     0.6295735329547183 
1.9653e-06     0.6212537081165505 
1.9678e-06     0.6129158512720156 
1.9703e-06     0.607193742265543 
1.9728e-06     0.598825831702544 
1.9753e-06     0.5931431900916684 
1.9778e-06     0.5824260374045207 
1.9803e-06     0.5741682974559688 
1.9828e-06     0.5683197915509826 
1.9853e-06     0.5579399697001355 
1.9878e-06     0.551946538060164 
1.9903e-06     0.5407045009784736 
1.9928e-06     0.5313565668293724 
1.9953e-06     0.5237102997894296 
1.9978e-06     0.5125244618395304 
2.0003e-06     0.5019569471624267 
2.0028e-06     0.4955342002299947 
2.0053e-06     0.4825831702544031 
2.0078e-06     0.4737769080234834 
2.0103e-06     0.4632093933463797 
2.0128e-06     0.4566154255509326 
2.0153e-06     0.4438356164383562 
2.0178e-06     0.4332681017612525 
2.0203e-06     0.4260413518248713 
2.0228e-06     0.413894324853229 
2.0253e-06     0.4050880626223092 
2.0278e-06     0.3971724139815843 
2.0303e-06     0.3832029321730847 
2.0328e-06     0.375146771037182 
2.0353e-06     0.3687042196397848 
2.0378e-06     0.3569833397268651 
2.0403e-06     0.3487279843444228 
2.0428e-06     0.3414331528291724 
2.0453e-06     0.3311154598825832 
2.0478e-06     0.3223091976516634 
2.0503e-06     0.3165607971971073 
2.0528e-06     0.3075767956259376 
2.0553e-06     0.3006936887876262 
2.0578e-06     0.2923679060665362 
2.0603e-06     0.2865480806898347 
2.0628e-06     0.2782778864970646 
2.0653e-06     0.2731676607423276 
2.0678e-06     0.2659491193737769 
2.0703e-06     0.2631651401865923 
2.0728e-06     0.2555219617791606 
2.0753e-06     0.2500978473581214 
2.0778e-06     0.2450357182591797 
2.0803e-06     0.2426779047775337 
2.0828e-06     0.2377690802348336 
2.0853e-06     0.2356181354422267 
2.0878e-06     0.2307240704500979 
2.0903e-06     0.2300498846466117 
2.0928e-06     0.2267707204536142 
2.0953e-06     0.223679060665362 
2.0978e-06     0.2230185979994996 
2.1003e-06     0.2219178082191781 
2.1028e-06     0.2204886955588655 
2.1053e-06     0.2201565557729941 
2.1078e-06     0.2201565557729941 
2.1103e-06     0.2216037650925038 
2.1128e-06     0.2219178082191781 
2.1153e-06     0.2225591696321932 
2.1178e-06     0.225440313111546 
2.1203e-06     0.2275986761558826 
2.1228e-06     0.2296521676096333 
2.1253e-06     0.2342465753424658 
2.1278e-06     0.2363953572008072 
2.1303e-06     0.2412915851272016 
2.1328e-06     0.2463767958334175 
2.1353e-06     0.2487107232156767 
2.1378e-06     0.2553816046966732 
2.1403e-06     0.2605167480852272 
2.1428e-06     0.2633848327414481 
2.1453e-06     0.2729941291585127 
2.1478e-06     0.2787959143679391 
2.1503e-06     0.2864289853081511 
2.1528e-06     0.2911324791295988 
2.1553e-06     0.301174168297456 
2.1578e-06     0.3069556005668199 
2.1603e-06     0.3152641878669276 
2.1628e-06     0.3240704500978474 
2.1653e-06     0.3305201072002276 
2.1678e-06     0.3416829745596869 
2.1703e-06     0.3481436671455987 
2.1728e-06     0.3592954990215264 
2.1753e-06     0.3670067510815201 
2.1778e-06     0.3753284674535649 
2.1803e-06     0.3857142857142857 
2.1828e-06     0.3976727701170371 
2.1853e-06     0.4035231012572809 
2.1878e-06     0.4156555772994129 
2.1903e-06     0.423363397625766 
2.1928e-06     0.4323548623851323 
2.1953e-06     0.4438356164383562 
2.1978e-06     0.4544031311154599 
2.2003e-06     0.4649706457925636 
2.2028e-06     0.4714741715761442 
2.2053e-06     0.4835958452224126 
2.2078e-06     0.4949119373776908 
2.2103e-06     0.50216968318258 
2.2128e-06     0.5157289351035386 
2.2153e-06     0.5230919765166341 
2.2178e-06     0.5303313526112501 
2.2203e-06     0.5396030411625788 
2.2228e-06     0.5495107632093934 
2.2253e-06     0.5559673385873114 
2.2278e-06     0.5671232876712329 
2.2303e-06     0.5735914748292658 
2.2328e-06     0.5829745596868885 
2.2353e-06     0.5921838886077389 
2.2378e-06     0.5975471929836406 
2.2403e-06     0.6058708414872799 
2.2428e-06     0.6116252394390178 
2.2453e-06     0.6199608610567515 
2.2478e-06     0.625710836835671 
2.2503e-06     0.6297456394258001 
2.2528e-06     0.639334637964775 
2.2553e-06     0.6444627405119037 
2.2578e-06     0.6499021526418787 
2.2603e-06     0.652008082758059 
2.2628e-06     0.658559048042527 
2.2653e-06     0.6622309197651665 
2.2678e-06     0.6643364203518269 
2.2703e-06     0.6692759295499021 
2.2728e-06     0.66994084860692 
2.2753e-06     0.6731669311383831 
2.2778e-06     0.674559686888454 
2.2803e-06     0.678082191780822 
2.2828e-06     0.678082191780822 
2.2853e-06     0.6795398995642632 
2.2878e-06     0.6798434442270059 
2.2903e-06     0.6798434442270059 
2.2928e-06     0.678392076225218 
2.2953e-06     0.678082191780822 
2.2978e-06     0.6773920015971999 
2.3003e-06     0.674559686888454 
2.3028e-06     0.6739180515209067 
2.3053e-06     0.6706958766819349 
2.3078e-06     0.6657534246575342 
2.3103e-06     0.6636426490071829 
2.3128e-06     0.6587084148727985 
2.3153e-06     0.6566256767952569 
2.3178e-06     0.6500789588906891 
2.3203e-06     0.6446183953033269 
2.3228e-06     0.639573387603156 
2.3253e-06     0.6365611350298725 
2.3278e-06     0.6284437612992508 
2.3303e-06     0.6229682124949063 
2.3328e-06     0.6146771037181996 
2.3353e-06     0.6089230625915283 
2.3378e-06     0.6005870841487281 
2.3403e-06     0.5948033007267159 
2.3428e-06     0.5858418988243657 
2.3453e-06     0.5789998887673655 
2.3478e-06     0.5688845401174168 
2.3503e-06     0.560078277886497 
2.3528e-06     0.5528766317744328 
2.3553e-06     0.5424657534246575 
2.3578e-06     0.5332567395611514 
2.3603e-06     0.5272292889488711 
2.3628e-06     0.5142857142857143 
2.3653e-06     0.5029780095046961 
2.3678e-06     0.4990431713733954 
2.3703e-06     0.4861056751467711 
2.3728e-06     0.4755381604696673 
2.3753e-06     0.4682450375239008 
2.3778e-06     0.4561643835616438 
2.3803e-06     0.4473581213307241 
2.3828e-06     0.4395250875498706 
2.3853e-06     0.4262230919765166 
2.3878e-06     0.4174168297455969 
2.3903e-06     0.4068493150684931 
2.3928e-06     0.4003912255733866 
2.3953e-06     0.3874755381604696 
2.3978e-06     0.3786692759295499 
2.4003e-06     0.3722324598543574 
2.4028e-06     0.3610567514677104 
2.4053e-06     0.3504892367906066 
2.4078e-06     0.3440160963938625 
2.4103e-06     0.3339934419789885 
2.4128e-06     0.3274300717751618 
2.4153e-06     0.3170254403131115 
2.4178e-06     0.3113049343360936 
2.4203e-06     0.3005730701089727 
2.4228e-06     0.2941291585127202 
2.4253e-06     0.288366833694066 
2.4278e-06     0.2800391389432485 
2.4303e-06     0.2772993547257842 
2.4328e-06     0.2689939538897594 
2.4353e-06     0.2622292502111082 
2.4378e-06     0.2580716475301875 
2.4403e-06     0.25076636440589 
2.4428e-06     0.2490663932052998 
2.4453e-06     0.2430528375733855 
2.4478e-06     0.2376763406469149 
2.4503e-06     0.2356440445244759 
2.4528e-06     0.2335720422026167 
2.4553e-06     0.2289628180039139 
2.4578e-06     0.2274670128279652 
2.4603e-06     0.2264930514832483 
2.4628e-06     0.2219178082191781 
2.4653e-06     0.2219178082191781 
2.4678e-06     0.2204957217310372 
2.4703e-06     0.2201565557729941 
2.4728e-06     0.2201565557729941 
2.4753e-06     0.221596435943241 
2.4778e-06     0.2219178082191781 
2.4803e-06     0.2225846018857632 
2.4828e-06     0.225440313111546 
2.4853e-06     0.2261392060678776 
2.4878e-06     0.2293757645159317 
2.4903e-06     0.2342465753424658 
2.4928e-06     0.2357331728932834 
2.4953e-06     0.2404632295270311 
2.4978e-06     0.2434349252258797 
2.5003e-06     0.2500192462102973 
2.5028e-06     0.2536203522504892 
2.5053e-06     0.2563972618459823 
2.5078e-06     0.2647057798070694 
2.5103e-06     0.2715108677716483 
2.5128e-06     0.2756481487440396 
2.5153e-06     0.2835616438356164 
2.5178e-06     0.2893729398343626 
2.5203e-06     0.297651663405088 
2.5228e-06     0.3048690419193567 
2.5253e-06     0.3135029354207437 
2.5278e-06     0.3199367334453657 
2.5303e-06     0.3293542074363993 
2.5328e-06     0.3400954068258233 
2.5353e-06     0.344655759914664 
2.5378e-06     0.3557729941291585 
2.5403e-06     0.3621565064372123 
2.5428e-06     0.375146771037182 
2.5453e-06     0.3839530332681018 
2.5478e-06     0.3903816594644808 
2.5503e-06     0.4047429665919086 
2.5528e-06     0.412133072407045 
2.5553e-06     0.4227005870841487 
2.5578e-06     0.4291526303323273 
2.5603e-06     0.4420743639921722 
2.5628e-06     0.452641878669276 
2.5653e-06     0.4600065879007653 
2.5678e-06     0.4720156555772995 
2.5703e-06     0.4815021645188479 
2.5728e-06     0.4890420474612897 
2.5753e-06     0.5001956947162427 
2.5778e-06     0.5107632093933464 
2.5803e-06     0.5171849136449764 
2.5828e-06     0.53013698630137 
2.5853e-06     0.5389432485322897 
