
time (s)       VT("/out") (V)


2.79e-08       0.546252798140515 
3.04e-08       0.5565557729941292 
3.29e-08       0.5644618964518262 
3.54e-08       0.5719016229645718 
3.79e-08       0.5812133072407045 
4.04e-08       0.5885293216033868 
4.29e-08       0.5970645792563601 
4.54e-08       0.6035093023277405 
4.79e-08       0.6111545988258317 
5.04e-08       0.6176274944064194 
5.29e-08       0.6252446183953033 
5.54e-08       0.6305283757338551 
5.79e-08       0.637573385518591 
6.04e-08       0.64242899887836 
6.29e-08       0.6490584779178412 
6.539999999999999e-08 0.6506118295368397 
6.789999999999999e-08 0.6565338411650703 
7.04e-08       0.6593997261885919 
7.29e-08       0.6639921722113503 
7.54e-08       0.6664543678712164 
7.79e-08       0.6710371819960862 
8.040000000000001e-08 0.6726776240910305 
8.290000000000001e-08 0.673649038557807 
8.54e-08       0.676320939334638 
8.790000000000001e-08 0.6771904055613129 
9.039999999999999e-08 0.6797040867867981 
9.289999999999999e-08 0.6798434442270059 
9.539999999999999e-08 0.6798434442270059 
9.79e-08       0.6782284320024436 
1.004e-07      0.678082191780822 
1.029e-07      0.6772154741956027 
1.054e-07      0.674559686888454 
1.079e-07      0.6737220329406988 
1.104e-07      0.6703375291860766 
1.129e-07      0.6675146771037183 
1.154e-07      0.6650570456833437 
1.179e-07      0.6604696673189824 
1.204e-07      0.6571956414664422 
1.229e-07      0.6516634050880626 
1.254e-07      0.6454547685576048 
1.279e-07      0.6431045105754022 
1.304e-07      0.6358121330724071 
1.329e-07      0.6287671232876713 
1.354e-07      0.6239065604266369 
1.379e-07      0.6164383561643836 
1.404e-07      0.6099899689944291 
1.429e-07      0.6023483365949119 
1.454e-07      0.5958659889043523 
1.479e-07      0.5882583170254404 
1.504e-07      0.5801507144322117 
1.529e-07      0.5706457925636008 
1.554e-07      0.5641002613698018 
1.579e-07      0.5547614808151303 
1.604e-07      0.5459882583170255 
1.629e-07      0.537033340804666 
1.654e-07      0.5265654540583561 
1.679e-07      0.5178082191780823 
1.704e-07      0.5096139072472023 
1.729e-07      0.4973854769418951 
1.754e-07      0.489628180039139 
1.779e-07      0.4806124237774231 
1.804e-07      0.4702336270804796 
1.829e-07      0.4596868884540117 
1.854e-07      0.449119373776908 
1.879e-07      0.4418278274390747 
1.904e-07      0.4297455968688845 
1.929e-07      0.4191780821917809 
1.954e-07      0.4110990187638403 
1.979e-07      0.3998043052837574 
2.004e-07      0.3919312598340609 
2.029e-07      0.3829097723821616 
2.054e-07      0.3716242661448141 
2.079e-07      0.3637490503698826 
2.104e-07      0.3547121462701588 
2.129e-07      0.3452054794520548 
2.154e-07      0.336399217221135 
2.179e-07      0.3290938925110733 
2.204e-07      0.3187866927592955 
2.229e-07      0.3122974810871743 
2.254e-07      0.3046966731898239 
2.279e-07      0.2973903300964058 
2.304e-07      0.2888454011741683 
2.329e-07      0.2823103394723515 
2.354e-07      0.2755894271005188 
2.379e-07      0.2700331380061293 
2.404e-07      0.2648024624671534 
2.429e-07      0.2589041095890411 
2.454e-07      0.2555588088441371 
2.479e-07      0.2474231954523106 
2.504e-07      0.2434723740647814 
2.529e-07      0.2405555085256615 
2.554e-07      0.2360078277886497 
2.579e-07      0.233504535345302 
2.604e-07      0.2289628180039139 
2.629e-07      0.2273104099010546 
2.654e-07      0.2263148905889739 
2.679e-07      0.223679060665362 
2.704e-07      0.2228378932003993 
2.729e-07      0.2219178082191781 
2.754e-07      0.2203097116848831 
2.779e-07      0.2201565557729941 
2.804e-07      0.2217441819241378 
2.829e-07      0.2219178082191781 
2.854e-07      0.2227559332557056 
2.879e-07      0.225440313111546 
2.904e-07      0.2263190690812125 
2.929e-07      0.2288699720529646 
2.954e-07      0.2324853228962818 
2.979e-07      0.2349771924061816 
3.004e-07      0.2395303326810176 
3.029e-07      0.2420287681897129 
3.054e-07      0.2479583695152346 
3.079e-07      0.2545296746675612 
3.104e-07      0.2561138588846532 
3.129e-07      0.263659567172999 
3.154e-07      0.2688960233388414 
3.179e-07      0.2759587176366567 
3.204e-07      0.2827045006796869 
3.229e-07      0.2882943701171 
3.254e-07      0.2958904109589041 
3.279e-07      0.3023602788366133 
3.304e-07      0.3108249887606189 
3.329e-07      0.3182321406238934 
3.354e-07      0.3275929549902153 
3.379e-07      0.3349572561508252 
3.404e-07      0.347167744443296 
3.429e-07      0.3540117416829746 
3.454e-07      0.3621189658002988 
3.479e-07      0.3707001352588284 
3.504e-07      0.3804305283757339 
3.529e-07      0.3893453776597475 
3.554e-07      0.398883022490397 
3.579e-07      0.4103718199608611 
3.604e-07      0.4184908153635199 
3.629e-07      0.4297455968688845 
3.654e-07      0.4385518590998043 
3.679e-07      0.4475436734088311 
3.704e-07      0.4596868884540117 
3.729e-07      0.4684931506849315 
3.754e-07      0.4790606653620352 
3.779e-07      0.4864282912757346 
3.804e-07      0.4984344422700587 
3.829e-07      0.5091704465426309 
3.854e-07      0.5162031464214786 
3.879e-07      0.526614481409002 
3.904e-07      0.5354207436399218 
3.929e-07      0.5427525681694106 
3.954e-07      0.5530332681017613 
3.979e-07      0.5636007827788649 
4.004e-07      0.5701169407984299 
4.029e-07      0.5794520547945206 
4.054e-07      0.585951055314313 
4.079e-07      0.5953033268101761 
4.104e-07      0.6017856152548807 
4.129e-07      0.6093933463796478 
4.154e-07      0.6158820493108371 
4.179e-07      0.6234833659491195 
4.204e-07      0.6283864423751154 
4.229e-07      0.6358121330724071 
4.254e-07      0.6410958904109589 
4.279e-07      0.6443907841809859 
4.304e-07      0.6525912292241364 
4.329e-07      0.6551859099804306 
4.354e-07      0.65848115571692 
4.379e-07      0.6639921722113503 
4.404e-07      0.6664632264952222 
4.429e-07      0.6692759295499021 
4.454e-07      0.6717400912884449 
4.479e-07      0.673647749890619 
4.504e-07      0.676320939334638 
4.529e-07      0.6771893814294843 
4.554e-07      0.678082191780822 
4.579e-07      0.6797225028797788 
4.604e-07      0.6798434442270059 
4.629e-07      0.6798434442270059 
4.654e-07      0.6782070543395357 
4.679e-07      0.6772295118511455 
4.704e-07      0.674559686888454 
4.729e-07      0.6737254979732659 
4.754e-07      0.6711795488858808 
4.779e-07      0.6675146771037183 
4.804e-07      0.6650990171159207 
4.829e-07      0.6604696673189824 
4.854e-07      0.6580258454367335 
4.879e-07      0.6534246575342466 
4.904e-07      0.6501122021838029 
4.929e-07      0.6419305856211096 
4.954000000000001e-07 0.6380243264191444 
4.979e-07      0.6321441107926503 
5.004e-07      0.6258353172186669 
5.029e-07      0.6181996086105676 
5.054e-07      0.6118340877219246 
5.079e-07      0.6041095890410959 
5.104e-07      0.5976853564897657 
5.129e-07      0.5900195694716243 
5.154e-07      0.582714795785673 
5.178999999999999e-07 0.5741682974559688 
5.204e-07      0.5659611555011791 
5.229e-07      0.5565557729941292 
5.254e-07      0.5477495107632094 
5.279e-07      0.540430797414397 
5.304e-07      0.53013698630137 
5.329e-07      0.5195694716242661 
5.354e-07      0.5121997644172619 
5.379e-07      0.5011102224405901 
5.403999999999999e-07 0.4913894324853229 
5.429e-07      0.4840222227749743 
5.454e-07      0.472550266914877 
5.479e-07      0.4632093933463797 
5.504e-07      0.4540608565866895 
5.529e-07      0.4420743639921722 
5.554e-07      0.4315068493150685 
5.579e-07      0.4242129904497659 
5.604e-07      0.412133072407045 
5.628999999999999e-07 0.4033268101761253 
5.654e-07      0.391697347342355 
5.679e-07      0.3854723602904938 
5.704e-07      0.375146771037182 
5.728999999999999e-07 0.3679016594685722 
5.754e-07      0.3557729941291585 
5.779e-07      0.3469667318982388 
5.804e-07      0.3395851102066382 
5.829e-07      0.3293314371572975 
5.854e-07      0.3223091976516634 
5.879e-07      0.3149989466172166 
5.904e-07      0.3064579256360078 
5.929e-07      0.2999822911476618 
5.953999999999999e-07 0.2906066536203523 
5.979e-07      0.285696587113102 
6.004e-07      0.2782778864970646 
6.029e-07      0.2717975092871358 
6.054e-07      0.265921088895177 
6.079e-07      0.2595849037717419 
6.104e-07      0.255584741489958 
6.129e-07      0.2500978473581214 
6.154e-07      0.2448140900195695 
6.178999999999999e-07 0.2423184805631337 
6.204e-07      0.236784292023905 
6.229e-07      0.2343513284974296 
6.254e-07      0.2307240704500979 
6.279e-07      0.2282160193034224 
6.304e-07      0.2263181630969035 
6.329e-07      0.223679060665362 
6.354e-07      0.2228396531667308 
6.379e-07      0.2219178082191781 
6.404e-07      0.2203109311290458 
6.429e-07      0.2201565557729941 
6.454e-07      0.2201565557729941 
6.479e-07      0.2217835916120438 
6.503999999999999e-07 0.2219178082191781 
6.529e-07      0.225440313111546 
6.554e-07      0.2263000807558871 
6.579e-07      0.2288580352712228 
6.604e-07      0.2298126341228372 
6.629e-07      0.2342465753424658 
6.654e-07      0.2367366455247733 
6.679e-07      0.2431641689024804 
6.704e-07      0.2465753424657534 
6.728999999999999e-07 0.2499047878243429 
6.754e-07      0.2580619294487792 
6.779e-07      0.2620264862701461 
6.804e-07      0.2677103718199609 
6.829e-07      0.2709745750073191 
6.854e-07      0.2794585611724165 
6.879e-07      0.2870841487279844 
6.904e-07      0.2935673530373856 
6.929e-07      0.301174168297456 
6.953999999999999e-07 0.3075594832322966 
6.979e-07      0.3171863074008515 
7.004e-07      0.3258317025440313 
7.029e-07      0.332348018503496 
7.054e-07      0.3416829745596869 
7.079e-07      0.3489919194660613 
7.104e-07      0.3592954990215264 
7.129e-07      0.3691754416722519 
7.154e-07      0.3771624220530511 
7.179e-07      0.3874755381604696 
7.204e-07      0.3980430528375734 
7.229e-07      0.4053456846983893 
7.254e-07      0.4174168297455969 
7.278999999999999e-07 0.4262230919765166 
7.304e-07      0.4367906066536204 
7.329e-07      0.444152349296451 
7.354e-07      0.4561643835616438 
7.379e-07      0.4667318982387476 
7.404e-07      0.4749235252500834 
7.429e-07      0.4861056751467711 
7.454e-07      0.4949119373776908 
7.479e-07      0.5038751101549879 
7.503999999999999e-07 0.5162529961875448 
7.529e-07      0.5248532289628179 
7.554e-07      0.5321718892192873 
7.579e-07      0.5426027055038816 
7.604e-07      0.5512720156555773 
7.629e-07      0.5594016306134995 
7.654e-07      0.5688845401174168 
7.679e-07      0.5776908023483366 
7.704e-07      0.5841597883052581 
7.729e-07      0.5926145129149446 
7.754e-07      0.6000191525487008 
7.779e-07      0.6076320939334638 
7.804e-07      0.6141095316609652 
7.828999999999999e-07 0.6217221135029354 
7.854e-07      0.6270058708414874 
7.879e-07      0.6340508806262231 
7.904e-07      0.6373410392106321 
7.929e-07      0.6446183953033269 
7.954e-07      0.6499021526418787 
7.979e-07      0.6551859099804306 
8.004e-07      0.657643016566409 
8.029e-07      0.6622309197651665 
8.053999999999999e-07 0.6646967083712522 
8.079e-07      0.6692759295499021 
8.104e-07      0.6701028279947826 
8.129e-07      0.6735241534712496 
8.154e-07      0.676320939334638 
8.179e-07      0.6771855851890973 
8.204e-07      0.678082191780822 
8.229e-07      0.6797195972683923 
8.254e-07      0.6798434442270059 
8.278999999999999e-07 0.6798434442270059 
8.304e-07      0.6782118926251168 
8.329e-07      0.678082191780822 
8.354e-07      0.6772347144330897 
8.379e-07      0.674559686888454 
8.404e-07      0.6721187994385588 
8.429e-07      0.6701994219840873 
8.454e-07      0.6657534246575342 
8.479e-07      0.6632948303348294 
8.504e-07      0.6587084148727985 
8.529e-07      0.6534246575342466 
8.554e-07      0.6509523886111844 
8.579e-07      0.6446183953033269 
8.603999999999999e-07 0.639334637964775 
8.629e-07      0.6361079188035449 
8.654e-07      0.6270058708414874 
8.679e-07      0.6205097751324001 
8.704e-07      0.6137347318301756 
8.729e-07      0.6082309175714167 
8.754e-07      0.598825831702544 
8.779e-07      0.5923475901773573 
8.804e-07      0.5847358121330725 
8.828999999999999e-07 0.5759295499021526 
8.854e-07      0.5685447594140258 
8.879e-07      0.5583170254403131 
8.904e-07      0.5510309484383413 
8.929e-07      0.5424657534246575 
8.954e-07      0.5318982387475538 
8.979e-07      0.5238023537064065 
9.004e-07      0.5142857142857143 
9.029e-07      0.502664755758768 
9.054e-07      0.4956061024847254 
9.079e-07      0.4843444227005871 
9.104e-07      0.4764624336444355 
9.129e-07      0.4665109325896077 
9.154e-07      0.4561643835616438 
9.179e-07      0.4455968688845401 
9.204e-07      0.4350293542074364 
9.229e-07      0.4277289771374458 
9.254e-07      0.416210080597507 
9.279e-07      0.4050880626223092 
9.304e-07      0.3969604924979431 
9.329e-07      0.3846137813495002 
9.354e-07      0.3769080234833659 
9.378999999999999e-07 0.368798280852426 
9.404e-07      0.3602234068762353 
9.429e-07      0.3504892367906066 
9.454e-07      0.3430994238925903 
9.479e-07      0.3328767123287671 
9.504e-07      0.325584402515283 
9.529e-07      0.3170254403131115 
9.554e-07      0.3082191780821918 
9.579e-07      0.3017545397089145 
9.604000000000002e-07 0.2941291585127202 
9.629000000000001e-07 0.2876256512805531 
9.654000000000001e-07 0.2800391389432485 
9.679000000000001e-07 0.273594177380814 
9.704000000000001e-07 0.2697031273023028 
9.729e-07      0.2606653620352251 
9.754e-07      0.2553816046966732 
9.779e-07      0.2500978473581214 
9.804e-07      0.2476331911630586 
9.828999999999999e-07 0.2412915851272016 
9.853999999999999e-07 0.2377690802348336 
9.879000000000001e-07 0.2352750097727455 
9.904000000000001e-07 0.2307240704500979 
9.929000000000001e-07 0.2298589975909591 
9.954e-07      0.2264198360375077 
9.979e-07      0.225440313111546 
1.0004e-06     0.2219178082191781 
1.0029e-06     0.2219178082191781 
1.0054e-06     0.220315031452741 
1.0079e-06     0.2201565557729941 
1.0104e-06     0.2201565557729941 
1.0129e-06     0.2217769484776165 
1.0154e-06     0.2219178082191781 
1.0179e-06     0.2227594453944092 
1.0204e-06     0.225440313111546 
1.0229e-06     0.2262930871093252 
1.0254e-06     0.2297241076353851 
1.0279e-06     0.2342465753424658 
1.0304e-06     0.2367552518900773 
1.0329e-06     0.2412915851272016 
1.0354e-06     0.2437729681679316 
1.0379e-06     0.2500978473581214 
1.0404e-06     0.2553816046966732 
1.0429e-06     0.2606653620352251 
1.0454e-06     0.2639846978974003 
1.0479e-06     0.2714799498046691 
1.0504e-06     0.2777477744021704 
1.0529e-06     0.2853228962818004 
1.0554e-06     0.2918357041334836 
1.0579e-06     0.299412915851272 
1.0604e-06     0.3059136778126084 
1.0629e-06     0.3143369738030873 
1.0654e-06     0.3217126290212467 
1.0679e-06     0.3311154598825832 
1.0704e-06     0.339921722113503 
1.0729e-06     0.3480729999941516 
1.0754e-06     0.3575342465753425 
1.0779e-06     0.3663405088062623 
1.0804e-06     0.3736642051456727 
1.0829e-06     0.3857142857142857 
1.0854e-06     0.3964762113524651 
1.0879e-06     0.4018543538942065 
1.0904e-06     0.413894324853229 
1.0929e-06     0.4244618395303327 
1.0954e-06     0.4325820892885444 
1.0979e-06     0.4438356164383562 
1.1004e-06     0.452641878669276 
1.1029e-06     0.4616858666203746 
1.1054e-06     0.4737769080234834 
1.1079e-06     0.4825831702544031 
1.1104e-06     0.4931506849315068 
1.1129e-06     0.5005042273093047 
1.1154e-06     0.5125244618395304 
1.1179e-06     0.5213307240704501 
1.1204e-06     0.5286637353213431 
1.1229e-06     0.5389432485322897 
1.1254e-06     0.5495107632093934 
1.1279e-06     0.556808670952021 
1.1304e-06     0.565362035225049 
1.1329e-06     0.5735277359085854 
1.1354e-06     0.5829745596868885 
1.1379e-06     0.5894052887658472 
1.1404e-06     0.5990136274989282 
1.1429e-06     0.6058708414872799 
1.1454e-06     0.612296519908106 
1.1479e-06     0.6199608610567515 
1.1504e-06     0.6232492111056758 
1.1529e-06     0.6317154882239632 
1.1554e-06     0.6377134415028601 
1.1579e-06     0.6424480995330316 
1.1604e-06     0.6490599575102566 
1.1629e-06     0.6514408148323718 
1.1654e-06     0.6569471624266144 
1.1679e-06     0.6622309197651665 
1.1704e-06     0.6646728608963945 
1.1729e-06     0.66658044089381 
1.1754e-06     0.6710371819960862 
1.1779e-06     0.6726868529561638 
1.1804e-06     0.6736449799232869 
1.1829e-06     0.678082191780822 
1.1854e-06     0.678082191780822 
1.1879e-06     0.679717447842469 
1.1904e-06     0.6798434442270059 
1.1929e-06     0.6798434442270059 
1.1954e-06     0.6782187674628201 
1.1979e-06     0.678082191780822 
1.2004e-06     0.6772144394886567 
1.2029e-06     0.674559686888454 
1.2054e-06     0.6737266651349677 
1.2079e-06     0.6703385884175226 
1.2104e-06     0.6657534246575342 
1.2129e-06     0.6641230920509295 
1.2154e-06     0.6594859060015026 
1.2179e-06     0.656258775625477 
1.2204e-06     0.6516634050880626 
1.2229e-06     0.6454440912775401 
1.2254e-06     0.6431319233212466 
1.2279e-06     0.6346435972730722 
1.2304e-06     0.6287514153486139 
1.2329e-06     0.6238604378840623 
1.2354e-06     0.6164383561643836 
1.2379e-06     0.6099829923218144 
1.2404e-06     0.6023483365949119 
1.2429e-06     0.5942651807773983 
1.2454e-06     0.5864970645792563 
1.2479e-06     0.5791785540867178 
1.2504e-06     0.5706457925636008 
1.2529e-06     0.5617144430921497 
1.2554e-06     0.5545387363531536 
1.2579e-06     0.5442270058708415 
1.2604e-06     0.5369571931655672 
1.2629e-06     0.5248532289628179 
1.2654e-06     0.5160469667318982 
1.2679e-06     0.5086663079636575 
1.2704e-06     0.4956268401481015 
1.2729e-06     0.487866927592955 
1.2754e-06     0.4772994129158513 
1.2779e-06     0.4699154835816813 
1.2804e-06     0.4579256360078278 
1.2829e-06     0.4473581213307241 
1.2854e-06     0.4392649208963477 
1.2879e-06     0.4279843444227006 
1.2904e-06     0.4183617253570587 
1.2929e-06     0.4101394847170181 
1.2954e-06     0.3998043052837574 
1.2979e-06     0.3892367906066536 
1.3004e-06     0.3819968862831808 
1.3029e-06     0.3698630136986301 
1.3054e-06     0.3610567514677104 
1.3079e-06     0.3537404596555622 
1.3104e-06     0.3434442270058709 
1.3129e-06     0.3346379647749511 
1.3154e-06     0.3281667685311363 
1.3179e-06     0.3187866927592955 
1.3204e-06     0.3114685202766685 
1.3229e-06     0.3029354207436399 
1.3254e-06     0.2964977691070177 
1.3279e-06     0.2888454011741683 
1.3304e-06     0.2823251722224339 
1.3329e-06     0.2747553816046967 
1.3354e-06     0.2694716242661448 
1.3379e-06     0.262426614481409 
1.3404e-06     0.2575644287845337 
1.3429e-06     0.2509425095892285 
1.3454e-06     0.2493811399123674 
1.3479e-06     0.2434537644245405 
1.3504e-06     0.2405662191315997 
1.3529e-06     0.2360078277886497 
1.3554e-06     0.2335119635613453 
1.3579e-06     0.2289628180039139 
1.3604e-06     0.2273045288480088 
1.3629e-06     0.2263149754510168 
1.3654e-06     0.223679060665362 
1.3679e-06     0.2228385402449793 
1.3704e-06     0.2203280525611324 
1.3729e-06     0.2201565557729941 
1.3754e-06     0.2201565557729941 
1.3779e-06     0.2217693150135221 
1.3804e-06     0.2219178082191781 
1.3829e-06     0.2227588579318779 
1.3854e-06     0.225440313111546 
1.3879e-06     0.2263187096619477 
1.3904e-06     0.2297338825059544 
1.3929e-06     0.2324853228962818 
1.3954e-06     0.2349862404184724 
1.3979e-06     0.2395303326810176 
1.4004e-06     0.2428622334990384 
1.4029e-06     0.2483365949119374 
1.4054e-06     0.2545216579775638 
1.4079e-06     0.2569566098983834 
1.4104e-06     0.2641878669275929 
1.4129e-06     0.2712328767123288 
1.4154e-06     0.2761194984326234 
1.4179e-06     0.2835616438356164 
1.4204e-06     0.2900726523842947 
1.4229e-06     0.297651663405088 
1.4254e-06     0.3041398414885966 
1.4279e-06     0.3117416829745597 
1.4304e-06     0.3198571350944783 
1.4329e-06     0.3293542074363993 
1.4354e-06     0.3358569737284248 
1.4379e-06     0.3471756967511729 
1.4404e-06     0.3540117416829746 
1.4429e-06     0.3629654874535934 
1.4454e-06     0.3735490415025866 
1.4479e-06     0.3821917808219178 
1.4504e-06     0.3903276248121095 
1.4529e-06     0.4026303525088478 
1.4554e-06     0.4103718199608611 
1.4579e-06     0.4193099631758447 
1.4604e-06     0.4299481215679994 
1.4629e-06     0.4403131115459882 
1.4654e-06     0.450880626223092 
1.4679e-06     0.4583028846053303 
1.4704e-06     0.4702544031311155 
1.4729e-06     0.4808219178082192 
1.4754e-06     0.488983695823436 
1.4779e-06     0.5001956947162427 
1.4804e-06     0.508097773145771 
1.4829e-06     0.5171607880723841 
1.4854e-06     0.5283757338551859 
1.4879e-06     0.5362653936116608 
1.4904e-06     0.5453013707544282 
1.4929e-06     0.5547945205479452 
1.4954e-06     0.5636007827788649 
1.4979e-06     0.5709801343435834 
1.5004e-06     0.5812133072407045 
1.5029e-06     0.5877155526298875 
1.5054e-06     0.5953033268101761 
1.5079e-06     0.6026001693917789 
1.5104e-06     0.6111545988258317 
1.5129e-06     0.6176491749421583 
1.5154e-06     0.6244129994763494 
1.5179e-06     0.6299737339519264 
1.5204e-06     0.6352656246557169 
1.5229e-06     0.6410958904109589 
1.5254e-06     0.6443780890744427 
1.5279e-06     0.6525903686225467 
1.5304e-06     0.6565226224827956 
1.5329e-06     0.6594097438866386 
1.5354e-06     0.6639921722113503 
1.5379e-06     0.6664634283027304 
1.5404e-06     0.6710371819960862 
1.5429e-06     0.6726726873950957 
1.5454e-06     0.6736494488997306 
1.5479e-06     0.676320939334638 
1.5504e-06     0.6771892534817998 
1.5529e-06     0.678082191780822 
1.5554e-06     0.6797225803441527 
1.5579e-06     0.6798434442270059 
1.5604e-06     0.678249937717836 
1.5629e-06     0.678082191780822 
1.5654e-06     0.6772190099674784 
1.5679e-06     0.674559686888454 
1.5704e-06     0.6737224600971049 
1.5729e-06     0.6711754400279261 
1.5754e-06     0.6675146771037183 
1.5779e-06     0.6650639029783473 
1.5804e-06     0.6604696673189824 
1.5829e-06     0.6580185813776458 
1.5854e-06     0.6521198866247369 
1.5879e-06     0.6454458205450453 
1.5904e-06     0.6439321869617994 
1.5929e-06     0.63640063261497 
1.5954e-06     0.6312073990525459 
1.5979e-06     0.6240465800517877 
1.6004e-06     0.6172715164060354 
1.6029e-06     0.6117666315940499 
1.6054e-06     0.6041095890410959 
1.6079e-06     0.5976468557502539 
1.6104e-06     0.5891912419574369 
1.6129e-06     0.5817739562715242 
1.6154e-06     0.5724070450097848 
1.6179e-06     0.5649757598666363 
1.6204e-06     0.5547903957642825 
1.6229e-06     0.5459882583170255 
1.6254e-06     0.5378917691874037 
1.6279e-06     0.5293028196890063 
1.6304e-06     0.5195694716242661 
1.6329e-06     0.5105706908711151 
1.6354e-06     0.5011190476171207 
1.6379e-06     0.489628180039139 
1.6404e-06     0.4814669785340884 
1.6429e-06     0.4702544031311155 
1.6454e-06     0.4614481409001957 
1.6479e-06     0.4523004505355909 
1.6504e-06     0.4403131115459882 
1.6529e-06     0.4315068493150685 
1.6554e-06     0.4209393346379648 
1.6579e-06     0.4136531096633506 
1.6604e-06     0.4015655577299413 
1.6629e-06     0.3907736682371726 
1.6654e-06     0.3838705631316613 
1.6679e-06     0.3733855185909981 
1.6704e-06     0.3645792563600783 
1.6729e-06     0.3572605887798925 
1.6754e-06     0.3469667318982388 
1.6779e-06     0.336399217221135 
1.6804e-06     0.3299449577036028 
1.6829e-06     0.3205479452054795 
1.6854e-06     0.314059812905291 
1.6879e-06     0.3046966731898239 
1.6904e-06     0.2982107091619941 
1.6929e-06     0.2906066536203523 
1.6954e-06     0.2840698632675002 
1.6979e-06     0.2765166340508807 
1.7004e-06     0.2716505204525384 
1.7029e-06     0.2641878669275929 
1.7054e-06     0.2589041095890411 
1.7079e-06     0.2555506728521801 
1.7104e-06     0.2474241750303943 
1.7129e-06     0.2448140900195695 
1.7154e-06     0.2414660170070262 
1.7179e-06     0.2360078277886497 
1.7204e-06     0.2335025959416652 
1.7229e-06     0.2307240704500979 
1.7254e-06     0.2282013042219092 
1.7279e-06     0.2263157579810505 
1.7304e-06     0.223679060665362 
1.7329e-06     0.2228393632346795 
1.7354e-06     0.2219178082191781 
1.7379e-06     0.2203086126988963 
1.7404e-06     0.2201565557729941 
1.7429e-06     0.2201565557729941 
1.7454e-06     0.2217901394644853 
1.7479e-06     0.222745905061015 
1.7504e-06     0.225440313111546 
1.7529e-06     0.2263148768830047 
1.7554e-06     0.2288662318475929 
1.7579e-06     0.2324853228962818 
1.7604e-06     0.2349418045348282 
1.7629e-06     0.2395303326810176 
1.7654e-06     0.2420176767718847 
1.7679e-06     0.2465753424657534 
1.7704e-06     0.2499044406094617 
1.7729e-06     0.2580581269590662 
1.7754e-06     0.2620432512112538 
1.7779e-06     0.2678935738491092 
1.7804e-06     0.2741738495079259 
1.7829e-06     0.2818003913894325 
1.7854e-06     0.288234128364659 
1.7879e-06     0.2958904109589041 
1.7904e-06     0.3023211580510726 
1.7929e-06     0.3099804305283758 
1.7954e-06     0.3172920557626477 
1.7979e-06     0.3258317025440313 
1.8004e-06     0.3339908657122453 
1.8029e-06     0.3425322418935686 
1.8054e-06     0.3522504892367906 
1.8079e-06     0.3595840636292935 
1.8104e-06     0.3698630136986301 
1.8129e-06     0.3804305283757339 
1.8154e-06     0.3877394253240954 
1.8179e-06     0.3989715796046738 
1.8204e-06     0.4086105675146771 
1.8229e-06     0.4159218539722697 
1.8254e-06     0.4275429221858045 
1.8279e-06     0.4367906066536204 
1.8304e-06     0.4457793854465925 
1.8329e-06     0.4579256360078278 
1.8354e-06     0.4684931506849315 
1.8379e-06     0.4758468895194611 
1.8404e-06     0.487866927592955 
1.8429e-06     0.4966731898238748 
1.8454e-06     0.5082691179827937 
1.8479e-06     0.5145999955207224 
1.8504e-06     0.5248532289628179 
1.8529e-06     0.5320906280603993 
1.8554e-06     0.5442270058708415 
1.8579e-06     0.5530332681017613 
1.8604e-06     0.5603425072558031 
1.8629e-06     0.5726281951359785 
1.8654e-06     0.5776908023483366 
1.8679e-06     0.5850146684227695 
1.8704e-06     0.5935420743639922 
1.8729e-06     0.6000337882303162 
1.8754e-06     0.6093933463796478 
1.8779e-06     0.6143064844957229 
1.8804e-06     0.6217221135029354 
1.8829e-06     0.62821876410835 
1.8854e-06     0.6341088420740263 
1.8879e-06     0.6403791812197421 
1.8904e-06     0.644357273642893 
1.8929e-06     0.6499021526418787 
1.8954e-06     0.6551859099804306 
1.8979e-06     0.6576483067296366 
1.9004e-06     0.6633125458377147 
1.9029e-06     0.6656448782435869 
1.9054e-06     0.6692759295499021 
1.9079e-06     0.6717243599740721 
1.9104e-06     0.6736442836215566 
1.9129e-06     0.676320939334638 
1.9154e-06     0.6771888699491441 
1.9179e-06     0.678082191780822 
1.9204e-06     0.6797214177887343 
1.9229e-06     0.6798434442270059 
1.9254e-06     0.6798434442270059 
1.9279e-06     0.6782094639479813 
1.9304e-06     0.678082191780822 
1.9329e-06     0.674559686888454 
1.9354e-06     0.6737374663885927 
1.9379e-06     0.6711868071965363 
1.9404e-06     0.6702147340745199 
1.9429e-06     0.6657534246575342 
1.9454e-06     0.6633075167609348 
1.9479e-06     0.65690398412727 
1.9504e-06     0.6534246575342466 
1.9529e-06     0.6501172591161295 
1.9554e-06     0.6419279018265049 
1.9579e-06     0.6380410358238777 
1.9604e-06     0.6322896281800392 
1.9629e-06     0.629045157220862 
1.9654e-06     0.6205492071380753 
1.9679e-06     0.6129158512720156 
1.9704e-06     0.6064892412870678 
1.9729e-06     0.598825831702544 
1.9754e-06     0.5924386891131933 
1.9779e-06     0.582954413138377 
1.9804e-06     0.5741682974559688 
1.9829e-06     0.5676152905725074 
1.9854e-06     0.5583170254403131 
1.9879e-06     0.5510659118370701 
1.9904e-06     0.5407045009784736 
1.9929e-06     0.5310043163401347 
1.9954e-06     0.5228296735663357 
1.9979e-06     0.5125244618395304 
2.0004e-06     0.5019569471624267 
2.0029e-06     0.4946535740069009 
2.0054e-06     0.4825831702544031 
2.0079e-06     0.4737769080234834 
2.0104e-06     0.4632093933463797 
2.0129e-06     0.4557347993278387 
2.0154e-06     0.4438356164383562 
2.0179e-06     0.4332681017612525 
2.0204e-06     0.4251607256017774 
2.0229e-06     0.413894324853229 
2.0254e-06     0.4050880626223092 
2.0279e-06     0.3961156625138716 
2.0304e-06     0.383731307906941 
2.0329e-06     0.375146771037182 
2.0354e-06     0.3678235934166909 
2.0379e-06     0.3575117154607215 
2.0404e-06     0.3487279843444228 
2.0429e-06     0.3405525266060785 
2.0454e-06     0.3311154598825832 
2.0479e-06     0.3223091976516634 
2.0504e-06     0.3158562962186321 
2.0529e-06     0.3074006703813188 
2.0554e-06     0.2999891878091511 
2.0579e-06     0.2923679060665362 
2.0604e-06     0.2858435797113596 
2.0629e-06     0.2782778864970646 
2.0654e-06     0.2729941291585127 
2.0679e-06     0.2659491193737769 
2.0704e-06     0.2626367644527359 
2.0729e-06     0.2553816046966732 
2.0754e-06     0.2500978473581214 
2.0779e-06     0.2448140900195695 
2.0804e-06     0.2423256542882961 
2.0829e-06     0.2377690802348336 
2.0854e-06     0.2352658849529891 
2.0879e-06     0.2307240704500979 
2.0904e-06     0.2298737594019929 
2.0929e-06     0.2264184699643767 
2.0954e-06     0.223679060665362 
2.0979e-06     0.2228424727548808 
2.1004e-06     0.2219178082191781 
2.1029e-06     0.2203125703142468 
2.1054e-06     0.2201565557729941 
2.1079e-06     0.2201565557729941 
2.1104e-06     0.2217798903371226 
2.1129e-06     0.2219178082191781 
2.1154e-06     0.222735294876812 
2.1179e-06     0.225440313111546 
2.1204e-06     0.2279509266451201 
2.1229e-06     0.2298282928542521 
2.1254e-06     0.2342465753424658 
2.1279e-06     0.2367476076900448 
2.1304e-06     0.2412915851272016 
2.1329e-06     0.2465753424657534 
2.1354e-06     0.2490629737049143 
2.1379e-06     0.2553816046966732 
2.1404e-06     0.2606653620352251 
2.1429e-06     0.2639132084753045 
2.1454e-06     0.2729941291585127 
2.1479e-06     0.2795004153464142 
2.1504e-06     0.2862528600635323 
2.1529e-06     0.2918369801080739 
2.1554e-06     0.301174168297456 
2.1579e-06     0.3076601015452951 
2.1604e-06     0.3152641878669276 
2.1629e-06     0.3240704500978474 
2.1654e-06     0.3314007334233215 
2.1679e-06     0.3416829745596869 
2.1704e-06     0.3490242933686926 
2.1729e-06     0.3592954990215264 
2.1754e-06     0.3671828763261389 
2.1779e-06     0.3762090936766588 
2.1804e-06     0.3857142857142857 
2.1829e-06     0.3973205196277996 
2.1854e-06     0.4044037274803747 
2.1879e-06     0.4156555772994129 
2.1904e-06     0.4235395228703848 
2.1929e-06     0.433411613852845 
2.1954e-06     0.4438356164383562 
2.1979e-06     0.4544031311154599 
2.2004e-06     0.4649706457925636 
2.2029e-06     0.4723547977992382 
2.2054e-06     0.4839480957116502 
2.2079e-06     0.4949119373776908 
2.2104e-06     0.503050309405674 
2.2129e-06     0.515376684614301 
2.2154e-06     0.5230919765166341 
2.2179e-06     0.531211978834344 
2.2204e-06     0.5397791664071976 
2.2229e-06     0.5495107632093934 
2.2254e-06     0.5568479648104052 
2.2279e-06     0.5671232876712329 
2.2304e-06     0.5744721010523596 
2.2329e-06     0.5829745596868885 
2.2354e-06     0.5917808219178082 
2.2379e-06     0.5982516939621157 
2.2404e-06     0.6058708414872799 
2.2429e-06     0.6123297404174929 
2.2454e-06     0.6199608610567515 
2.2479e-06     0.626415337814146 
2.2504e-06     0.6302740151596565 
2.2529e-06     0.639334637964775 
2.2554e-06     0.6446183953033269 
2.2579e-06     0.6499021526418787 
2.2604e-06     0.6523603332472966 
2.2629e-06     0.6587084148727985 
2.2654e-06     0.6622309197651665 
2.2679e-06     0.6646886708410644 
2.2704e-06     0.6692759295499021 
2.2729e-06     0.6701169738515388 
2.2754e-06     0.6735191816276207 
2.2779e-06     0.674559686888454 
2.2804e-06     0.678082191780822 
2.2829e-06     0.678082191780822 
2.2854e-06     0.679716024808882 
2.2879e-06     0.6798434442270059 
2.2904e-06     0.6798434442270059 
2.2929e-06     0.6782159509805992 
2.2954e-06     0.678082191780822 
2.2979e-06     0.6772158763525812 
2.3004e-06     0.674559686888454 
2.3029e-06     0.6737419262762879 
2.3054e-06     0.6703436261926973 
2.3079e-06     0.6657534246575342 
2.3104e-06     0.6632903985179455 
2.3129e-06     0.6587084148727985 
2.3154e-06     0.6562734263060193 
2.3179e-06     0.6499021526418787 
2.3204e-06     0.6446183953033269 
2.3229e-06     0.639334637964775 
2.3254e-06     0.6360327592960163 
2.3279e-06     0.6286198865438696 
2.3304e-06     0.6222637115164312 
2.3329e-06     0.6146771037181996 
2.3354e-06     0.6082185616130532 
2.3379e-06     0.6005870841487281 
2.3404e-06     0.5940987997482408 
2.3429e-06     0.5856657735797468 
2.3454e-06     0.5782953877888904 
2.3479e-06     0.5688845401174168 
2.3504e-06     0.560078277886497 
2.3529e-06     0.5519960055513389 
2.3554e-06     0.5424657534246575 
2.3579e-06     0.5336594911937378 
2.3604e-06     0.5263486627257771 
2.3629e-06     0.5142857142857143 
2.3654e-06     0.5035063852385524 
2.3679e-06     0.4981625451503015 
2.3704e-06     0.4861056751467711 
2.3729e-06     0.4755381604696673 
2.3754e-06     0.467364411300807 
2.3779e-06     0.4561643835616438 
2.3804e-06     0.4473581213307241 
2.3829e-06     0.438468336082158 
2.3854e-06     0.4262230919765166 
2.3879e-06     0.4174168297455969 
2.3904e-06     0.4068493150684931 
2.3929e-06     0.3995105993502928 
2.3954e-06     0.3874755381604696 
2.3979e-06     0.3786692759295499 
2.4004e-06     0.3713518336312636 
2.4029e-06     0.3610567514677104 
2.4054e-06     0.3504892367906066 
2.4079e-06     0.3431354701707686 
2.4104e-06     0.3346379647749511 
2.4129e-06     0.3265494455520679 
2.4154e-06     0.3170254403131115 
2.4179e-06     0.3106004333576184 
2.4204e-06     0.3011014458428291 
2.4229e-06     0.2941291585127202 
2.4254e-06     0.2876623327155908 
2.4279e-06     0.2800391389432485 
2.4304e-06     0.2767709789919278 
2.4329e-06     0.2682894529112843 
2.4354e-06     0.262405375455727 
2.4379e-06     0.2575432717963311 
2.4404e-06     0.2509424896505087 
2.4429e-06     0.2485380174714434 
2.4454e-06     0.2430528375733855 
2.4479e-06     0.2377690802348336 
2.4504e-06     0.2352917940352383 
2.4529e-06     0.2333959169579979 
2.4554e-06     0.2289628180039139 
2.4579e-06     0.2272908875833464 
2.4604e-06     0.2263169262386295 
2.4629e-06     0.2219178082191781 
2.4654e-06     0.2219178082191781 
2.4679e-06     0.2203195964864184 
2.4704e-06     0.2201565557729941 
2.4729e-06     0.2201565557729941 
2.4754e-06     0.2217725611878597 
2.4779e-06     0.2219178082191781 
2.4804e-06     0.222760727130382 
2.4829e-06     0.225440313111546 
2.4854e-06     0.2263153313124964 
2.4879e-06     0.2297280150051693 
2.4904e-06     0.2342465753424658 
2.4929e-06     0.2359092981379022 
2.4954e-06     0.2406393547716499 
2.4979e-06     0.2437871757151173 
2.5004e-06     0.2500978473581214 
2.5029e-06     0.2536203522504892 
2.5054e-06     0.2569256375798387 
2.5079e-06     0.2654102807855446 
2.5104e-06     0.2713347425270295 
2.5129e-06     0.276176524477896 
2.5154e-06     0.2835616438356164 
2.5179e-06     0.2900774408128377 
2.5204e-06     0.297651663405088 
2.5229e-06     0.3057496681424505 
2.5254e-06     0.3135029354207437 
2.5279e-06     0.3208173596684596 
2.5304e-06     0.3293542074363993 
2.5329e-06     0.338160469667319 
2.5354e-06     0.3455363861377579 
2.5379e-06     0.3557729941291585 
2.5404e-06     0.3630371326603062 
2.5429e-06     0.375146771037182 
2.5454e-06     0.3839530332681018 
2.5479e-06     0.3912622856875747 
2.5504e-06     0.404390716102671 
2.5529e-06     0.412133072407045 
2.5554e-06     0.4227005870841487 
2.5579e-06     0.4300332565554212 
2.5604e-06     0.4420743639921722 
2.5629e-06     0.452641878669276 
2.5654e-06     0.4608872141238591 
2.5679e-06     0.4720156555772995 
2.5704e-06     0.4818544150080854 
2.5729e-06     0.4899226736843836 
2.5754e-06     0.5001956947162427 
2.5779e-06     0.5107632093933464 
2.5804e-06     0.5180655398680704 
2.5829e-06     0.53013698630137 
2.5854e-06     0.5389432485322897 
