
time (s)       VT("/out") (V)


2.81e-08       0.5477495107632094 
3.06e-08       0.5565557729941292 
3.31e-08       0.564814146941063 
3.56e-08       0.5724070450097848 
3.81e-08       0.5812133072407045 
4.06e-08       0.5900195694716243 
4.31e-08       0.5970645792563601 
4.56e-08       0.6041095890410959 
4.81e-08       0.6111545988258317 
5.06e-08       0.6181996086105676 
5.31e-08       0.6252446183953033 
5.56e-08       0.6305283757338551 
5.81e-08       0.637573385518591 
6.06e-08       0.6428571428571429 
6.31e-08       0.6487062274286045 
6.560000000000001e-08 0.6513163305153133 
6.810000000000001e-08 0.6569471624266144 
7.060000000000001e-08 0.6601042271670655 
7.31e-08       0.6639921722113503 
7.56e-08       0.66715886884969 
7.809999999999999e-08 0.6710371819960862 
8.059999999999999e-08 0.6727984344422701 
8.31e-08       0.6740012890470438 
8.56e-08       0.676320939334638 
8.81e-08       0.6775426560505498 
9.06e-08       0.6798434442270059 
9.310000000000001e-08 0.6798434442270059 
9.560000000000001e-08 0.6798434442270059 
9.810000000000001e-08 0.678082191780822 
1.006e-07      0.678082191780822 
1.031e-07      0.676863223706366 
1.056e-07      0.674559686888454 
1.081e-07      0.673369782451462 
1.106e-07      0.6696330282076031 
1.131e-07      0.6675146771037183 
1.156e-07      0.66435254470487 
1.181e-07      0.6604696673189824 
1.206e-07      0.6561388899987317 
1.231e-07      0.6516634050880626 
1.256e-07      0.6458070190468415 
1.281e-07      0.6420477591076919 
1.306e-07      0.6358121330724071 
1.331e-07      0.6287671232876713 
1.356e-07      0.6234833659491195 
1.381e-07      0.6164383561643836 
1.406e-07      0.6093933463796478 
1.431e-07      0.6023483365949119 
1.456e-07      0.5953033268101761 
1.481e-07      0.5882583170254404 
1.506e-07      0.5794520547945206 
1.531e-07      0.5706457925636008 
1.556e-07      0.5636007827788649 
1.581e-07      0.5547945205479452 
1.606e-07      0.5459882583170255 
1.631e-07      0.5354207436399218 
1.656e-07      0.526614481409002 
1.681e-07      0.5178082191780823 
1.706e-07      0.5090019569471624 
1.731e-07      0.4980899779203687 
1.756e-07      0.489628180039139 
1.781e-07      0.4790606653620352 
1.806e-07      0.4702544031311155 
1.831e-07      0.4596868884540117 
1.856e-07      0.449119373776908 
1.881e-07      0.4403131115459882 
1.906e-07      0.4297455968688845 
1.931e-07      0.4191780821917809 
1.956e-07      0.4103718199608611 
1.981e-07      0.3998043052837574 
2.006e-07      0.3915790093448241 
2.031e-07      0.3821917808219178 
2.056e-07      0.3716242661448141 
2.081e-07      0.3633967998806458 
2.106e-07      0.3540117416829746 
2.131e-07      0.3452054794520548 
2.156e-07      0.336399217221135 
2.181e-07      0.3275929549902153 
2.206e-07      0.3187866927592955 
2.231e-07      0.3117416829745597 
2.256e-07      0.3046966731898239 
2.281e-07      0.2958904109589041 
2.306e-07      0.2888454011741683 
2.331e-07      0.2818003913894325 
2.356e-07      0.2759416775897555 
2.381e-07      0.2694716242661448 
2.406e-07      0.2644502119779165 
2.431e-07      0.2589041095890411 
2.456e-07      0.2545020573764266 
2.481e-07      0.2477754459415474 
2.506e-07      0.2430528375733855 
2.531e-07      0.2398510075471878 
2.556e-07      0.2360078277886497 
2.581e-07      0.2328000343668284 
2.606e-07      0.2289628180039139 
2.631e-07      0.22720156555773 
2.656e-07      0.225962640099737 
2.681e-07      0.223679060665362 
2.706e-07      0.2224856427111625 
2.731e-07      0.2219178082191781 
2.756e-07      0.2201565557729941 
2.781e-07      0.2201565557729941 
2.806e-07      0.2219178082191781 
2.831e-07      0.2219178082191781 
2.856e-07      0.2231081837449424 
2.881e-07      0.225440313111546 
2.906e-07      0.2266713195704493 
2.931e-07      0.2289628180039139 
2.956e-07      0.2324853228962818 
2.981e-07      0.2356816933846552 
3.006e-07      0.2395303326810176 
3.031e-07      0.2427332691681865 
3.056e-07      0.2483365949119374 
3.081e-07      0.2541774241783244 
3.106e-07      0.2568183598631268 
3.131e-07      0.2641878669275929 
3.156e-07      0.2692482738280782 
3.181e-07      0.2765166340508807 
3.206e-07      0.2823522501904501 
3.231e-07      0.2888454011741683 
3.256e-07      0.2958904109589041 
3.281e-07      0.3029354207436399 
3.306e-07      0.3111772392498557 
3.331e-07      0.3187866927592955 
3.356e-07      0.3275929549902153 
3.381e-07      0.336399217221135 
3.406e-07      0.3461109929755855 
3.431e-07      0.3540117416829746 
3.456e-07      0.3628180039138943 
3.481e-07      0.3710523857480652 
3.506e-07      0.3804305283757339 
3.531e-07      0.3909980430528376 
3.556e-07      0.3992352729796338 
3.581e-07      0.4103718199608611 
3.606e-07      0.4191780821917809 
3.631e-07      0.4297455968688845 
3.656e-07      0.4385518590998043 
3.681e-07      0.449119373776908 
3.706e-07      0.4596868884540117 
3.731e-07      0.4684931506849315 
3.756e-07      0.4790606653620352 
3.781e-07      0.487866927592955 
3.806e-07      0.4984344422700587 
3.831e-07      0.5081136950749203 
3.856e-07      0.5178082191780823 
3.881e-07      0.526614481409002 
3.906e-07      0.5354207436399218 
3.931e-07      0.5442270058708415 
3.956e-07      0.5530332681017613 
3.981e-07      0.5636007827788649 
4.006e-07      0.5706457925636008 
4.031e-07      0.5794520547945206 
4.056e-07      0.5864970645792563 
4.081e-07      0.5953033268101761 
4.106e-07      0.6023483365949119 
4.131e-07      0.6093933463796478 
4.156e-07      0.6164383561643836 
4.181e-07      0.6234833659491195 
4.206e-07      0.6287671232876713 
4.231e-07      0.6358121330724071 
4.256e-07      0.6410958904109589 
4.281e-07      0.6454475356486963 
4.306e-07      0.6522389787348996 
4.331e-07      0.6551859099804306 
4.356e-07      0.6595379071846305 
4.381e-07      0.6639921722113503 
4.406e-07      0.6671677274736958 
4.431e-07      0.6692759295499021 
4.456e-07      0.6724445922669186 
4.481e-07      0.6740000003798559 
4.506e-07      0.676320939334638 
4.531e-07      0.6775416319187211 
4.556e-07      0.678082191780822 
4.581e-07      0.6798434442270059 
4.606e-07      0.6798434442270059 
4.631e-07      0.6798434442270059 
4.656e-07      0.678082191780822 
4.681e-07      0.6768772613619087 
4.706e-07      0.674559686888454 
4.731e-07      0.6733732474840292 
4.756e-07      0.6710371819960862 
4.781e-07      0.6675146771037183 
4.806e-07      0.664394516137447 
4.831e-07      0.6604696673189824 
4.856000000000001e-07 0.6573213444582598 
4.881e-07      0.6534246575342466 
4.906e-07      0.6490554507160925 
4.931e-07      0.6422828361103464 
4.956000000000001e-07 0.637573385518591 
4.981e-07      0.6322896281800392 
5.006e-07      0.6252446183953033 
5.031e-07      0.6181996086105676 
5.056e-07      0.6111545988258317 
5.081000000000001e-07 0.6041095890410959 
5.106e-07      0.5970645792563601 
5.131e-07      0.5900195694716243 
5.156e-07      0.5812133072407045 
5.181e-07      0.5741682974559688 
5.206e-07      0.565362035225049 
5.231e-07      0.5565557729941292 
5.256e-07      0.5477495107632094 
5.281e-07      0.5389432485322897 
5.306000000000001e-07 0.53013698630137 
5.331e-07      0.5195694716242661 
5.356e-07      0.5107632093933464 
5.381e-07      0.5014624729298269 
5.406e-07      0.4913894324853229 
5.431e-07      0.4825831702544031 
5.456e-07      0.4720156555772995 
5.481e-07      0.4632093933463797 
5.506e-07      0.452641878669276 
5.531e-07      0.4420743639921722 
5.556e-07      0.4315068493150685 
5.581e-07      0.4227005870841487 
5.606e-07      0.412133072407045 
5.631e-07      0.4033268101761253 
5.656e-07      0.3924018483208285 
5.681e-07      0.3839530332681018 
5.706e-07      0.375146771037182 
5.731e-07      0.3663405088062623 
5.756e-07      0.3557729941291585 
5.781e-07      0.3469667318982388 
5.806e-07      0.338160469667319 
5.831e-07      0.3293542074363993 
5.856000000000001e-07 0.3223091976516634 
5.881e-07      0.3135029354207437 
5.906e-07      0.3064579256360078 
5.931e-07      0.299412915851272 
5.956e-07      0.2906066536203523 
5.981e-07      0.2853228962818004 
6.006e-07      0.2782778864970646 
6.031e-07      0.2712328767123288 
6.056e-07      0.2659491193737769 
6.081000000000001e-07 0.2589041095890411 
6.106e-07      0.2545279900222475 
6.131e-07      0.2500978473581214 
6.156e-07      0.2448140900195695 
6.181e-07      0.2416139795846601 
6.206e-07      0.2364320415346682 
6.231e-07      0.2342465753424658 
6.256e-07      0.2307240704500979 
6.281e-07      0.2275115183249488 
6.306e-07      0.2259659126076667 
6.331e-07      0.223679060665362 
6.356e-07      0.222487402677494 
6.381e-07      0.2219178082191781 
6.406000000000001e-07 0.2201565557729941 
6.431e-07      0.2201565557729941 
6.456e-07      0.2201565557729941 
6.481e-07      0.2219178082191781 
6.506e-07      0.2219178082191781 
6.531e-07      0.225440313111546 
6.556e-07      0.226652331245124 
6.581e-07      0.2289628180039139 
6.606e-07      0.230164884612074 
6.631000000000001e-07 0.2342465753424658 
6.656e-07      0.2374411465032469 
6.681e-07      0.2430528375733855 
6.706e-07      0.2465753424657534 
6.731e-07      0.2509615392920533 
6.756e-07      0.2577096789595424 
6.781e-07      0.262426614481409 
6.806e-07      0.2677103718199609 
6.831e-07      0.2720313264750296 
6.856000000000001e-07 0.2800391389432485 
6.881e-07      0.2870841487279844 
6.906e-07      0.2941291585127202 
6.931e-07      0.301174168297456 
6.956e-07      0.3082191780821918 
6.981e-07      0.3170254403131115 
7.006e-07      0.3258317025440313 
7.031e-07      0.3328767123287671 
7.056e-07      0.3416829745596869 
7.081e-07      0.3504892367906066 
7.106e-07      0.3592954990215264 
7.131e-07      0.3698630136986301 
7.156e-07      0.3786692759295499 
7.181000000000001e-07 0.3874755381604696 
7.206e-07      0.3980430528375734 
7.231e-07      0.4068493150684931 
7.256e-07      0.4174168297455969 
7.281e-07      0.4262230919765166 
7.306e-07      0.4367906066536204 
7.331e-07      0.4455968688845401 
7.356e-07      0.4561643835616438 
7.381e-07      0.4667318982387476 
7.406000000000001e-07 0.4755381604696673 
7.431e-07      0.4861056751467711 
7.456e-07      0.4949119373776908 
7.481e-07      0.5054794520547945 
7.506e-07      0.5151962447198344 
7.531e-07      0.5248532289628179 
7.556e-07      0.5336594911937378 
7.581e-07      0.5424657534246575 
7.606e-07      0.5512720156555773 
7.631000000000001e-07 0.560078277886497 
7.656e-07      0.5688845401174168 
7.681e-07      0.5776908023483366 
7.706e-07      0.5847358121330725 
7.731000000000001e-07 0.5929667634041814 
7.756e-07      0.6005870841487281 
7.781e-07      0.6076320939334638 
7.806e-07      0.6146771037181996 
7.831e-07      0.6217221135029354 
7.856e-07      0.6270058708414874 
7.881e-07      0.6340508806262231 
7.906e-07      0.6383977906783426 
7.931e-07      0.6446183953033269 
7.956000000000001e-07 0.6499021526418787 
7.981e-07      0.6551859099804306 
8.006e-07      0.6583475175448826 
8.031e-07      0.6622309197651665 
8.056e-07      0.6654012093497258 
8.081e-07      0.6692759295499021 
8.106e-07      0.6704550784840194 
8.131e-07      0.6742286544497232 
8.156e-07      0.676320939334638 
8.181000000000001e-07 0.6775378356783341 
8.206e-07      0.678082191780822 
8.231e-07      0.6798434442270059 
8.256e-07      0.6798434442270059 
8.281e-07      0.6798434442270059 
8.306e-07      0.678082191780822 
8.331e-07      0.678082191780822 
8.356e-07      0.6768824639438528 
8.381e-07      0.674559686888454 
8.406e-07      0.671414298460085 
8.431e-07      0.6698471714948504 
8.456e-07      0.6657534246575342 
8.481e-07      0.6625903293563558 
8.506000000000001e-07 0.6587084148727985 
8.531e-07      0.6534246575342466 
8.556e-07      0.6502478876327107 
8.581e-07      0.6446183953033269 
8.606e-07      0.639334637964775 
8.631e-07      0.6350511673358343 
8.656e-07      0.6270058708414874 
8.681e-07      0.6199608610567515 
8.706e-07      0.6140869823194125 
8.731000000000001e-07 0.6076320939334638 
8.756e-07      0.598825831702544 
8.781e-07      0.5917808219178082 
8.806e-07      0.5847358121330725 
8.831e-07      0.5759295499021526 
8.856e-07      0.5671232876712329 
8.881e-07      0.5583170254403131 
8.906e-07      0.5495107632093934 
8.931e-07      0.5424657534246575 
8.956000000000001e-07 0.5318982387475538 
8.981e-07      0.5230919765166341 
9.006e-07      0.5142857142857143 
9.031e-07      0.5033692567372416 
9.056000000000001e-07 0.4949119373776908 
9.081e-07      0.4843444227005871 
9.106e-07      0.4761101831551987 
9.131e-07      0.4649706457925636 
9.156e-07      0.4561643835616438 
9.181e-07      0.4455968688845401 
9.206e-07      0.4350293542074364 
9.231e-07      0.4262230919765166 
9.256e-07      0.4156555772994129 
9.281000000000001e-07 0.4050880626223092 
9.306e-07      0.3962818003913894 
9.331e-07      0.3853182823279739 
9.356e-07      0.3769080234833659 
9.381e-07      0.3681017612524461 
9.406e-07      0.3598711563869985 
9.431e-07      0.3504892367906066 
9.456e-07      0.3416829745596869 
9.481e-07      0.3328767123287671 
9.506000000000001e-07 0.3240704500978474 
9.531e-07      0.3170254403131115 
9.556e-07      0.3082191780821918 
9.581e-07      0.301174168297456 
9.606000000000002e-07 0.2941291585127202 
9.631000000000001e-07 0.2870841487279844 
9.656000000000001e-07 0.2800391389432485 
9.681000000000001e-07 0.2729941291585127 
9.706000000000001e-07 0.2686463758345924 
9.731000000000001e-07 0.2606653620352251 
9.756e-07      0.2553816046966732 
9.781e-07      0.2500978473581214 
9.806e-07      0.246928690184585 
9.831e-07      0.2412915851272016 
9.855999999999999e-07 0.2377690802348336 
9.881000000000001e-07 0.2345705087942719 
9.906000000000001e-07 0.2307240704500979 
9.931000000000001e-07 0.2295067471017223 
9.956e-07      0.2257153350590341 
9.981e-07      0.225440313111546 
1.0006e-06     0.2219178082191781 
1.0031e-06     0.2219178082191781 
1.0056e-06     0.2201565557729941 
1.0081e-06     0.2201565557729941 
1.0106e-06     0.2201565557729941 
1.0131e-06     0.2219178082191781 
1.0156e-06     0.2219178082191781 
1.0181e-06     0.223111695883646 
1.0206e-06     0.225440313111546 
1.0231e-06     0.226645337598562 
1.0256e-06     0.2304286086138587 
1.0281e-06     0.2342465753424658 
1.0306e-06     0.2374597528685509 
1.0331e-06     0.2412915851272016 
1.0356e-06     0.2444774691464052 
1.0381e-06     0.2500978473581214 
1.0406e-06     0.2553816046966732 
1.0431e-06     0.2606653620352251 
1.0456e-06     0.2650414493651107 
1.0481e-06     0.2712328767123288 
1.0506e-06     0.2782778864970646 
1.0531e-06     0.2853228962818004 
1.0556e-06     0.2923679060665362 
1.0581e-06     0.299412915851272 
1.0606e-06     0.3064579256360078 
1.0631e-06     0.314689224292324 
1.0656e-06     0.3223091976516634 
1.0681e-06     0.3311154598825832 
1.0706e-06     0.339921722113503 
1.0731e-06     0.3487279843444228 
1.0756e-06     0.3575342465753425 
1.0781e-06     0.3663405088062623 
1.0806e-06     0.375146771037182 
1.0831e-06     0.3857142857142857 
1.0856e-06     0.3954194598847546 
1.0881e-06     0.4033268101761253 
1.0906e-06     0.413894324853229 
1.0931e-06     0.4244618395303327 
1.0956e-06     0.4332681017612525 
1.0981e-06     0.4438356164383562 
1.1006e-06     0.452641878669276 
1.1031e-06     0.4632093933463797 
1.1056e-06     0.4737769080234834 
1.1081e-06     0.4825831702544031 
1.1106e-06     0.4931506849315068 
1.1131e-06     0.5019569471624267 
1.1156e-06     0.5125244618395304 
1.1181e-06     0.5213307240704501 
1.1206e-06     0.53013698630137 
1.1231e-06     0.5389432485322897 
1.1256e-06     0.5495107632093934 
1.1281e-06     0.5583170254403131 
1.1306e-06     0.565362035225049 
1.1331e-06     0.5741682974559688 
1.1356e-06     0.5829745596868885 
1.1381e-06     0.5900195694716243 
1.1406e-06     0.598825831702544 
1.1431e-06     0.6058708414872799 
1.1456e-06     0.6129158512720156 
1.1481e-06     0.6199608610567515 
1.1506e-06     0.6243059625733862 
1.1531e-06     0.6322896281800392 
1.1556e-06     0.637573385518591 
1.1581e-06     0.6428571428571429 
1.1606e-06     0.6487077070210198 
1.1631e-06     0.6524975663000823 
1.1656e-06     0.6569471624266144 
1.1681e-06     0.6622309197651665 
1.1706e-06     0.6653773618748681 
1.1731e-06     0.6669326913830469 
1.1756e-06     0.6710371819960862 
1.1781e-06     0.6727984344422701 
1.1806e-06     0.6739972304125237 
1.1831e-06     0.678082191780822 
1.1856e-06     0.678082191780822 
1.1881e-06     0.6798434442270059 
1.1906e-06     0.6798434442270059 
1.1931e-06     0.6798434442270059 
1.1956e-06     0.678082191780822 
1.1981e-06     0.678082191780822 
1.2006e-06     0.6768621889994199 
1.2031e-06     0.674559686888454 
1.2056e-06     0.6733744146457309 
1.2081e-06     0.669634087439049 
1.2106e-06     0.6657534246575342 
1.2131e-06     0.6639921722113503 
1.2156e-06     0.6591336555122658 
1.2181e-06     0.6555542746470033 
1.2206e-06     0.6516634050880626 
1.2231e-06     0.6457963417667769 
1.2256e-06     0.6420751718535362 
1.2281e-06     0.6340508806262231 
1.2306e-06     0.6287671232876713 
1.2331e-06     0.6234833659491195 
1.2356e-06     0.6164383561643836 
1.2381e-06     0.6093933463796478 
1.2406e-06     0.6023483365949119 
1.2431e-06     0.5935420743639922 
1.2456e-06     0.5864970645792563 
1.2481e-06     0.5776908023483366 
1.2506e-06     0.5706457925636008 
1.2531e-06     0.5618395303326811 
1.2556e-06     0.5530332681017613 
1.2581e-06     0.5442270058708415 
1.2606e-06     0.5354207436399218 
1.2631e-06     0.5248532289628179 
1.2656e-06     0.5160469667318982 
1.2681e-06     0.5072407045009785 
1.2706e-06     0.4963313411265751 
1.2731e-06     0.487866927592955 
1.2756e-06     0.4772994129158513 
1.2781e-06     0.4684931506849315 
1.2806e-06     0.4579256360078278 
1.2831e-06     0.4473581213307241 
1.2856e-06     0.4385518590998043 
1.2881e-06     0.4279843444227006 
1.2906e-06     0.417657224378585 
1.2931e-06     0.4086105675146771 
1.2956e-06     0.3998043052837574 
1.2981e-06     0.3892367906066536 
1.3006e-06     0.3804305283757339 
1.3031e-06     0.3698630136986301 
1.3056e-06     0.3610567514677104 
1.3081e-06     0.3522504892367906 
1.3106e-06     0.3434442270058709 
1.3131e-06     0.3346379647749511 
1.3156e-06     0.3275929549902153 
1.3181e-06     0.3187866927592955 
1.3206e-06     0.3099804305283758 
1.3231e-06     0.3029354207436399 
1.3256e-06     0.2958904109589041 
1.3281e-06     0.2888454011741683 
1.3306e-06     0.2818003913894325 
1.3331e-06     0.2747553816046967 
1.3356e-06     0.2694716242661448 
1.3381e-06     0.262426614481409 
1.3406e-06     0.2571428571428572 
1.3431e-06     0.2512947600784654 
1.3456e-06     0.2486766389338937 
1.3481e-06     0.2430528375733855 
1.3506e-06     0.2398617181531261 
1.3531e-06     0.2360078277886497 
1.3556e-06     0.2328074625828717 
1.3581e-06     0.2289628180039139 
1.3606e-06     0.22720156555773 
1.3631e-06     0.22596272496178 
1.3656e-06     0.223679060665362 
1.3681e-06     0.2224862897557424 
1.3706e-06     0.2201565557729941 
1.3731e-06     0.2201565557729941 
1.3756e-06     0.2201565557729941 
1.3781e-06     0.2219178082191781 
1.3806e-06     0.2219178082191781 
1.3831e-06     0.2231111084211148 
1.3856e-06     0.225440313111546 
1.3881e-06     0.2266709601511845 
1.3906e-06     0.230438383484428 
1.3931e-06     0.2324853228962818 
1.3956e-06     0.235690741396946 
1.3981e-06     0.2395303326810176 
1.4006e-06     0.2439189849667489 
1.4031e-06     0.2483365949119374 
1.4056e-06     0.2541694074883269 
1.4081e-06     0.2580133613660938 
1.4106e-06     0.2641878669275929 
1.4131e-06     0.2712328767123288 
1.4156e-06     0.2765166340508807 
1.4181e-06     0.2835616438356164 
1.4206e-06     0.2906066536203523 
1.4231e-06     0.297651663405088 
1.4256e-06     0.3046966731898239 
1.4281e-06     0.3117416829745597 
1.4306e-06     0.3205479452054795 
1.4331e-06     0.3293542074363993 
1.4356e-06     0.336399217221135 
1.4381e-06     0.3461189452834624 
1.4406e-06     0.3540117416829746 
1.4431e-06     0.3645792563600783 
1.4456e-06     0.3733855185909981 
1.4481e-06     0.3821917808219178 
1.4506e-06     0.3909980430528376 
1.4531e-06     0.4019258515303742 
1.4556e-06     0.4103718199608611 
1.4581e-06     0.4209393346379648 
1.4606e-06     0.4297455968688845 
1.4631e-06     0.4403131115459882 
1.4656e-06     0.450880626223092 
1.4681e-06     0.4596868884540117 
1.4706e-06     0.4702544031311155 
1.4731e-06     0.4808219178082192 
1.4756e-06     0.489628180039139 
1.4781e-06     0.5001956947162427 
1.4806e-06     0.5084500236350078 
1.4831e-06     0.5178082191780823 
1.4856e-06     0.5283757338551859 
1.4881e-06     0.5366176441008976 
1.4906e-06     0.5459882583170255 
1.4931e-06     0.5547945205479452 
1.4956e-06     0.5636007827788649 
1.4981e-06     0.5724070450097848 
1.5006e-06     0.5812133072407045 
1.5031e-06     0.5882583170254404 
1.5056e-06     0.5953033268101761 
1.5081e-06     0.6041095890410959 
1.5106e-06     0.6111545988258317 
1.5131e-06     0.6181996086105676 
1.5156e-06     0.6240607489871126 
1.5181e-06     0.6305283757338551 
1.5206e-06     0.6356178751449537 
1.5231e-06     0.6410958904109589 
1.5256e-06     0.6454348405421532 
1.5281e-06     0.6522381181333099 
1.5306e-06     0.6569471624266144 
1.5331e-06     0.6601142448651123 
1.5356e-06     0.6639921722113503 
1.5381e-06     0.6671679292812041 
1.5406e-06     0.6710371819960862 
1.5431e-06     0.6727984344422701 
1.5456e-06     0.6740016993889674 
1.5481e-06     0.676320939334638 
1.5506e-06     0.6775415039710366 
1.5531e-06     0.678082191780822 
1.5556e-06     0.6798434442270059 
1.5581e-06     0.6798434442270059 
1.5606e-06     0.678082191780822 
1.5631e-06     0.678082191780822 
1.5656e-06     0.6768667594782416 
1.5681e-06     0.674559686888454 
1.5706e-06     0.6733702096078681 
1.5731e-06     0.6710371819960862 
1.5756e-06     0.6675146771037183 
1.5781e-06     0.6643594019998736 
1.5806e-06     0.6604696673189824 
1.5831e-06     0.6573140803991722 
1.5856e-06     0.6516634050880626 
1.5881e-06     0.6457980710342821 
1.5906e-06     0.6432276859833258 
1.5931e-06     0.6358121330724071 
1.5956e-06     0.630855148563309 
1.5981e-06     0.6234833659491195 
1.6006e-06     0.6176237668952722 
1.6031e-06     0.6111545988258317 
1.6056e-06     0.6041095890410959 
1.6081e-06     0.5970645792563601 
1.6106e-06     0.5888389914682001 
1.6131e-06     0.5812133072407045 
1.6156e-06     0.5724070450097848 
1.6181e-06     0.5636007827788649 
1.6206e-06     0.5547945205479452 
1.6231e-06     0.5459882583170255 
1.6256e-06     0.5371819960861057 
1.6281e-06     0.5289505691997693 
1.6306e-06     0.5195694716242661 
1.6331e-06     0.5090019569471624 
1.6356e-06     0.5007667971278837 
1.6381e-06     0.489628180039139 
1.6406e-06     0.4808219178082192 
1.6431e-06     0.4702544031311155 
1.6456e-06     0.4614481409001957 
1.6481e-06     0.450880626223092 
1.6506e-06     0.4403131115459882 
1.6531e-06     0.4315068493150685 
1.6556e-06     0.4209393346379648 
1.6581e-06     0.412133072407045 
1.6606e-06     0.4015655577299413 
1.6631e-06     0.3918304197048831 
1.6656e-06     0.3821917808219178 
1.6681e-06     0.3733855185909981 
1.6706e-06     0.3645792563600783 
1.6731e-06     0.3557729941291585 
1.6756e-06     0.3469667318982388 
1.6781e-06     0.336399217221135 
1.6806e-06     0.3293542074363993 
1.6831e-06     0.3205479452054795 
1.6856e-06     0.3135029354207437 
1.6881e-06     0.3046966731898239 
1.6906e-06     0.297651663405088 
1.6931e-06     0.2906066536203523 
1.6956e-06     0.2835616438356164 
1.6981e-06     0.2765166340508807 
1.7006e-06     0.2712328767123288 
1.7031e-06     0.2641878669275929 
1.7056e-06     0.2589041095890411 
1.7081e-06     0.2544939213844697 
1.7106e-06     0.2477764255196312 
1.7131e-06     0.2448140900195695 
1.7156e-06     0.2404092655393157 
1.7181e-06     0.2360078277886497 
1.7206e-06     0.2327980949631916 
1.7231e-06     0.2307240704500979 
1.7256e-06     0.2274968032434356 
1.7281e-06     0.2259635074918137 
1.7306e-06     0.223679060665362 
1.7331e-06     0.2224871127454427 
1.7356e-06     0.2219178082191781 
1.7381e-06     0.2201565557729941 
1.7406e-06     0.2201565557729941 
1.7431e-06     0.2201565557729941 
1.7456e-06     0.2219178082191781 
1.7481e-06     0.2230981555502518 
1.7506e-06     0.225440313111546 
1.7531e-06     0.2266671273722415 
1.7556e-06     0.2289628180039139 
1.7581e-06     0.2324853228962818 
1.7606e-06     0.2356463055133019 
1.7631e-06     0.2395303326810176 
1.7656e-06     0.2427221777503583 
1.7681e-06     0.2465753424657534 
1.7706e-06     0.2509611920771722 
1.7731e-06     0.2577058764698293 
1.7756e-06     0.262426614481409 
1.7781e-06     0.2677103718199609 
1.7806e-06     0.2747553816046967 
1.7831e-06     0.2818003913894325 
1.7856e-06     0.2888454011741683 
1.7881e-06     0.2958904109589041 
1.7906e-06     0.3029354207436399 
1.7931e-06     0.3099804305283758 
1.7956e-06     0.3187866927592955 
1.7981e-06     0.3258317025440313 
1.8006e-06     0.3346379647749511 
1.8031e-06     0.3428844923828054 
1.8056e-06     0.3522504892367906 
1.8081e-06     0.3610567514677104 
1.8106e-06     0.3698630136986301 
1.8131e-06     0.3804305283757339 
1.8156e-06     0.3892367906066536 
1.8181e-06     0.398619329115437 
1.8206e-06     0.4086105675146771 
1.8231e-06     0.4174168297455969 
1.8256e-06     0.4279843444227006 
1.8281e-06     0.4367906066536204 
1.8306e-06     0.4473581213307241 
1.8331e-06     0.4579256360078278 
1.8356e-06     0.4684931506849315 
1.8381e-06     0.4772994129158513 
1.8406e-06     0.487866927592955 
1.8431e-06     0.4966731898238748 
1.8456e-06     0.50756461700432 
1.8481e-06     0.5160469667318982 
1.8506e-06     0.5248532289628179 
1.8531e-06     0.5336594911937378 
1.8556e-06     0.5442270058708415 
1.8581e-06     0.5530332681017613 
1.8606e-06     0.5618395303326811 
1.8631e-06     0.5715714436682681 
1.8656e-06     0.5776908023483366 
1.8681e-06     0.5864970645792563 
1.8706e-06     0.5935420743639922 
1.8731e-06     0.6005870841487281 
1.8756e-06     0.6093933463796478 
1.8781e-06     0.6146771037181996 
1.8806e-06     0.6217221135029354 
1.8831e-06     0.6287671232876713 
1.8856e-06     0.6340508806262231 
1.8881e-06     0.6410958904109589 
1.8906e-06     0.6454140251106033 
1.8931e-06     0.6499021526418787 
1.8956e-06     0.6551859099804306 
1.8981e-06     0.6583528077081102 
1.9006e-06     0.6636647963269515 
1.9031e-06     0.6657534246575342 
1.9056e-06     0.6692759295499021 
1.9081e-06     0.6724288609525457 
1.9106e-06     0.6739965341107934 
1.9131e-06     0.676320939334638 
1.9156e-06     0.6775411204383809 
1.9181e-06     0.678082191780822 
1.9206e-06     0.6798434442270059 
1.9231e-06     0.6798434442270059 
1.9256e-06     0.6798434442270059 
1.9281e-06     0.678082191780822 
1.9306e-06     0.678082191780822 
1.9331e-06     0.674559686888454 
1.9356e-06     0.6733852158993558 
1.9381e-06     0.6710371819960862 
1.9406e-06     0.6698624835852831 
1.9431e-06     0.6657534246575342 
1.9456e-06     0.6626030157824612 
1.9481e-06     0.6569471624266144 
1.9506e-06     0.6534246575342466 
1.9531e-06     0.6490605076484192 
1.9556e-06     0.6422801523157418 
1.9581e-06     0.637573385518591 
1.9606e-06     0.6322896281800392 
1.9631e-06     0.6279884057531515 
1.9656e-06     0.6199608610567515 
1.9681e-06     0.6129158512720156 
1.9706e-06     0.6058708414872799 
1.9731e-06     0.598825831702544 
1.9756e-06     0.5917808219178082 
1.9781e-06     0.5829745596868885 
1.9806e-06     0.5741682974559688 
1.9831e-06     0.5671232876712329 
1.9856e-06     0.5583170254403131 
1.9881e-06     0.5495107632093934 
1.9906e-06     0.5407045009784736 
1.9931e-06     0.5302998153616612 
1.9956e-06     0.5213307240704501 
1.9981e-06     0.5125244618395304 
2.0006e-06     0.5019569471624267 
2.0031e-06     0.4931506849315068 
2.0056e-06     0.4825831702544031 
2.0081e-06     0.4737769080234834 
2.0106e-06     0.4632093933463797 
2.0131e-06     0.4544031311154599 
2.0156e-06     0.4438356164383562 
2.0181e-06     0.4332681017612525 
2.0206e-06     0.4244618395303327 
2.0231e-06     0.413894324853229 
2.0256e-06     0.4050880626223092 
2.0281e-06     0.3945205479452055 
2.0306e-06     0.3847880593746515 
2.0331e-06     0.375146771037182 
2.0356e-06     0.3663405088062623 
2.0381e-06     0.3575342465753425 
2.0406e-06     0.3487279843444228 
2.0431e-06     0.339921722113503 
2.0456e-06     0.3311154598825832 
2.0481e-06     0.3223091976516634 
2.0506e-06     0.3152641878669276 
2.0531e-06     0.307048419892082 
2.0556e-06     0.299412915851272 
2.0581e-06     0.2923679060665362 
2.0606e-06     0.2853228962818004 
2.0631e-06     0.2782778864970646 
2.0656e-06     0.2729941291585127 
2.0681e-06     0.2659491193737769 
2.0706e-06     0.2615800129850255 
2.0731e-06     0.2553816046966732 
2.0756e-06     0.2500978473581214 
2.0781e-06     0.2448140900195695 
2.0806e-06     0.2416211533098225 
2.0831e-06     0.2377690802348336 
2.0856e-06     0.2345613839745155 
2.0881e-06     0.2307240704500979 
2.0906e-06     0.2295215089127561 
2.0931e-06     0.225713968985903 
2.0956e-06     0.223679060665362 
2.0981e-06     0.2224902222656439 
2.1006e-06     0.2219178082191781 
2.1031e-06     0.2201565557729941 
2.1056e-06     0.2201565557729941 
2.1081e-06     0.2201565557729941 
2.1106e-06     0.2219178082191781 
2.1131e-06     0.2219178082191781 
2.1156e-06     0.2230875453660489 
2.1181e-06     0.225440313111546 
2.1206e-06     0.2286554276235938 
2.1231e-06     0.2301805433434889 
2.1256e-06     0.2342465753424658 
2.1281e-06     0.2374521086685184 
2.1306e-06     0.2412915851272016 
2.1331e-06     0.2465753424657534 
2.1356e-06     0.2497674746833879 
2.1381e-06     0.2553816046966732 
2.1406e-06     0.2606653620352251 
2.1431e-06     0.264969959943015 
2.1456e-06     0.2729941291585127 
2.1481e-06     0.2800391389432485 
2.1506e-06     0.2859006095742955 
2.1531e-06     0.2923679060665362 
2.1556e-06     0.301174168297456 
2.1581e-06     0.3082191780821918 
2.1606e-06     0.3152641878669276 
2.1631e-06     0.3240704500978474 
2.1656e-06     0.3328767123287671 
2.1681e-06     0.3416829745596869 
2.1706e-06     0.3504892367906066 
2.1731e-06     0.3592954990215264 
2.1756e-06     0.3675351268153756 
2.1781e-06     0.3769080234833659 
2.1806e-06     0.3857142857142857 
2.1831e-06     0.3966160186493259 
2.1856e-06     0.4050880626223092 
2.1881e-06     0.4156555772994129 
2.1906e-06     0.4238917733596216 
2.1931e-06     0.4350293542074364 
2.1956e-06     0.4438356164383562 
2.1981e-06     0.4544031311154599 
2.2006e-06     0.4649706457925636 
2.2031e-06     0.4737769080234834 
2.2056e-06     0.4843444227005871 
2.2081e-06     0.4949119373776908 
2.2106e-06     0.5037181996086106 
2.2131e-06     0.5146721836358272 
2.2156e-06     0.5230919765166341 
2.2181e-06     0.5318982387475538 
2.2206e-06     0.5401314168964344 
2.2231e-06     0.5495107632093934 
2.2256e-06     0.5583170254403131 
2.2281e-06     0.5671232876712329 
2.2306e-06     0.5759295499021526 
2.2331e-06     0.5829745596868885 
2.2356e-06     0.5917808219178082 
2.2381e-06     0.598825831702544 
2.2406e-06     0.6058708414872799 
2.2431e-06     0.6129158512720156 
2.2456e-06     0.6199608610567515 
2.2481e-06     0.6270058708414874 
2.2506e-06     0.6313307666273669 
2.2531e-06     0.639334637964775 
2.2556e-06     0.6446183953033269 
2.2581e-06     0.6499021526418787 
2.2606e-06     0.6530648342257702 
2.2631e-06     0.6587084148727985 
2.2656e-06     0.6622309197651665 
2.2681e-06     0.6653931718195382 
2.2706e-06     0.6692759295499021 
2.2731e-06     0.6704692243407756 
2.2756e-06     0.6742236826060942 
2.2781e-06     0.674559686888454 
2.2806e-06     0.678082191780822 
2.2831e-06     0.678082191780822 
2.2856e-06     0.6798434442270059 
2.2881e-06     0.6798434442270059 
2.2906e-06     0.6798434442270059 
2.2931e-06     0.678082191780822 
2.2956e-06     0.678082191780822 
2.2981e-06     0.6768636258633444 
2.3006e-06     0.674559686888454 
2.3031e-06     0.6733896757870511 
2.3056e-06     0.6696391252142236 
2.3081e-06     0.6657534246575342 
2.3106e-06     0.6625858975394719 
2.3131e-06     0.6587084148727985 
2.3156e-06     0.6555689253275456 
2.3181e-06     0.6499021526418787 
2.3206e-06     0.6446183953033269 
2.3231e-06     0.639334637964775 
2.3256e-06     0.6349760078283059 
2.3281e-06     0.6287671232876713 
2.3306e-06     0.6217221135029354 
2.3331e-06     0.6146771037181996 
2.3356e-06     0.6076320939334638 
2.3381e-06     0.6005870841487281 
2.3406e-06     0.5935420743639922 
2.3431e-06     0.58531352309051 
2.3456e-06     0.5776908023483366 
2.3481e-06     0.5688845401174168 
2.3506e-06     0.560078277886497 
2.3531e-06     0.5512720156555773 
2.3556e-06     0.5424657534246575 
2.3581e-06     0.5336594911937378 
2.3606e-06     0.5248532289628179 
2.3631e-06     0.5142857142857143 
2.3656e-06     0.5045631367062628 
2.3681e-06     0.4966731898238748 
2.3706e-06     0.4861056751467711 
2.3731e-06     0.4755381604696673 
2.3756e-06     0.4667318982387476 
2.3781e-06     0.4561643835616438 
2.3806e-06     0.4473581213307241 
2.3831e-06     0.4367906066536204 
2.3856e-06     0.4262230919765166 
2.3881e-06     0.4174168297455969 
2.3906e-06     0.4068493150684931 
2.3931e-06     0.3980430528375734 
2.3956e-06     0.3874755381604696 
2.3981e-06     0.3786692759295499 
2.4006e-06     0.3698630136986301 
2.4031e-06     0.3610567514677104 
2.4056e-06     0.3504892367906066 
2.4081e-06     0.3416829745596869 
2.4106e-06     0.3346379647749511 
2.4131e-06     0.3258317025440313 
2.4156e-06     0.3170254403131115 
2.4181e-06     0.3099804305283758 
2.4206e-06     0.301174168297456 
2.4231e-06     0.2941291585127202 
2.4256e-06     0.2870841487279844 
2.4281e-06     0.2800391389432485 
2.4306e-06     0.2757142275242174 
2.4331e-06     0.2677103718199609 
2.4356e-06     0.262426614481409 
2.4381e-06     0.2571428571428572 
2.4406e-06     0.2512947401397456 
2.4431e-06     0.2474812660037329 
2.4456e-06     0.2430528375733855 
2.4481e-06     0.2377690802348336 
2.4506e-06     0.2345872930567647 
2.4531e-06     0.2330436664687611 
2.4556e-06     0.2289628180039139 
2.4581e-06     0.22720156555773 
2.4606e-06     0.2259646757493927 
2.4631e-06     0.2219178082191781 
2.4656e-06     0.2219178082191781 
2.4681e-06     0.2201565557729941 
2.4706e-06     0.2201565557729941 
2.4731e-06     0.2201565557729941 
2.4756e-06     0.2219178082191781 
2.4781e-06     0.2219178082191781 
2.4806e-06     0.2231129776196188 
2.4831e-06     0.225440313111546 
2.4856e-06     0.2266675818017332 
2.4881e-06     0.2304325159836429 
2.4906e-06     0.2342465753424658 
2.4931e-06     0.2360078277886497 
2.4956e-06     0.2409916052608867 
2.4981e-06     0.2444916766935909 
2.5006e-06     0.2500978473581214 
2.5031e-06     0.2536203522504892 
2.5056e-06     0.2579823890475491 
2.5081e-06     0.2659491193737769 
2.5106e-06     0.2712328767123288 
2.5131e-06     0.2765166340508807 
2.5156e-06     0.2835616438356164 
2.5181e-06     0.2906066536203523 
2.5206e-06     0.297651663405088 
2.5231e-06     0.3064579256360078 
2.5256e-06     0.3135029354207437 
2.5281e-06     0.3223091976516634 
2.5306e-06     0.3293542074363993 
2.5331e-06     0.338160469667319 
2.5356e-06     0.3469667318982388 
2.5381e-06     0.3557729941291585 
2.5406e-06     0.3645792563600783 
2.5431e-06     0.375146771037182 
2.5456e-06     0.3839530332681018 
2.5481e-06     0.3927592954990216 
2.5506e-06     0.4036862151241974 
2.5531e-06     0.412133072407045 
2.5556e-06     0.4227005870841487 
2.5581e-06     0.4315068493150685 
2.5606e-06     0.4420743639921722 
2.5631e-06     0.452641878669276 
2.5656e-06     0.4614481409001957 
2.5681e-06     0.4720156555772995 
2.5706e-06     0.482558915986559 
2.5731e-06     0.4913894324853229 
2.5756e-06     0.5001956947162427 
2.5781e-06     0.5107632093933464 
2.5806e-06     0.5195694716242661 
2.5831e-06     0.53013698630137 
2.5856e-06     0.5389432485322897 
