
time (s)       VT("/out") (V)


2.86e-08       0.5477495107632094 
3.11e-08       0.5565557729941292 
3.36e-08       0.565362035225049 
3.61e-08       0.5724070450097848 
3.86e-08       0.5812133072407045 
4.11e-08       0.5900195694716243 
4.360000000000001e-08 0.5970645792563601 
4.61e-08       0.6041095890410959 
4.86e-08       0.6111545988258317 
5.11e-08       0.6181996086105676 
5.36e-08       0.6252446183953033 
5.610000000000001e-08 0.6305283757338551 
5.860000000000001e-08 0.637573385518591 
6.11e-08       0.6428571428571429 
6.36e-08       0.6481409001956947 
6.61e-08       0.6516634050880626 
6.860000000000001e-08 0.6569471624266144 
7.110000000000001e-08 0.6604696673189824 
7.36e-08       0.6639921722113503 
7.61e-08       0.6675146771037183 
7.86e-08       0.6710371819960862 
8.11e-08       0.6727984344422701 
8.360000000000001e-08 0.7073397204439482 
8.61e-08       0.676320939334638 
8.860000000000001e-08 0.678082191780822 
9.11e-08       0.6798434442270059 
9.36e-08       0.6798434442270059 
9.610000000000001e-08 0.6798434442270059 
9.860000000000001e-08 0.678082191780822 
1.011e-07      0.678082191780822 
1.036e-07      0.6436244299799266 
1.061e-07      0.674559686888454 
1.086e-07      0.6727984344422701 
1.111e-07      0.6692759295499021 
1.136e-07      0.6675146771037183 
1.161e-07      0.6639921722113503 
1.186e-07      0.6604696673189824 
1.211e-07      0.6551859099804306 
1.236e-07      0.6516634050880626 
1.261e-07      0.6463796477495107 
1.286e-07      0.6410958904109589 
1.311e-07      0.6358121330724071 
1.336e-07      0.6287671232876713 
1.361e-07      0.6234833659491195 
1.386e-07      0.6164383561643836 
1.411e-07      0.6093933463796478 
1.436e-07      0.6023483365949119 
1.461e-07      0.5953033268101761 
1.486e-07      0.5882583170254404 
1.511e-07      0.5794520547945206 
1.536e-07      0.5706457925636008 
1.561e-07      0.5636007827788649 
1.586e-07      0.5547945205479452 
1.611e-07      0.5459882583170255 
1.636e-07      0.5354207436399218 
1.661e-07      0.526614481409002 
1.686e-07      0.5178082191780823 
1.711e-07      0.5090019569471624 
1.736e-07      0.4984344422700587 
1.761e-07      0.489628180039139 
1.786e-07      0.4790606653620352 
1.811e-07      0.4702544031311155 
1.836e-07      0.3434876433452749 
1.861e-07      0.449119373776908 
1.886e-07      0.4403131115459882 
1.911e-07      0.4297455968688845 
1.936e-07      0.4191780821917809 
1.961e-07      0.4103718199608611 
1.986e-07      0.3998043052837574 
2.011e-07      0.3909980430528376 
2.036e-07      0.3821917808219178 
2.061e-07      0.3716242661448141 
2.086e-07      0.3628180039138943 
2.111e-07      0.3540117416829746 
2.136e-07      0.3452054794520548 
2.161e-07      0.336399217221135 
2.186e-07      0.3275929549902153 
2.211e-07      0.3187866927592955 
2.236e-07      0.3117416829745597 
2.261e-07      0.3046966731898239 
2.286e-07      0.2958904109589041 
2.311e-07      0.2888454011741683 
2.336e-07      0.2818003913894325 
2.361e-07      0.2765166340508807 
2.386e-07      0.2694716242661448 
2.411e-07      0.2641878669275929 
2.436e-07      0.2589041095890411 
2.461e-07      0.2536203522504892 
2.486e-07      0.2483365949119374 
2.511e-07      0.2430528375733855 
2.536e-07      0.2395303326810176 
2.561e-07      0.2360078277886497 
2.586e-07      0.2324853228962818 
2.611e-07      0.2289628180039139 
2.636e-07      0.22720156555773 
2.661e-07      0.192187721976025 
2.686e-07      0.223679060665362 
2.711e-07      0.2219178082191781 
2.736e-07      0.2219178082191781 
2.761e-07      0.2201565557729941 
2.786e-07      0.2201565557729941 
2.811e-07      0.2219178082191781 
2.836e-07      0.2219178082191781 
2.861e-07      0.2569894122497448 
2.886e-07      0.225440313111546 
2.911e-07      0.22720156555773 
2.936e-07      0.2289628180039139 
2.961e-07      0.2324853228962818 
2.986e-07      0.2360078277886497 
3.011e-07      0.2395303326810176 
3.036e-07      0.2430528375733855 
3.061e-07      0.2483365949119374 
3.086e-07      0.2536203522504892 
3.111e-07      0.2571428571428572 
3.136e-07      0.2641878669275929 
3.161e-07      0.2694716242661448 
3.186e-07      0.2765166340508807 
3.211e-07      0.2818003913894325 
3.236e-07      0.2888454011741683 
3.261e-07      0.2958904109589041 
3.286e-07      0.3029354207436399 
3.311e-07      0.3117416829745597 
3.336e-07      0.3187866927592955 
3.361e-07      0.3275929549902153 
3.386e-07      0.336399217221135 
3.411e-07      0.3452054794520548 
3.436e-07      0.3540117416829746 
3.461e-07      0.3628180039138943 
3.486e-07      0.3716242661448141 
3.511e-07      0.3804305283757339 
3.536e-07      0.3909980430528376 
3.561e-07      0.3998043052837574 
3.586e-07      0.4103718199608611 
3.611e-07      0.4191780821917809 
3.636e-07      0.4297455968688845 
3.661e-07      0.4385518590998043 
3.686e-07      0.5699779682869157 
3.711e-07      0.4596868884540117 
3.736e-07      0.4684931506849315 
3.761e-07      0.4790606653620352 
3.786e-07      0.487866927592955 
3.811e-07      0.4984344422700587 
3.836e-07      0.5072407045009785 
3.861e-07      0.5178082191780823 
3.886e-07      0.526614481409002 
3.911e-07      0.5354207436399218 
3.936e-07      0.5442270058708415 
3.961e-07      0.5530332681017613 
3.986e-07      0.5636007827788649 
4.011e-07      0.5706457925636008 
4.036e-07      0.5794520547945206 
4.061e-07      0.5864970645792563 
4.086e-07      0.5953033268101761 
4.111e-07      0.6023483365949119 
4.136e-07      0.6093933463796478 
4.161e-07      0.6164383561643836 
4.186e-07      0.6234833659491195 
4.211e-07      0.6287671232876713 
4.236e-07      0.6358121330724071 
4.261e-07      0.6410958904109589 
4.286e-07      0.6463796477495107 
4.311e-07      0.6516634050880626 
4.336e-07      0.6551859099804306 
4.361e-07      0.6604696673189824 
4.386e-07      0.6639921722113503 
4.411e-07      0.6675146771037183 
4.436e-07      0.6692759295499021 
4.461e-07      0.6727984344422701 
4.486e-07      0.7067980707919872 
4.511e-07      0.676320939334638 
4.536e-07      0.678082191780822 
4.561e-07      0.678082191780822 
4.586e-07      0.6798434442270059 
4.611e-07      0.6798434442270059 
4.636e-07      0.6798434442270059 
4.661e-07      0.678082191780822 
4.686e-07      0.6447566815794686 
4.711e-07      0.674559686888454 
4.736e-07      0.6727984344422701 
4.761e-07      0.6710371819960862 
4.786000000000001e-07 0.6675146771037183 
4.811e-07      0.6639921722113503 
4.836e-07      0.6604696673189824 
4.861e-07      0.6569471624266144 
4.886e-07      0.6534246575342466 
4.911e-07      0.6481409001956947 
4.936e-07      0.6428571428571429 
4.961e-07      0.637573385518591 
4.986e-07      0.6322896281800392 
5.011000000000001e-07 0.6252446183953033 
5.036e-07      0.6181996086105676 
5.061e-07      0.6111545988258317 
5.086000000000001e-07 0.6041095890410959 
5.111000000000001e-07 0.5970645792563601 
5.136e-07      0.5900195694716243 
5.161e-07      0.5812133072407045 
5.186e-07      0.5741682974559688 
5.211000000000001e-07 0.565362035225049 
5.236000000000001e-07 0.5565557729941292 
5.261e-07      0.5477495107632094 
5.286e-07      0.5389432485322897 
5.311000000000001e-07 0.53013698630137 
5.336000000000001e-07 0.5195694716242661 
5.361e-07      0.5107632093933464 
5.386e-07      0.5019569471624267 
5.411e-07      0.4913894324853229 
5.436000000000001e-07 0.4825831702544031 
5.461000000000001e-07 0.4720156555772995 
5.486e-07      0.4632093933463797 
5.511e-07      0.3335945226276664 
5.536000000000001e-07 0.4420743639921722 
5.561000000000001e-07 0.4315068493150685 
5.586e-07      0.4227005870841487 
5.611e-07      0.412133072407045 
5.636e-07      0.4033268101761253 
5.661000000000001e-07 0.3927592954990216 
5.686e-07      0.3839530332681018 
5.711e-07      0.375146771037182 
5.736e-07      0.3663405088062623 
5.761000000000001e-07 0.3557729941291585 
5.786000000000001e-07 0.3469667318982388 
5.811e-07      0.338160469667319 
5.836e-07      0.3293542074363993 
5.861000000000001e-07 0.3223091976516634 
5.886000000000001e-07 0.3135029354207437 
5.911e-07      0.3064579256360078 
5.936e-07      0.299412915851272 
5.961e-07      0.2906066536203523 
5.986000000000001e-07 0.2853228962818004 
6.011000000000001e-07 0.2782778864970646 
6.036e-07      0.2712328767123288 
6.061e-07      0.2659491193737769 
6.086000000000001e-07 0.2589041095890411 
6.111000000000001e-07 0.2536203522504892 
6.136e-07      0.2500978473581214 
6.161e-07      0.2448140900195695 
6.186e-07      0.2412915851272016 
6.211000000000001e-07 0.2360078277886497 
6.236000000000001e-07 0.2342465753424658 
6.261e-07      0.2307240704500979 
6.286e-07      0.22720156555773 
6.311000000000001e-07 0.193174677735722 
6.336000000000001e-07 0.223679060665362 
6.361e-07      0.2219178082191781 
6.386e-07      0.2219178082191781 
6.411000000000001e-07 0.2201565557729941 
6.436000000000001e-07 0.2201565557729941 
6.461e-07      0.2201565557729941 
6.486e-07      0.2219178082191781 
6.511e-07      0.2537110010553475 
6.536000000000001e-07 0.225440313111546 
6.561000000000001e-07 0.22720156555773 
6.586e-07      0.2289628180039139 
6.611e-07      0.2307240704500979 
6.636000000000001e-07 0.2342465753424658 
6.661000000000001e-07 0.2377690802348336 
6.686e-07      0.2430528375733855 
6.711e-07      0.2465753424657534 
6.736e-07      0.2518590998043053 
6.761000000000001e-07 0.2571428571428572 
6.786000000000001e-07 0.262426614481409 
6.811e-07      0.2677103718199609 
6.836e-07      0.2729941291585127 
6.861000000000001e-07 0.2800391389432485 
6.886000000000001e-07 0.2870841487279844 
6.911e-07      0.2941291585127202 
6.936e-07      0.301174168297456 
6.961e-07      0.3082191780821918 
6.986000000000001e-07 0.3170254403131115 
7.011000000000001e-07 0.3258317025440313 
7.036e-07      0.3328767123287671 
7.061e-07      0.3416829745596869 
7.086000000000001e-07 0.3504892367906066 
7.111000000000001e-07 0.3592954990215264 
7.136e-07      0.3698630136986301 
7.161e-07      0.3786692759295499 
7.186000000000001e-07 0.3874755381604696 
7.211000000000001e-07 0.3980430528375734 
7.236e-07      0.4068493150684931 
7.261e-07      0.4174168297455969 
7.286e-07      0.4262230919765166 
7.311000000000001e-07 0.4367906066536204 
7.336000000000001e-07 0.5660333287478997 
7.361e-07      0.4561643835616438 
7.386e-07      0.4667318982387476 
7.411000000000001e-07 0.4755381604696673 
7.436000000000001e-07 0.4861056751467711 
7.461e-07      0.4949119373776908 
7.486e-07      0.5054794520547945 
7.511e-07      0.5142857142857143 
7.536000000000001e-07 0.5248532289628179 
7.561000000000001e-07 0.5336594911937378 
7.586e-07      0.5424657534246575 
7.611e-07      0.5512720156555773 
7.636000000000001e-07 0.560078277886497 
7.661000000000001e-07 0.5688845401174168 
7.686e-07      0.5776908023483366 
7.711e-07      0.5847358121330725 
7.736000000000001e-07 0.5935420743639922 
7.761000000000001e-07 0.6005870841487281 
7.786000000000001e-07 0.6076320939334638 
7.811e-07      0.6146771037181996 
7.836e-07      0.6217221135029354 
7.861000000000001e-07 0.6270058708414874 
7.886000000000001e-07 0.6340508806262231 
7.911e-07      0.639334637964775 
7.936e-07      0.6446183953033269 
7.961000000000001e-07 0.6499021526418787 
7.986000000000001e-07 0.6551859099804306 
8.011e-07      0.6587084148727985 
8.036e-07      0.6622309197651665 
8.061e-07      0.6657534246575342 
8.086000000000001e-07 0.6692759295499021 
8.111000000000001e-07 0.6710371819960862 
8.136e-07      0.704869202696959 
8.161e-07      0.676320939334638 
8.186000000000001e-07 0.678082191780822 
8.211000000000001e-07 0.678082191780822 
8.236e-07      0.6798434442270059 
8.261e-07      0.6798434442270059 
8.286e-07      0.6798434442270059 
8.311000000000001e-07 0.678082191780822 
8.336000000000001e-07 0.678082191780822 
8.361e-07      0.6431437172969429 
8.386e-07      0.674559686888454 
8.411000000000001e-07 0.6710371819960862 
8.436000000000001e-07 0.6692759295499021 
8.461e-07      0.6657534246575342 
8.486e-07      0.6622309197651665 
8.511000000000001e-07 0.6587084148727985 
8.536000000000001e-07 0.6534246575342466 
8.561e-07      0.6499021526418787 
8.586e-07      0.6446183953033269 
8.611e-07      0.639334637964775 
8.636000000000001e-07 0.6340508806262231 
8.661000000000001e-07 0.6270058708414874 
8.686e-07      0.6199608610567515 
8.711e-07      0.6146771037181996 
8.736000000000001e-07 0.6076320939334638 
8.761000000000001e-07 0.598825831702544 
8.786e-07      0.5917808219178082 
8.811e-07      0.5847358121330725 
8.836e-07      0.5759295499021526 
8.861000000000001e-07 0.5671232876712329 
8.886000000000001e-07 0.5583170254403131 
8.911e-07      0.5495107632093934 
8.936e-07      0.5424657534246575 
8.961000000000001e-07 0.5318982387475538 
8.986000000000001e-07 0.5230919765166341 
9.011e-07      0.5142857142857143 
9.036e-07      0.5037181996086106 
9.061000000000001e-07 0.4949119373776908 
9.086000000000001e-07 0.4843444227005871 
9.111000000000001e-07 0.4755381604696673 
9.136e-07      0.4649706457925636 
9.161e-07      0.3376678369473904 
9.186000000000001e-07 0.4455968688845401 
9.211000000000001e-07 0.4350293542074364 
9.236e-07      0.4262230919765166 
9.261e-07      0.4156555772994129 
9.286000000000001e-07 0.4050880626223092 
9.311000000000001e-07 0.3962818003913894 
9.336e-07      0.3857142857142857 
9.361e-07      0.3769080234833659 
9.386e-07      0.3681017612524461 
9.411000000000001e-07 0.3592954990215264 
9.436000000000001e-07 0.3504892367906066 
9.461e-07      0.3416829745596869 
9.486e-07      0.3328767123287671 
9.511000000000001e-07 0.3240704500978474 
9.536000000000001e-07 0.3170254403131115 
9.561e-07      0.3082191780821918 
9.586e-07      0.301174168297456 
9.611e-07      0.2941291585127202 
9.636e-07      0.2870841487279844 
9.660999999999999e-07 0.2800391389432485 
9.685999999999999e-07 0.2729941291585127 
9.710999999999999e-07 0.2677103718199609 
9.736000000000001e-07 0.2606653620352251 
9.761000000000001e-07 0.2553816046966732 
9.786e-07      0.2500978473581214 
9.811e-07      0.2465753424657534 
9.836e-07      0.2412915851272016 
9.861e-07      0.2377690802348336 
9.886000000000002e-07 0.2342465753424658 
9.911000000000001e-07 0.2307240704500979 
9.936000000000001e-07 0.2289628180039139 
9.961000000000001e-07 0.225440313111546 
9.986000000000001e-07 0.1914260389403988 
1.0011e-06     0.2219178082191781 
1.0036e-06     0.2219178082191781 
1.0061e-06     0.2201565557729941 
1.0086e-06     0.2201565557729941 
1.0111e-06     0.2201565557729941 
1.0136e-06     0.2219178082191781 
1.0161e-06     0.2219178082191781 
1.0186e-06     0.2578334812232765 
1.0211e-06     0.225440313111546 
1.0236e-06     0.22720156555773 
1.0261e-06     0.2307240704500979 
1.0286e-06     0.2342465753424658 
1.0311e-06     0.2377690802348336 
1.0336e-06     0.2412915851272016 
1.0361e-06     0.2448140900195695 
1.0386e-06     0.2500978473581214 
1.0411e-06     0.2553816046966732 
1.0436e-06     0.2606653620352251 
1.0461e-06     0.2659491193737769 
1.0486e-06     0.2712328767123288 
1.0511e-06     0.2782778864970646 
1.0536e-06     0.2853228962818004 
1.0561e-06     0.2923679060665362 
1.0586e-06     0.299412915851272 
1.0611e-06     0.3064579256360078 
1.0636e-06     0.3152641878669276 
1.0661e-06     0.3223091976516634 
1.0686e-06     0.3311154598825832 
1.0711e-06     0.339921722113503 
1.0736e-06     0.3487279843444228 
1.0761e-06     0.3575342465753425 
1.0786e-06     0.3663405088062623 
1.0811e-06     0.375146771037182 
1.0836e-06     0.3857142857142857 
1.0861e-06     0.3945205479452055 
1.0886e-06     0.4033268101761253 
1.0911e-06     0.413894324853229 
1.0936e-06     0.4244618395303327 
1.0961e-06     0.4332681017612525 
1.0986e-06     0.5636794569430561 
1.1011e-06     0.452641878669276 
1.1036e-06     0.4632093933463797 
1.1061e-06     0.4737769080234834 
1.1086e-06     0.4825831702544031 
1.1111e-06     0.4931506849315068 
1.1136e-06     0.5019569471624267 
1.1161e-06     0.5125244618395304 
1.1186e-06     0.5213307240704501 
1.1211e-06     0.53013698630137 
1.1236e-06     0.5389432485322897 
1.1261e-06     0.5495107632093934 
1.1286e-06     0.5583170254403131 
1.1311e-06     0.565362035225049 
1.1336e-06     0.5741682974559688 
1.1361e-06     0.5829745596868885 
1.1386e-06     0.5900195694716243 
1.1411e-06     0.598825831702544 
1.1436e-06     0.6058708414872799 
1.1461e-06     0.6129158512720156 
1.1486e-06     0.6199608610567515 
1.1511e-06     0.6252446183953033 
1.1536e-06     0.6322896281800392 
1.1561e-06     0.637573385518591 
1.1586e-06     0.6428571428571429 
1.1611e-06     0.6481409001956947 
1.1636e-06     0.6534246575342466 
1.1661e-06     0.6569471624266144 
1.1686e-06     0.6622309197651665 
1.1711e-06     0.6657534246575342 
1.1736e-06     0.6675146771037183 
1.1761e-06     0.6710371819960862 
1.1786e-06     0.6727984344422701 
1.1811e-06     0.7075252324270377 
1.1836e-06     0.678082191780822 
1.1861e-06     0.678082191780822 
1.1886e-06     0.6798434442270059 
1.1911e-06     0.6798434442270059 
1.1936e-06     0.6798434442270059 
1.1961e-06     0.678082191780822 
1.1986e-06     0.678082191780822 
1.2011e-06     0.6433491019773036 
1.2036e-06     0.674559686888454 
1.2061e-06     0.6727984344422701 
1.2086e-06     0.6692759295499021 
1.2111e-06     0.6657534246575342 
1.2136e-06     0.6639921722113503 
1.2161e-06     0.6587084148727985 
1.2186e-06     0.6551859099804306 
1.2211e-06     0.6516634050880626 
1.2236e-06     0.6463796477495107 
1.2261e-06     0.6410958904109589 
1.2286e-06     0.6340508806262231 
1.2311e-06     0.6287671232876713 
1.2336e-06     0.6234833659491195 
1.2361e-06     0.6164383561643836 
1.2386e-06     0.6093933463796478 
1.2411e-06     0.6023483365949119 
1.2436e-06     0.5935420743639922 
1.2461e-06     0.5864970645792563 
1.2486e-06     0.5776908023483366 
1.2511e-06     0.5706457925636008 
1.2536e-06     0.5618395303326811 
1.2561e-06     0.5530332681017613 
1.2586e-06     0.5442270058708415 
1.2611e-06     0.5354207436399218 
1.2636e-06     0.5248532289628179 
1.2661e-06     0.5160469667318982 
1.2686e-06     0.5072407045009785 
1.2711e-06     0.4966731898238748 
1.2736e-06     0.487866927592955 
1.2761e-06     0.4772994129158513 
1.2786e-06     0.4684931506849315 
1.2811e-06     0.340327835737689 
1.2836e-06     0.4473581213307241 
1.2861e-06     0.4385518590998043 
1.2886e-06     0.4279843444227006 
1.2911e-06     0.4174168297455969 
1.2936e-06     0.4086105675146771 
1.2961e-06     0.3998043052837574 
1.2986e-06     0.3892367906066536 
1.3011e-06     0.3804305283757339 
1.3036e-06     0.3698630136986301 
1.3061e-06     0.3610567514677104 
1.3086e-06     0.3522504892367906 
1.3111e-06     0.3434442270058709 
1.3136e-06     0.3346379647749511 
1.3161e-06     0.3275929549902153 
1.3186e-06     0.3187866927592955 
1.3211e-06     0.3099804305283758 
1.3236e-06     0.3029354207436399 
1.3261e-06     0.2958904109589041 
1.3286e-06     0.2888454011741683 
1.3311e-06     0.2818003913894325 
1.3336e-06     0.2747553816046967 
1.3361e-06     0.2694716242661448 
1.3386e-06     0.262426614481409 
1.3411e-06     0.2571428571428572 
1.3436e-06     0.2518590998043053 
1.3461e-06     0.2483365949119374 
1.3486e-06     0.2430528375733855 
1.3511e-06     0.2395303326810176 
1.3536e-06     0.2360078277886497 
1.3561e-06     0.2324853228962818 
1.3586e-06     0.2289628180039139 
1.3611e-06     0.22720156555773 
1.3636e-06     0.1920034144038969 
1.3661e-06     0.223679060665362 
1.3686e-06     0.2219178082191781 
1.3711e-06     0.2201565557729941 
1.3736e-06     0.2201565557729941 
1.3761e-06     0.2201565557729941 
1.3786e-06     0.2219178082191781 
1.3811e-06     0.2219178082191781 
1.3836e-06     0.2572492801012224 
1.3861e-06     0.225440313111546 
1.3886e-06     0.22720156555773 
1.3911e-06     0.2307240704500979 
1.3936e-06     0.2324853228962818 
1.3961e-06     0.2360078277886497 
1.3986e-06     0.2395303326810176 
1.4011e-06     0.2448140900195695 
1.4036e-06     0.2483365949119374 
1.4061e-06     0.2536203522504892 
1.4086e-06     0.2589041095890411 
1.4111e-06     0.2641878669275929 
1.4136e-06     0.2712328767123288 
1.4161e-06     0.2765166340508807 
1.4186e-06     0.2835616438356164 
1.4211e-06     0.2906066536203523 
1.4236e-06     0.297651663405088 
1.4261e-06     0.3046966731898239 
1.4286e-06     0.3117416829745597 
1.4311e-06     0.3205479452054795 
1.4336e-06     0.3293542074363993 
1.4361e-06     0.336399217221135 
1.4386e-06     0.3452054794520548 
1.4411e-06     0.3540117416829746 
1.4436e-06     0.3645792563600783 
1.4461e-06     0.3733855185909981 
1.4486e-06     0.3821917808219178 
1.4511e-06     0.3909980430528376 
1.4536e-06     0.4015655577299413 
1.4561e-06     0.4103718199608611 
1.4586e-06     0.4209393346379648 
1.4611e-06     0.4297455968688845 
1.4636e-06     0.5579804825474923 
1.4661e-06     0.450880626223092 
1.4686e-06     0.4596868884540117 
1.4711e-06     0.4702544031311155 
1.4736e-06     0.4808219178082192 
1.4761e-06     0.489628180039139 
1.4786e-06     0.5001956947162427 
1.4811e-06     0.5090019569471624 
1.4836e-06     0.5178082191780823 
1.4861e-06     0.5283757338551859 
1.4886e-06     0.5371819960861057 
1.4911e-06     0.5459882583170255 
1.4936e-06     0.5547945205479452 
1.4961e-06     0.5636007827788649 
1.4986e-06     0.5724070450097848 
1.5011e-06     0.5812133072407045 
1.5036e-06     0.5882583170254404 
1.5061e-06     0.5953033268101761 
1.5086e-06     0.6041095890410959 
1.5111e-06     0.6111545988258317 
1.5136e-06     0.6181996086105676 
1.5161e-06     0.6234833659491195 
1.5186e-06     0.6305283757338551 
1.5211e-06     0.6358121330724071 
1.5236e-06     0.6410958904109589 
1.5261e-06     0.6463796477495107 
1.5286e-06     0.6516634050880626 
1.5311e-06     0.6569471624266144 
1.5336e-06     0.6604696673189824 
1.5361e-06     0.6639921722113503 
1.5386e-06     0.6675146771037183 
1.5411e-06     0.6710371819960862 
1.5436e-06     0.6727984344422701 
1.5461e-06     0.7069049233609539 
1.5486e-06     0.676320939334638 
1.5511e-06     0.678082191780822 
1.5536e-06     0.678082191780822 
1.5561e-06     0.6798434442270059 
1.5586e-06     0.6798434442270059 
1.5611e-06     0.678082191780822 
1.5636e-06     0.678082191780822 
1.5661e-06     0.6441503621375021 
1.5686e-06     0.674559686888454 
1.5711e-06     0.6727984344422701 
1.5736e-06     0.6710371819960862 
1.5761e-06     0.6675146771037183 
1.5786e-06     0.6639921722113503 
1.5811e-06     0.6604696673189824 
1.5836e-06     0.6569471624266144 
1.5861e-06     0.6516634050880626 
1.5886e-06     0.6463796477495107 
1.5911e-06     0.6428571428571429 
1.5936e-06     0.6358121330724071 
1.5961e-06     0.6305283757338551 
1.5986e-06     0.6234833659491195 
1.6011e-06     0.6181996086105676 
1.6036e-06     0.6111545988258317 
1.6061e-06     0.6041095890410959 
1.6086e-06     0.5970645792563601 
1.6111e-06     0.5882583170254404 
1.6136e-06     0.5812133072407045 
1.6161e-06     0.5724070450097848 
1.6186e-06     0.5636007827788649 
1.6211e-06     0.5547945205479452 
1.6236e-06     0.5459882583170255 
1.6261e-06     0.5371819960861057 
1.6286e-06     0.5283757338551859 
1.6311e-06     0.5195694716242661 
1.6336e-06     0.5090019569471624 
1.6361e-06     0.5001956947162427 
1.6386e-06     0.489628180039139 
1.6411e-06     0.4808219178082192 
1.6436e-06     0.4702544031311155 
1.6461e-06     0.4614481409001957 
1.6486e-06     0.3317043434667274 
1.6511e-06     0.4403131115459882 
1.6536e-06     0.4315068493150685 
1.6561e-06     0.4209393346379648 
1.6586e-06     0.412133072407045 
1.6611e-06     0.4015655577299413 
1.6636e-06     0.3927592954990216 
1.6661e-06     0.3821917808219178 
1.6686e-06     0.3733855185909981 
1.6711e-06     0.3645792563600783 
1.6736e-06     0.3557729941291585 
1.6761e-06     0.3469667318982388 
1.6786e-06     0.336399217221135 
1.6811e-06     0.3293542074363993 
1.6836e-06     0.3205479452054795 
1.6861e-06     0.3135029354207437 
1.6886e-06     0.3046966731898239 
1.6911e-06     0.297651663405088 
1.6936e-06     0.2906066536203523 
1.6961e-06     0.2835616438356164 
1.6986e-06     0.2765166340508807 
1.7011e-06     0.2712328767123288 
1.7036e-06     0.2641878669275929 
1.7061e-06     0.2589041095890411 
1.7086e-06     0.2536203522504892 
1.7111e-06     0.2483365949119374 
1.7136e-06     0.2448140900195695 
1.7161e-06     0.2395303326810176 
1.7186e-06     0.2360078277886497 
1.7211e-06     0.2324853228962818 
1.7236e-06     0.2307240704500979 
1.7261e-06     0.22720156555773 
1.7286e-06     0.1925499277420034 
1.7311e-06     0.223679060665362 
1.7336e-06     0.2219178082191781 
1.7361e-06     0.2219178082191781 
1.7386e-06     0.2201565557729941 
1.7411e-06     0.2201565557729941 
1.7436e-06     0.2201565557729941 
1.7461e-06     0.2219178082191781 
1.7486e-06     0.2564514461845347 
1.7511e-06     0.225440313111546 
1.7536e-06     0.22720156555773 
1.7561e-06     0.2289628180039139 
1.7586e-06     0.2324853228962818 
1.7611e-06     0.2360078277886497 
1.7636e-06     0.2395303326810176 
1.7661e-06     0.2430528375733855 
1.7686e-06     0.2465753424657534 
1.7711e-06     0.2518590998043053 
1.7736e-06     0.2571428571428572 
1.7761e-06     0.262426614481409 
1.7786e-06     0.2677103718199609 
1.7811e-06     0.2747553816046967 
1.7836e-06     0.2818003913894325 
1.7861e-06     0.2888454011741683 
1.7886e-06     0.2958904109589041 
1.7911e-06     0.3029354207436399 
1.7936e-06     0.3099804305283758 
1.7961e-06     0.3187866927592955 
1.7986e-06     0.3258317025440313 
1.8011e-06     0.3346379647749511 
1.8036e-06     0.3434442270058709 
1.8061e-06     0.3522504892367906 
1.8086e-06     0.3610567514677104 
1.8111e-06     0.3698630136986301 
1.8136e-06     0.3804305283757339 
1.8161e-06     0.3892367906066536 
1.8186e-06     0.3980430528375734 
1.8211e-06     0.4086105675146771 
1.8236e-06     0.4174168297455969 
1.8261e-06     0.4279843444227006 
1.8286e-06     0.4367906066536204 
1.8311e-06     0.5680254497623352 
1.8336e-06     0.4579256360078278 
1.8361e-06     0.4684931506849315 
1.8386e-06     0.4772994129158513 
1.8411e-06     0.487866927592955 
1.8436e-06     0.4966731898238748 
1.8461e-06     0.5072407045009785 
1.8486e-06     0.5160469667318982 
1.8511e-06     0.5248532289628179 
1.8536e-06     0.5336594911937378 
1.8561e-06     0.5442270058708415 
1.8586e-06     0.5530332681017613 
1.8611e-06     0.5618395303326811 
1.8636e-06     0.5706457925636008 
1.8661e-06     0.5776908023483366 
1.8686e-06     0.5864970645792563 
1.8711e-06     0.5935420743639922 
1.8736e-06     0.6005870841487281 
1.8761e-06     0.6093933463796478 
1.8786e-06     0.6146771037181996 
1.8811e-06     0.6217221135029354 
1.8836e-06     0.6287671232876713 
1.8861e-06     0.6340508806262231 
1.8886e-06     0.6410958904109589 
1.8911e-06     0.6463796477495107 
1.8936e-06     0.6499021526418787 
1.8961e-06     0.6551859099804306 
1.8986e-06     0.6587084148727985 
1.9011e-06     0.6639921722113503 
1.9036e-06     0.6657534246575342 
1.9061e-06     0.6692759295499021 
1.9086e-06     0.6727984344422701 
1.9111e-06     0.706065562702478 
1.9136e-06     0.676320939334638 
1.9161e-06     0.678082191780822 
1.9186e-06     0.678082191780822 
1.9211e-06     0.6798434442270059 
1.9236e-06     0.6798434442270059 
1.9261e-06     0.6798434442270059 
1.9286e-06     0.678082191780822 
1.9311e-06     0.6471179903906835 
1.9336e-06     0.674559686888454 
1.9361e-06     0.6727984344422701 
1.9386e-06     0.6710371819960862 
1.9411e-06     0.6692759295499021 
1.9436e-06     0.6657534246575342 
1.9461e-06     0.6622309197651665 
1.9486e-06     0.6569471624266144 
1.9511e-06     0.6534246575342466 
1.9536e-06     0.6481409001956947 
1.9561e-06     0.6428571428571429 
1.9586e-06     0.637573385518591 
1.9611e-06     0.6322896281800392 
1.9636e-06     0.6270058708414874 
1.9661e-06     0.6199608610567515 
1.9686e-06     0.6129158512720156 
1.9711e-06     0.6058708414872799 
1.9736e-06     0.598825831702544 
1.9761e-06     0.5917808219178082 
1.9786e-06     0.5829745596868885 
1.9811e-06     0.5741682974559688 
1.9836e-06     0.5671232876712329 
1.9861e-06     0.5583170254403131 
1.9886e-06     0.5495107632093934 
1.9911e-06     0.5407045009784736 
1.9936e-06     0.53013698630137 
1.9961e-06     0.5213307240704501 
1.9986e-06     0.5125244618395304 
2.0011e-06     0.5019569471624267 
2.0036e-06     0.4931506849315068 
2.0061e-06     0.4825831702544031 
2.0086e-06     0.4737769080234834 
2.0111e-06     0.4632093933463797 
2.0136e-06     0.3356516525026717 
2.0161e-06     0.4438356164383562 
2.0186e-06     0.4332681017612525 
2.0211e-06     0.4244618395303327 
2.0236e-06     0.413894324853229 
2.0261e-06     0.4050880626223092 
2.0286e-06     0.3945205479452055 
2.0311e-06     0.3857142857142857 
2.0336e-06     0.375146771037182 
2.0361e-06     0.3663405088062623 
2.0386e-06     0.3575342465753425 
2.0411e-06     0.3487279843444228 
2.0436e-06     0.339921722113503 
2.0461e-06     0.3311154598825832 
2.0486e-06     0.3223091976516634 
2.0511e-06     0.3152641878669276 
2.0536e-06     0.3064579256360078 
2.0561e-06     0.299412915851272 
2.0586e-06     0.2923679060665362 
2.0611e-06     0.2853228962818004 
2.0636e-06     0.2782778864970646 
2.0661e-06     0.2729941291585127 
2.0686e-06     0.2659491193737769 
2.0711e-06     0.2606653620352251 
2.0736e-06     0.2553816046966732 
2.0761e-06     0.2500978473581214 
2.0786e-06     0.2448140900195695 
2.0811e-06     0.2412915851272016 
2.0836e-06     0.2377690802348336 
2.0861e-06     0.2342465753424658 
2.0886e-06     0.2307240704500979 
2.0911e-06     0.2289628180039139 
2.0936e-06     0.1942707904960185 
2.0961e-06     0.223679060665362 
2.0986e-06     0.2219178082191781 
2.1011e-06     0.2219178082191781 
2.1036e-06     0.2201565557729941 
2.1061e-06     0.2201565557729941 
2.1086e-06     0.2201565557729941 
2.1111e-06     0.2219178082191781 
2.1136e-06     0.2219178082191781 
2.1161e-06     0.2580255463501701 
2.1186e-06     0.225440313111546 
2.1211e-06     0.2289628180039139 
2.1236e-06     0.2307240704500979 
2.1261e-06     0.2342465753424658 
2.1286e-06     0.2377690802348336 
2.1311e-06     0.2412915851272016 
2.1336e-06     0.2465753424657534 
2.1361e-06     0.2500978473581214 
2.1386e-06     0.2553816046966732 
2.1411e-06     0.2606653620352251 
2.1436e-06     0.2659491193737769 
2.1461e-06     0.2729941291585127 
2.1486e-06     0.2800391389432485 
2.1511e-06     0.2853228962818004 
2.1536e-06     0.2923679060665362 
2.1561e-06     0.301174168297456 
2.1586e-06     0.3082191780821918 
2.1611e-06     0.3152641878669276 
2.1636e-06     0.3240704500978474 
2.1661e-06     0.3328767123287671 
2.1686e-06     0.3416829745596869 
2.1711e-06     0.3504892367906066 
2.1736e-06     0.3592954990215264 
2.1761e-06     0.3681017612524461 
2.1786e-06     0.3769080234833659 
2.1811e-06     0.3857142857142857 
2.1836e-06     0.3962818003913894 
2.1861e-06     0.4050880626223092 
2.1886e-06     0.4156555772994129 
2.1911e-06     0.4244618395303327 
2.1936e-06     0.4350293542074364 
2.1961e-06     0.5640121660117551 
2.1986e-06     0.4544031311154599 
2.2011e-06     0.4649706457925636 
2.2036e-06     0.4737769080234834 
2.2061e-06     0.4843444227005871 
2.2086e-06     0.4949119373776908 
2.2111e-06     0.5037181996086106 
2.2136e-06     0.5142857142857143 
2.2161e-06     0.5230919765166341 
2.2186e-06     0.5318982387475538 
2.2211e-06     0.5407045009784736 
2.2236e-06     0.5495107632093934 
2.2261e-06     0.5583170254403131 
2.2286e-06     0.5671232876712329 
2.2311e-06     0.5759295499021526 
2.2336e-06     0.5829745596868885 
2.2361e-06     0.5917808219178082 
2.2386e-06     0.598825831702544 
2.2411e-06     0.6058708414872799 
2.2436e-06     0.6129158512720156 
2.2461e-06     0.6199608610567515 
2.2486e-06     0.6270058708414874 
2.2511e-06     0.6322896281800392 
2.2536e-06     0.639334637964775 
2.2561e-06     0.6446183953033269 
2.2586e-06     0.6499021526418787 
2.2611e-06     0.6534246575342466 
2.2636e-06     0.6587084148727985 
2.2661e-06     0.6622309197651665 
2.2686e-06     0.6657534246575342 
2.2711e-06     0.6692759295499021 
2.2736e-06     0.6710371819960862 
2.2761e-06     0.674559686888454 
2.2786e-06     0.7075137042409372 
2.2811e-06     0.678082191780822 
2.2836e-06     0.678082191780822 
2.2861e-06     0.6798434442270059 
2.2886e-06     0.6798434442270059 
2.2911e-06     0.6798434442270059 
2.2936e-06     0.678082191780822 
2.2961e-06     0.678082191780822 
2.2986e-06     0.6433147645433249 
2.3011e-06     0.674559686888454 
2.3036e-06     0.6727984344422701 
2.3061e-06     0.6692759295499021 
2.3086e-06     0.6657534246575342 
2.3111e-06     0.6622309197651665 
2.3136e-06     0.6587084148727985 
2.3161e-06     0.6551859099804306 
2.3186e-06     0.6499021526418787 
2.3211e-06     0.6446183953033269 
2.3236e-06     0.639334637964775 
2.3261e-06     0.6340508806262231 
2.3286e-06     0.6287671232876713 
2.3311e-06     0.6217221135029354 
2.3336e-06     0.6146771037181996 
2.3361e-06     0.6076320939334638 
2.3386e-06     0.6005870841487281 
2.3411e-06     0.5935420743639922 
2.3436e-06     0.5847358121330725 
2.3461e-06     0.5776908023483366 
2.3486e-06     0.5688845401174168 
2.3511e-06     0.560078277886497 
2.3536e-06     0.5512720156555773 
2.3561e-06     0.5424657534246575 
2.3586e-06     0.5336594911937378 
2.3611e-06     0.5248532289628179 
2.3636e-06     0.5142857142857143 
2.3661e-06     0.5054794520547945 
2.3686e-06     0.4966731898238748 
2.3711e-06     0.4861056751467711 
2.3736e-06     0.4755381604696673 
2.3761e-06     0.4667318982387476 
2.3786e-06     0.3380531936301528 
2.3811e-06     0.4473581213307241 
2.3836e-06     0.4367906066536204 
2.3861e-06     0.4262230919765166 
2.3886e-06     0.4174168297455969 
2.3911e-06     0.4068493150684931 
2.3936e-06     0.3980430528375734 
2.3961e-06     0.3874755381604696 
2.3986e-06     0.3786692759295499 
2.4011e-06     0.3698630136986301 
2.4036e-06     0.3610567514677104 
2.4061e-06     0.3504892367906066 
2.4086e-06     0.3416829745596869 
2.4111e-06     0.3346379647749511 
2.4136e-06     0.3258317025440313 
2.4161e-06     0.3170254403131115 
2.4186e-06     0.3099804305283758 
2.4211e-06     0.301174168297456 
2.4236e-06     0.2941291585127202 
2.4261e-06     0.2870841487279844 
2.4286e-06     0.2800391389432485 
2.4311e-06     0.2747553816046967 
2.4336e-06     0.2677103718199609 
2.4361e-06     0.262426614481409 
2.4386e-06     0.2571428571428572 
2.4411e-06     0.2518590998043053 
2.4436e-06     0.2465753424657534 
2.4461e-06     0.2430528375733855 
2.4486e-06     0.2377690802348336 
2.4511e-06     0.2342465753424658 
2.4536e-06     0.2324853228962818 
2.4561e-06     0.2289628180039139 
2.4586e-06     0.22720156555773 
2.4611e-06     0.191766832535316 
2.4636e-06     0.2219178082191781 
2.4661e-06     0.2219178082191781 
2.4686e-06     0.2201565557729941 
2.4711e-06     0.2201565557729941 
2.4736e-06     0.2201565557729941 
2.4761e-06     0.2219178082191781 
2.4786e-06     0.2219178082191781 
2.4811e-06     0.2575762455200759 
2.4836e-06     0.225440313111546 
2.4861e-06     0.22720156555773 
2.4886e-06     0.2307240704500979 
2.4911e-06     0.2342465753424658 
2.4936e-06     0.2360078277886497 
2.4961e-06     0.2412915851272016 
2.4986e-06     0.2448140900195695 
2.5011e-06     0.2500978473581214 
2.5036e-06     0.2536203522504892 
2.5061e-06     0.2589041095890411 
2.5086e-06     0.2659491193737769 
2.5111e-06     0.2712328767123288 
2.5136e-06     0.2765166340508807 
2.5161e-06     0.2835616438356164 
2.5186e-06     0.2906066536203523 
2.5211e-06     0.297651663405088 
2.5236e-06     0.3064579256360078 
2.5261e-06     0.3135029354207437 
2.5286e-06     0.3223091976516634 
2.5311e-06     0.3293542074363993 
2.5336e-06     0.338160469667319 
2.5361e-06     0.3469667318982388 
2.5386e-06     0.3557729941291585 
2.5411e-06     0.3645792563600783 
2.5436e-06     0.375146771037182 
2.5461e-06     0.3839530332681018 
2.5486e-06     0.3927592954990216 
2.5511e-06     0.4033268101761253 
2.5536e-06     0.412133072407045 
2.5561e-06     0.4227005870841487 
2.5586e-06     0.4315068493150685 
2.5611e-06     0.5613282032803785 
2.5636e-06     0.452641878669276 
2.5661e-06     0.4614481409001957 
2.5686e-06     0.4720156555772995 
2.5711e-06     0.4825831702544031 
2.5736e-06     0.4913894324853229 
2.5761e-06     0.5001956947162427 
2.5786e-06     0.5107632093933464 
2.5811e-06     0.5195694716242661 
2.5836e-06     0.53013698630137 
2.5861e-06     0.5389432485322897 
