
time (s)       VT("/out") (V)


2.8e-08        0.547133424363607 
3.05e-08       0.5565557729941292 
3.3e-08        0.5646380216964447 
3.55e-08       0.5724070450097848 
3.8e-08        0.5812133072407045 
4.05e-08       0.5894099478264787 
4.3e-08        0.5970645792563601 
4.55e-08       0.6041095890410959 
4.8e-08        0.6111545988258317 
5.05e-08       0.6181996086105676 
5.3e-08        0.6252446183953033 
5.55e-08       0.6305283757338551 
5.8e-08        0.637573385518591 
6.049999999999999e-08 0.6428571428571429 
6.3e-08        0.6488823526732228 
6.55e-08       0.6509640800260765 
6.8e-08        0.6569471624266144 
7.05e-08       0.6597519766778287 
7.300000000000001e-08 0.6639921722113503 
7.550000000000001e-08 0.6668066183604533 
7.8e-08        0.6710371819960862 
8.05e-08       0.6727984344422701 
8.3e-08        0.6738251638024254 
8.549999999999999e-08 0.676320939334638 
8.800000000000001e-08 0.6773665308059313 
9.05e-08       0.6798434442270059 
9.3e-08        0.6798434442270059 
9.55e-08       0.6798434442270059 
9.8e-08        0.678082191780822 
1.005e-07      0.678082191780822 
1.03e-07       0.6770393489509843 
1.055e-07      0.674559686888454 
1.08e-07       0.6735459076960804 
1.105e-07      0.6699852786968398 
1.13e-07       0.6675146771037183 
1.155e-07      0.6647047951941069 
1.18e-07       0.6604696673189824 
1.205e-07      0.6566672657325869 
1.23e-07       0.6516634050880626 
1.255e-07      0.6456308938022232 
1.28e-07       0.6425761348415471 
1.305e-07      0.6358121330724071 
1.33e-07       0.6287671232876713 
1.355e-07      0.6234833659491195 
1.38e-07       0.6164383561643836 
1.405e-07      0.6093933463796478 
1.43e-07       0.6023483365949119 
1.455e-07      0.5953033268101761 
1.48e-07       0.5882583170254404 
1.505e-07      0.5794520547945206 
1.53e-07       0.5706457925636008 
1.555e-07      0.5636007827788649 
1.58e-07       0.5547945205479452 
1.605e-07      0.5459882583170255 
1.63e-07       0.5359765893369555 
1.655e-07      0.526614481409002 
1.68e-07       0.5178082191780823 
1.705e-07      0.5090019569471624 
1.73e-07       0.4977377274311319 
1.755e-07      0.489628180039139 
1.78e-07       0.4795556723097129 
1.805e-07      0.4702544031311155 
1.83e-07       0.4596868884540117 
1.855e-07      0.449119373776908 
1.88e-07       0.4409472012159829 
1.905e-07      0.4297455968688845 
1.93e-07       0.4191780821917809 
1.955e-07      0.4103718199608611 
1.98e-07       0.3998043052837574 
2.005e-07      0.3917551345894424 
2.03e-07       0.3821917808219178 
2.055e-07      0.3716242661448141 
2.08e-07       0.3635729251252642 
2.105e-07      0.3540117416829746 
2.13e-07       0.3452054794520548 
2.155e-07      0.336399217221135 
2.18e-07       0.3282132662879814 
2.205e-07      0.3187866927592955 
2.23e-07       0.3117416829745597 
2.255e-07      0.3046966731898239 
2.28e-07       0.2965097038733139 
2.305e-07      0.2888454011741683 
2.33e-07       0.2818003913894325 
2.355e-07      0.2757655523451372 
2.38e-07       0.2694716242661448 
2.405e-07      0.264626337222535 
2.43e-07       0.2589041095890411 
2.455e-07      0.2550304331102819 
2.48e-07       0.247599320696929 
2.505e-07      0.2430528375733855 
2.53e-07       0.2402032580364246 
2.555e-07      0.2360078277886497 
2.58e-07       0.2331522848560652 
2.605e-07      0.2289628180039139 
2.63e-07       0.22720156555773 
2.655e-07      0.2261387653443555 
2.68e-07       0.223679060665362 
2.705e-07      0.2226617679557809 
2.73e-07       0.2219178082191781 
2.755e-07      0.2201565557729941 
2.78e-07       0.2201565557729941 
2.805e-07      0.2219178082191781 
2.83e-07       0.2219178082191781 
2.855e-07      0.222932058500324 
2.88e-07       0.225440313111546 
2.905e-07      0.2264951943258309 
2.93e-07       0.2289628180039139 
2.955e-07      0.2324853228962818 
2.98e-07       0.2353294428954184 
3.005e-07      0.2395303326810176 
3.03e-07       0.2423810186789497 
3.055e-07      0.2483365949119374 
3.08e-07       0.2543535494229428 
3.105e-07      0.25646610937389 
3.13e-07       0.2641878669275929 
3.155e-07      0.2690721485834598 
3.18e-07       0.2765166340508807 
3.205e-07      0.2825283754350685 
3.23e-07       0.2888454011741683 
3.255e-07      0.2958904109589041 
3.28e-07       0.3029354207436399 
3.305e-07      0.3110011140052373 
3.33e-07       0.3187866927592955 
3.355e-07      0.3275929549902153 
3.38e-07       0.3358378823739173 
3.405e-07      0.3466393687094407 
3.43e-07       0.3540117416829746 
3.455e-07      0.3628180039138943 
3.48e-07       0.3708762605034468 
3.505e-07      0.3804305283757339 
3.53e-07       0.390402129127458 
3.555e-07      0.3990591477350154 
3.58e-07       0.4103718199608611 
3.605e-07      0.4191780821917809 
3.63e-07       0.4297455968688845 
3.655e-07      0.4385518590998043 
3.68e-07       0.4486004248765415 
3.705e-07      0.4596868884540117 
3.73e-07       0.4684931506849315 
3.755e-07      0.4790606653620352 
3.78e-07       0.4873089174988266 
3.805e-07      0.4984344422700587 
3.83e-07       0.5086420708087757 
3.855e-07      0.5172598978891891 
3.88e-07       0.526614481409002 
3.905e-07      0.5354207436399218 
3.93e-07       0.5436331943925026 
3.955e-07      0.5530332681017613 
3.98e-07       0.5636007827788649 
4.005e-07      0.5706457925636008 
4.03e-07       0.5794520547945206 
4.055e-07      0.5864970645792563 
4.08e-07       0.5953033268101761 
4.105e-07      0.6023483365949119 
4.13e-07       0.6093933463796478 
4.155e-07      0.6164383561643836 
4.18e-07       0.6234833659491195 
4.205e-07      0.6287671232876713 
4.23e-07       0.6358121330724071 
4.255e-07      0.6410958904109589 
4.28e-07       0.6449191599148412 
4.305e-07      0.652415103979518 
4.33e-07       0.6551859099804306 
4.355e-07      0.6590095314507751 
4.38e-07       0.6639921722113503 
4.405e-07      0.6668154769844591 
4.43e-07       0.6692759295499021 
4.455e-07      0.6720923417776817 
4.48e-07       0.6738238751352374 
4.505e-07      0.676320939334638 
4.53e-07       0.6773655066741027 
4.555e-07      0.678082191780822 
4.58e-07       0.6798434442270059 
4.605e-07      0.6798434442270059 
4.63e-07       0.6798434442270059 
4.655e-07      0.678082191780822 
4.68e-07       0.6770533866065271 
4.705e-07      0.674559686888454 
4.73e-07       0.6735493727286476 
4.755e-07      0.6710371819960862 
4.78e-07       0.6675146771037183 
4.805e-07      0.6647467666266839 
4.83e-07       0.6604696673189824 
4.855000000000001e-07 0.6576735949474967 
4.88e-07       0.6534246575342466 
4.905e-07      0.6495838264499477 
4.93e-07       0.642106710865728 
4.955000000000001e-07 0.637573385518591 
4.98e-07       0.6322896281800392 
5.005e-07      0.6252446183953033 
5.03e-07       0.6181996086105676 
5.055e-07      0.6111545988258317 
5.08e-07       0.6041095890410959 
5.105e-07      0.5970645792563601 
5.13e-07       0.5900195694716243 
5.155e-07      0.5818341695625809 
5.18e-07       0.5741682974559688 
5.205e-07      0.565362035225049 
5.23e-07       0.5565557729941292 
5.255e-07      0.5477495107632094 
5.28e-07       0.539550171191305 
5.305e-07      0.53013698630137 
5.33e-07       0.5195694716242661 
5.355e-07      0.5113191381941697 
5.38e-07       0.5012863476852085 
5.404999999999999e-07 0.4913894324853229 
5.43e-07       0.4831415965518822 
5.455e-07      0.4721980164256402 
5.48e-07       0.4632093933463797 
5.505e-07      0.453004105118979 
5.53e-07       0.4420743639921722 
5.555e-07      0.4315068493150685 
5.58e-07       0.4233323642266739 
5.605e-07      0.412133072407045 
5.629999999999999e-07 0.4033268101761253 
5.655e-07      0.3920495978315917 
5.68e-07       0.3845917340674018 
5.705e-07      0.375146771037182 
5.73e-07       0.3670210332454802 
5.755e-07      0.3557729941291585 
5.78e-07       0.3469667318982388 
5.805e-07      0.3387044839835462 
5.83e-07       0.3293542074363993 
5.855e-07      0.3223091976516634 
5.88e-07       0.3141183203941245 
5.905e-07      0.3064579256360078 
5.93e-07       0.299412915851272 
5.955e-07      0.2906066536203523 
5.98e-07       0.2853228962818004 
6.005e-07      0.2782778864970646 
6.03e-07       0.2712328767123288 
6.055e-07      0.2659491193737769 
6.08e-07       0.2589041095890411 
6.105e-07      0.2550563657561027 
6.13e-07       0.2500978473581214 
6.155e-07      0.2448140900195695 
6.179999999999999e-07 0.2419662300738969 
6.205e-07      0.2366081667792866 
6.23e-07       0.2342465753424658 
6.255e-07      0.2307240704500979 
6.28e-07       0.2278637688141856 
6.305e-07      0.2261420378522851 
6.33e-07       0.223679060665362 
6.355e-07      0.2226635279221124 
6.38e-07       0.2219178082191781 
6.405000000000001e-07 0.2201565557729941 
6.43e-07       0.2201565557729941 
6.455e-07      0.2201565557729941 
6.48e-07       0.2219178082191781 
6.505e-07      0.2219178082191781 
6.53e-07       0.225440313111546 
6.555e-07      0.2264762060005056 
6.58e-07       0.2289628180039139 
6.605e-07      0.2299887593674556 
6.63e-07       0.2342465753424658 
6.655e-07      0.2370888960140101 
6.68e-07       0.2430528375733855 
6.705e-07      0.2465753424657534 
6.73e-07       0.2504331635581982 
6.755e-07      0.2578858042041607 
6.78e-07       0.262426614481409 
6.805e-07      0.2677103718199609 
6.83e-07       0.2715029507411744 
6.855e-07      0.2800391389432485 
6.88e-07       0.2870841487279844 
6.905e-07      0.2941291585127202 
6.93e-07       0.301174168297456 
6.954999999999999e-07 0.3082191780821918 
6.98e-07       0.3170254403131115 
7.005e-07      0.3258317025440313 
7.03e-07       0.3328767123287671 
7.055e-07      0.3416829745596869 
7.08e-07       0.3498725456891534 
7.105e-07      0.3592954990215264 
7.13e-07       0.3695276921614887 
7.155e-07      0.3780430482761432 
7.180000000000001e-07 0.3874755381604696 
7.205e-07      0.3980430528375734 
7.23e-07       0.4062263109214814 
7.255e-07      0.4174168297455969 
7.28e-07       0.4262230919765166 
7.305e-07      0.4367906066536204 
7.33e-07       0.4450329755195431 
7.355e-07      0.4561643835616438 
7.38e-07       0.4667318982387476 
7.405e-07      0.4755381604696673 
7.43e-07       0.4861056751467711 
7.455e-07      0.4949119373776908 
7.48e-07       0.5049318616226984 
7.505e-07      0.5157246204536896 
7.53e-07       0.5248532289628179 
7.555e-07      0.5330525154423793 
7.58e-07       0.5424657534246575 
7.605e-07      0.5512720156555773 
7.63e-07       0.560078277886497 
7.655e-07      0.5688845401174168 
7.68e-07       0.5776908023483366 
7.705e-07      0.5847358121330725 
7.730000000000001e-07 0.5927906381595631 
7.755e-07      0.6005870841487281 
7.78e-07       0.6076320939334638 
7.805e-07      0.6146771037181996 
7.83e-07       0.6217221135029354 
7.855e-07      0.6270058708414874 
7.88e-07       0.6340508806262231 
7.905e-07      0.6378694149444873 
7.93e-07       0.6446183953033269 
7.955e-07      0.6499021526418787 
7.98e-07       0.6551859099804306 
8.005e-07      0.6579952670556459 
8.03e-07       0.6622309197651665 
8.055e-07      0.665048958860489 
8.08e-07       0.6692759295499021 
8.105e-07      0.670278953239401 
8.13e-07       0.6738764039604864 
8.155e-07      0.676320939334638 
8.18e-07       0.6773617104337157 
8.205e-07      0.678082191780822 
8.23e-07       0.6798434442270059 
8.255e-07      0.6798434442270059 
8.279999999999999e-07 0.6798434442270059 
8.305e-07      0.678082191780822 
8.33e-07       0.678082191780822 
8.355e-07      0.6770585891884712 
8.38e-07       0.674559686888454 
8.405e-07      0.6717665489493219 
8.43e-07       0.6700232967394688 
8.455e-07      0.6657534246575342 
8.48e-07       0.6629425798455926 
8.505000000000001e-07 0.6587084148727985 
8.53e-07       0.6534246575342466 
8.555e-07      0.6506001381219475 
8.58e-07       0.6446183953033269 
8.605e-07      0.639334637964775 
8.63e-07       0.6355795430696897 
8.655e-07      0.6270058708414874 
8.68e-07       0.6199608610567515 
8.705e-07      0.6139108570747941 
8.73e-07       0.6076320939334638 
8.755e-07      0.598825831702544 
8.78e-07       0.5917808219178082 
8.805e-07      0.5847358121330725 
8.83e-07       0.5759295499021526 
8.855e-07      0.5676641331909338 
8.88e-07       0.5583170254403131 
8.905e-07      0.5501503222152494 
8.93e-07       0.5424657534246575 
8.955e-07      0.5318982387475538 
8.98e-07       0.5230919765166341 
9.005e-07      0.5142857142857143 
9.03e-07       0.5030170062480048 
9.055000000000001e-07 0.4949119373776908 
9.08e-07       0.4843444227005871 
9.105e-07      0.4762863083998171 
9.13e-07       0.4654541811218973 
9.155e-07      0.4561643835616438 
9.18e-07       0.4455968688845401 
9.205e-07      0.4350293542074364 
9.23e-07       0.4268483509143537 
9.255e-07      0.4158578301082703 
9.280000000000001e-07 0.4050880626223092 
9.305e-07      0.3962818003913894 
9.33e-07       0.3849660318387371 
9.355e-07      0.3769080234833659 
9.38e-07       0.3681017612524461 
9.405e-07      0.3600472816316169 
9.43e-07       0.3504892367906066 
9.455e-07      0.3422187976694983 
9.48e-07       0.3328767123287671 
9.505e-07      0.324703776292191 
9.53e-07       0.3170254403131115 
9.555e-07      0.3082191780821918 
9.58e-07       0.301174168297456 
9.605000000000002e-07 0.2941291585127202 
9.630000000000001e-07 0.2870841487279844 
9.655000000000001e-07 0.2800391389432485 
9.680000000000001e-07 0.2729941291585127 
9.705000000000001e-07 0.2691747515684476 
9.73e-07       0.2606653620352251 
9.755e-07      0.2553816046966732 
9.78e-07       0.2500978473581214 
9.805e-07      0.2472809406738218 
9.829999999999999e-07 0.2412915851272016 
9.854999999999999e-07 0.2377690802348336 
9.880000000000001e-07 0.2349227592835087 
9.905000000000001e-07 0.2307240704500979 
9.930000000000001e-07 0.2296828723463407 
9.955e-07      0.2260675855482709 
9.98e-07       0.225440313111546 
1.0005e-06     0.2219178082191781 
1.003e-06      0.2219178082191781 
1.0055e-06     0.2201565557729941 
1.008e-06      0.2201565557729941 
1.0105e-06     0.2201565557729941 
1.013e-06      0.2219178082191781 
1.0155e-06     0.2219178082191781 
1.018e-06      0.2229355706390276 
1.0205e-06     0.225440313111546 
1.023e-06      0.2264692123539436 
1.0255e-06     0.2300763581246219 
1.028e-06      0.2342465753424658 
1.0305e-06     0.2371075023793141 
1.033e-06      0.2412915851272016 
1.0355e-06     0.2441252186571684 
1.038e-06      0.2500978473581214 
1.0405e-06     0.2553816046966732 
1.043e-06      0.2606653620352251 
1.0455e-06     0.2645130736312555 
1.048e-06      0.2713038245600506 
1.0505e-06     0.2782778864970646 
1.053e-06      0.2853228962818004 
1.0555e-06     0.2923679060665362 
1.058e-06      0.299412915851272 
1.0605e-06     0.3064579256360078 
1.063e-06      0.3145130990477057 
1.0655e-06     0.3223091976516634 
1.068e-06      0.3311154598825832 
1.0705e-06     0.339921722113503 
1.073e-06      0.3487279843444228 
1.0755e-06     0.3575342465753425 
1.078e-06      0.3663405088062623 
1.0805e-06     0.3745448313687648 
1.083e-06      0.3857142857142857 
1.0855e-06     0.3959478356186099 
1.088e-06      0.4027349801172985 
1.0905e-06     0.413894324853229 
1.093e-06      0.4244618395303327 
1.0955e-06     0.4332681017612525 
1.098e-06      0.4438356164383562 
1.1005e-06     0.452641878669276 
1.103e-06      0.4627426180880851 
1.1055e-06     0.4737769080234834 
1.108e-06      0.4825831702544031 
1.1105e-06     0.4931506849315068 
1.113e-06      0.5013848535323967 
1.1155e-06     0.5125244618395304 
1.118e-06      0.5213307240704501 
1.1205e-06     0.5295443615444352 
1.123e-06      0.5389432485322897 
1.1255e-06     0.5495107632093934 
1.128e-06      0.5576892971751132 
1.1305e-06     0.565362035225049 
1.133e-06      0.5741682974559688 
1.1355e-06     0.5829745596868885 
1.138e-06      0.5900195694716243 
1.1405e-06     0.598825831702544 
1.143e-06      0.6058708414872799 
1.1455e-06     0.6129158512720156 
1.148e-06      0.6199608610567515 
1.1505e-06     0.623777586839531 
1.153e-06      0.6322896281800392 
1.1555e-06     0.637573385518591 
1.158e-06      0.6428571428571429 
1.1605e-06     0.6488838322656383 
1.163e-06      0.651969190566227 
1.1655e-06     0.6569471624266144 
1.168e-06      0.6622309197651665 
1.1705e-06     0.6650251113856314 
1.173e-06      0.6667565661384285 
1.1755e-06     0.6710371819960862 
1.178e-06      0.6727984344422701 
1.1805e-06     0.6738211051679053 
1.183e-06      0.678082191780822 
1.1855e-06     0.678082191780822 
1.188e-06      0.6798434442270059 
1.1905e-06     0.6798434442270059 
1.193e-06      0.6798434442270059 
1.1955e-06     0.678082191780822 
1.198e-06      0.678082191780822 
1.2005e-06     0.6770383142440383 
1.203e-06      0.674559686888454 
1.2055e-06     0.6735505398903493 
1.208e-06      0.6699863379282858 
1.2105e-06     0.6657534246575342 
1.213e-06      0.6639921722113503 
1.2155e-06     0.6593097807568842 
1.218e-06      0.6559065251362401 
1.2205e-06     0.6516634050880626 
1.223e-06      0.6456202165221585 
1.2255e-06     0.6426035475873915 
1.228e-06      0.6340508806262231 
1.2305e-06     0.6287671232876713 
1.233e-06      0.6234833659491195 
1.2355e-06     0.6164383561643836 
1.238e-06      0.6093933463796478 
1.2405e-06     0.6023483365949119 
1.243e-06      0.5935420743639922 
1.2455e-06     0.5864970645792563 
1.248e-06      0.5782979278636258 
1.2505e-06     0.5706457925636008 
1.253e-06      0.5618395303326811 
1.2555e-06     0.5536581101300615 
1.258e-06      0.5442270058708415 
1.2605e-06     0.5360765669424752 
1.263e-06      0.5248532289628179 
1.2655e-06     0.5160469667318982 
1.268e-06      0.5077856817405655 
1.2705e-06     0.4959790906373383 
1.273e-06      0.487866927592955 
1.2755e-06     0.4772994129158513 
1.278e-06      0.4690348573585892 
1.2805e-06     0.4579256360078278 
1.283e-06      0.4473581213307241 
1.2855e-06     0.4385518590998043 
1.288e-06      0.4279843444227006 
1.2905e-06     0.4180094748678219 
1.293e-06      0.4092588584939261 
1.2955e-06     0.3998043052837574 
1.298e-06      0.3892367906066536 
1.3005e-06     0.3811162600600888 
1.303e-06      0.3698630136986301 
1.3055e-06     0.3610567514677104 
1.308e-06      0.3528598334324701 
1.3105e-06     0.3434442270058709 
1.313e-06      0.3346379647749511 
1.3155e-06     0.3275929549902153 
1.318e-06      0.3187866927592955 
1.3205e-06     0.3105878940535765 
1.323e-06      0.3029354207436399 
1.3255e-06     0.2958904109589041 
1.328e-06      0.2888454011741683 
1.3305e-06     0.2818003913894325 
1.333e-06      0.2747553816046967 
1.3355e-06     0.2694716242661448 
1.338e-06      0.262426614481409 
1.3405e-06     0.2571428571428572 
1.343e-06      0.2511186348338469 
1.3455e-06     0.2490288894231305 
1.348e-06      0.2430528375733855 
1.3505e-06     0.2402139686423629 
1.353e-06      0.2360078277886497 
1.3555e-06     0.2331597130721085 
1.358e-06      0.2289628180039139 
1.3605e-06     0.22720156555773 
1.363e-06      0.2261388502063984 
1.3655e-06     0.223679060665362 
1.368e-06      0.2226624150003609 
1.3705e-06     0.2201565557729941 
1.373e-06      0.2201565557729941 
1.3755e-06     0.2201565557729941 
1.378e-06      0.2219178082191781 
1.3805e-06     0.2219178082191781 
1.383e-06      0.2229349831764963 
1.3855e-06     0.225440313111546 
1.388e-06      0.2264948349065661 
1.3905e-06     0.2300861329951912 
1.393e-06      0.2324853228962818 
1.3955e-06     0.2353384909077092 
1.398e-06      0.2395303326810176 
1.4005e-06     0.2433906092328936 
1.403e-06      0.2483365949119374 
1.4055e-06     0.2543455327329454 
1.408e-06      0.2574849856322386 
1.4105e-06     0.2641878669275929 
1.413e-06      0.2712328767123288 
1.4155e-06     0.2765166340508807 
1.418e-06      0.2835616438356164 
1.4205e-06     0.2906066536203523 
1.423e-06      0.297651663405088 
1.4255e-06     0.3046966731898239 
1.428e-06      0.3117416829745597 
1.4305e-06     0.3205479452054795 
1.433e-06      0.3293542074363993 
1.4355e-06     0.336399217221135 
1.438e-06      0.3466473210173176 
1.4405e-06     0.3540117416829746 
1.443e-06      0.3640222389213039 
1.4455e-06     0.3733855185909981 
1.448e-06      0.3821917808219178 
1.4505e-06     0.3909980430528376 
1.453e-06      0.402278102019611 
1.4555e-06     0.4103718199608611 
1.458e-06      0.4203667146435551 
1.4605e-06     0.4297455968688845 
1.463e-06      0.4403131115459882 
1.4655e-06     0.450880626223092 
1.468e-06      0.4591835108284223 
1.4705e-06     0.4702544031311155 
1.473e-06      0.4808219178082192 
1.4755e-06     0.489628180039139 
1.478e-06      0.5001956947162427 
1.4805e-06     0.5082738983903894 
1.483e-06      0.5178082191780823 
1.4855e-06     0.5283757338551859 
1.488e-06      0.5364415188562792 
1.4905e-06     0.5459882583170255 
1.493e-06      0.5547945205479452 
1.4955e-06     0.5636007827788649 
1.498e-06      0.5718607605666755 
1.5005e-06     0.5812133072407045 
1.503e-06      0.5882583170254404 
1.5055e-06     0.5953033268101761 
1.508e-06      0.6034807956148709 
1.5105e-06     0.6111545988258317 
1.513e-06      0.6181996086105676 
1.5155e-06     0.6242368742317311 
1.518e-06      0.6305283757338551 
1.5205e-06     0.6354417499003354 
1.523e-06      0.6410958904109589 
1.5255e-06     0.6449064648082979 
1.528e-06      0.6524142433779283 
1.5305e-06     0.6569471624266144 
1.533e-06      0.6597619943758755 
1.5355e-06     0.6639921722113503 
1.538e-06      0.6668156787919672 
1.5405e-06     0.6710371819960862 
1.543e-06      0.6727984344422701 
1.5455e-06     0.673825574144349 
1.548e-06      0.676320939334638 
1.5505e-06     0.6773653787264183 
1.553e-06      0.678082191780822 
1.5555e-06     0.6798434442270059 
1.558e-06      0.6798434442270059 
1.5605e-06     0.678082191780822 
1.563e-06      0.678082191780822 
1.5655e-06     0.6770428847228599 
1.568e-06      0.674559686888454 
1.5705e-06     0.6735463348524865 
1.573e-06      0.6710371819960862 
1.5755e-06     0.6675146771037183 
1.578e-06      0.6647116524891103 
1.5805e-06     0.6604696673189824 
1.583e-06      0.657666330888409 
1.5855e-06     0.6516634050880626 
1.588e-06      0.6456219457896637 
1.5905e-06     0.6435799364725626 
1.593e-06      0.6358121330724071 
1.5955e-06     0.6310312738079275 
1.598e-06      0.6234833659491195 
1.6005e-06     0.6174476416506538 
1.603e-06      0.6111545988258317 
1.6055e-06     0.6041095890410959 
1.608e-06      0.5970645792563601 
1.6105e-06     0.5890151167128185 
1.613e-06      0.5812133072407045 
1.6155e-06     0.5724070450097848 
1.618e-06      0.5640951336435441 
1.6205e-06     0.5547945205479452 
1.623e-06      0.5459882583170255 
1.6255e-06     0.5371819960861057 
1.628e-06      0.5291266944443879 
1.6305e-06     0.5195694716242661 
1.633e-06      0.5095139394034046 
1.6355e-06     0.5009429223725022 
1.638e-06      0.489628180039139 
1.6405e-06     0.4808219178082192 
1.643e-06      0.4702544031311155 
1.6455e-06     0.4614481409001957 
1.648e-06      0.4512436990678805 
1.6505e-06     0.4403131115459882 
1.653e-06      0.4315068493150685 
1.6555e-06     0.4209393346379648 
1.658e-06      0.4127724834402585 
1.6605e-06     0.4015655577299413 
1.663e-06      0.3913020439710278 
1.6655e-06     0.3828138116639509 
1.668e-06      0.3733855185909981 
1.6705e-06     0.3645792563600783 
1.673e-06      0.3563799625568004 
1.6755e-06     0.3469667318982388 
1.678e-06      0.336399217221135 
1.6805e-06     0.3293542074363993 
1.683e-06      0.3205479452054795 
1.6855e-06     0.3135029354207437 
1.688e-06      0.3046966731898239 
1.6905e-06     0.297651663405088 
1.693e-06      0.2906066536203523 
1.6955e-06     0.2835616438356164 
1.698e-06      0.2765166340508807 
1.7005e-06     0.2712328767123288 
1.703e-06      0.2641878669275929 
1.7055e-06     0.2589041095890411 
1.708e-06      0.2550222971183249 
1.7105e-06     0.2476003002750127 
1.713e-06      0.2448140900195695 
1.7155e-06     0.2409376412731709 
1.718e-06      0.2360078277886497 
1.7205e-06     0.2331503454524284 
1.723e-06      0.2307240704500979 
1.7255e-06     0.2278490537326724 
1.728e-06      0.2261396327364321 
1.7305e-06     0.223679060665362 
1.733e-06      0.2226632379900611 
1.7355e-06     0.2219178082191781 
1.738e-06      0.2201565557729941 
1.7405e-06     0.2201565557729941 
1.743e-06      0.2201565557729941 
1.7455e-06     0.2219178082191781 
1.748e-06      0.2229220303056334 
1.7505e-06     0.225440313111546 
1.753e-06      0.2264910021276231 
1.7555e-06     0.2289628180039139 
1.758e-06      0.2324853228962818 
1.7605e-06     0.2352940550240651 
1.763e-06      0.2395303326810176 
1.7655e-06     0.2423699272611214 
1.768e-06      0.2465753424657534 
1.7705e-06     0.250432816343317 
1.773e-06      0.2578820017144477 
1.7755e-06     0.262426614481409 
1.778e-06      0.2677174486044909 
1.7805e-06     0.2747553816046967 
1.783e-06      0.2818003913894325 
1.7855e-06     0.2888454011741683 
1.788e-06      0.2958904109589041 
1.7905e-06     0.3029354207436399 
1.793e-06      0.3099804305283758 
1.7955e-06     0.3181726819857398 
1.798e-06      0.3258317025440313 
1.8005e-06     0.3346379647749511 
1.803e-06      0.342708367138187 
1.8055e-06     0.3522504892367906 
1.808e-06      0.3604646898523855 
1.8105e-06     0.3698630136986301 
1.813e-06      0.3804305283757339 
1.8155e-06     0.3886200515471874 
1.818e-06      0.3987954543600554 
1.8205e-06     0.4086105675146771 
1.823e-06      0.4168024801953618 
1.8255e-06     0.4278951726750413 
1.828e-06      0.4367906066536204 
1.8305e-06     0.446836136914303 
1.833e-06      0.4579256360078278 
1.8355e-06     0.4684931506849315 
1.838e-06      0.4767275157425532 
1.8405e-06     0.487866927592955 
1.843e-06      0.4966731898238748 
1.8455e-06     0.5079168674935569 
1.848e-06      0.5154806217438145 
1.8505e-06     0.5248532289628179 
1.853e-06      0.5329712542834915 
1.8555e-06     0.5442270058708415 
1.858e-06      0.5530332681017613 
1.8605e-06     0.5612231334788952 
1.863e-06      0.5720998194021233 
1.8655e-06     0.5776908023483366 
1.868e-06      0.5858952946458615 
1.8705e-06     0.5935420743639922 
1.873e-06      0.6005870841487281 
1.8755e-06     0.6093933463796478 
1.878e-06      0.6146771037181996 
1.8805e-06     0.6217221135029354 
1.883e-06      0.6287671232876713 
1.8855e-06     0.6340508806262231 
1.888e-06      0.6410836821982158 
1.8905e-06     0.6448856493767481 
1.893e-06      0.6499021526418787 
1.8955e-06     0.6551859099804306 
1.898e-06      0.6580005572188735 
1.9005e-06     0.6634886710823331 
1.903e-06      0.6657534246575342 
1.9055e-06     0.6692759295499021 
1.908e-06      0.6720766104633096 
1.9105e-06     0.6738204088661753 
1.913e-06      0.676320939334638 
1.9155e-06     0.6773649951937621 
1.918e-06      0.678082191780822 
1.9205e-06     0.6798434442270059 
1.923e-06      0.6798434442270059 
1.9255e-06     0.6798434442270059 
1.928e-06      0.678082191780822 
1.9305e-06     0.678082191780822 
1.933e-06      0.674559686888454 
1.9355e-06     0.6735613411439747 
1.938e-06      0.6710371819960862 
1.9405e-06     0.670038608829902 
1.943e-06      0.6657534246575342 
1.9455e-06     0.6629552662716988 
1.948e-06      0.6569471624266144 
1.9505e-06     0.6534246575342466 
1.953e-06      0.6495888833822754 
1.9555e-06     0.642104027071123 
1.958e-06      0.637573385518591 
1.9605e-06     0.6322896281800392 
1.963e-06      0.6285167814870078 
1.9655e-06     0.6199608610567515 
1.968e-06      0.6129158512720156 
1.9705e-06     0.6058708414872799 
1.973e-06      0.598825831702544 
1.9755e-06     0.5917808219178082 
1.978e-06      0.5829745596868885 
1.9805e-06     0.5741682974559688 
1.983e-06      0.5671232876712329 
1.9855e-06     0.5583170254403131 
1.988e-06      0.5501852856139799 
1.9905e-06     0.5407045009784736 
1.993e-06      0.5306520658508987 
1.9955e-06     0.5219490473432455 
1.998e-06      0.5125244618395304 
2.0005e-06     0.5019569471624267 
2.003e-06      0.4937729477838106 
2.0055e-06     0.4825831702544031 
2.008e-06      0.4737769080234834 
2.0105e-06     0.4632093933463797 
2.013e-06      0.4548541731047485 
2.0155e-06     0.4438356164383562 
2.018e-06      0.4332681017612525 
2.0205e-06     0.4244618395303327 
2.023e-06      0.413894324853229 
2.0255e-06     0.4050880626223092 
2.028e-06      0.3950589110461634 
2.0305e-06     0.3842596836407952 
2.033e-06      0.375146771037182 
2.0355e-06     0.3669429671936008 
2.038e-06      0.3575342465753425 
2.0405e-06     0.3487279843444228 
2.043e-06      0.339921722113503 
2.0455e-06     0.3311154598825832 
2.048e-06      0.3223091976516634 
2.0505e-06     0.3152641878669276 
2.053e-06      0.3072245451367008 
2.0555e-06     0.299412915851272 
2.058e-06      0.2923679060665362 
2.0605e-06     0.2853228962818004 
2.063e-06      0.2782778864970646 
2.0655e-06     0.2729941291585127 
2.068e-06      0.2659491193737769 
2.0705e-06     0.2621083887188818 
2.073e-06      0.2553816046966732 
2.0755e-06     0.2500978473581214 
2.078e-06      0.2448140900195695 
2.0805e-06     0.24197340379906 
2.083e-06      0.2377690802348336 
2.0855e-06     0.234913634463753 
2.088e-06      0.2307240704500979 
2.0905e-06     0.2296976341573749 
2.093e-06      0.2260662194751406 
2.0955e-06     0.223679060665362 
2.098e-06      0.2226663475102627 
2.1005e-06     0.2219178082191781 
2.103e-06      0.2201565557729941 
2.1055e-06     0.2201565557729941 
2.108e-06      0.2201565557729941 
2.1105e-06     0.2219178082191781 
2.113e-06      0.2219178082191781 
2.1155e-06     0.2229114201214301 
2.118e-06      0.225440313111546 
2.1205e-06     0.2283031771343562 
2.123e-06      0.2300044180988701 
2.1255e-06     0.2342465753424658 
2.128e-06      0.2370998581792808 
2.1305e-06     0.2412915851272016 
2.133e-06      0.2465753424657534 
2.1355e-06     0.2494152241941504 
2.138e-06      0.2553816046966732 
2.1405e-06     0.2606653620352251 
2.143e-06      0.2644415842091586 
2.1455e-06     0.2729941291585127 
2.148e-06      0.2800391389432485 
2.1505e-06     0.2860767348189143 
2.153e-06      0.2923679060665362 
2.1555e-06     0.301174168297456 
2.158e-06      0.3082191780821918 
2.1605e-06     0.3152641878669276 
2.163e-06      0.3240704500978474 
2.1655e-06     0.3322813596464116 
2.168e-06      0.3416829745596869 
2.1705e-06     0.3499049195917828 
2.173e-06      0.3592954990215264 
2.1755e-06     0.3673590015707569 
2.178e-06      0.3769080234833659 
2.1805e-06     0.3857142857142857 
2.183e-06      0.3969682691385635 
2.1855e-06     0.4050880626223092 
2.188e-06      0.4156555772994129 
2.1905e-06     0.4237156481150028 
2.193e-06      0.4344683653205533 
2.1955e-06     0.4438356164383562 
2.198e-06      0.4544031311154599 
2.2005e-06     0.4649706457925636 
2.203e-06      0.4732354240223284 
2.2055e-06     0.4843003462008862 
2.208e-06      0.4949119373776908 
2.2105e-06     0.5037181996086106 
2.213e-06      0.5150244341250649 
2.2155e-06     0.5230919765166341 
2.218e-06      0.5318982387475538 
2.2205e-06     0.5399552916518155 
2.223e-06      0.5495107632093934 
2.2255e-06     0.5577285910334954 
2.228e-06      0.5671232876712329 
2.2305e-06     0.5753527272754497 
2.233e-06      0.5829745596868885 
2.2355e-06     0.5917808219178082 
2.238e-06      0.598825831702544 
2.2405e-06     0.6058708414872799 
2.243e-06      0.6129158512720156 
2.2455e-06     0.6199608610567515 
2.248e-06      0.6270058708414874 
2.2505e-06     0.6308023908935105 
2.253e-06      0.639334637964775 
2.2555e-06     0.6446183953033269 
2.258e-06      0.6499021526418787 
2.2605e-06     0.6527125837365326 
2.263e-06      0.6587084148727985 
2.2655e-06     0.6622309197651665 
2.268e-06      0.6650409213303005 
2.2705e-06     0.6692759295499021 
2.273e-06      0.6702930990961569 
2.2755e-06     0.6738714321168567 
2.278e-06      0.674559686888454 
2.2805e-06     0.678082191780822 
2.283e-06      0.678082191780822 
2.2855e-06     0.6798434442270059 
2.288e-06      0.6798434442270059 
2.2905e-06     0.6798434442270059 
2.293e-06      0.678082191780822 
2.2955e-06     0.678082191780822 
2.298e-06      0.6770397511079631 
2.3005e-06     0.674559686888454 
2.303e-06      0.6735658010316699 
2.3055e-06     0.6699913757034612 
2.308e-06      0.6657534246575342 
2.3105e-06     0.6629381480287094 
2.313e-06      0.6587084148727985 
2.3155e-06     0.6559211758167832 
2.318e-06      0.6499021526418787 
2.3205e-06     0.6446183953033269 
2.323e-06      0.639334637964775 
2.3255e-06     0.6355043835621622 
2.328e-06      0.6287671232876713 
2.3305e-06     0.6217221135029354 
2.333e-06      0.6146771037181996 
2.3355e-06     0.6076320939334638 
2.338e-06      0.6005870841487281 
2.3405e-06     0.5935420743639922 
2.343e-06      0.5854896483351288 
2.3455e-06     0.5776908023483366 
2.348e-06      0.5688845401174168 
2.3505e-06     0.560078277886497 
2.353e-06      0.5512720156555773 
2.3555e-06     0.5424657534246575 
2.358e-06      0.5336594911937378 
2.3605e-06     0.5254680365026869 
2.363e-06      0.5142857142857143 
2.3655e-06     0.5040347609724064 
2.368e-06      0.4972819189272112 
2.3705e-06     0.4861056751467711 
2.373e-06      0.4755381604696673 
2.3755e-06     0.4667318982387476 
2.378e-06      0.4561643835616438 
2.3805e-06     0.4473581213307241 
2.383e-06      0.4374115846144497 
2.3855e-06     0.4262230919765166 
2.388e-06      0.4174168297455969 
2.3905e-06     0.4068493150684931 
2.393e-06      0.3986299731272026 
2.3955e-06     0.3874755381604696 
2.398e-06      0.3786692759295499 
2.4005e-06     0.3704712074081734 
2.403e-06      0.3610567514677104 
2.4055e-06     0.3504892367906066 
2.408e-06      0.3422548439476784 
2.4105e-06     0.3346379647749511 
2.413e-06      0.3258317025440313 
2.4155e-06     0.3170254403131115 
2.418e-06      0.3099804305283758 
2.4205e-06     0.301174168297456 
2.423e-06      0.2941291585127202 
2.4255e-06     0.2870841487279844 
2.428e-06      0.2800391389432485 
2.4305e-06     0.2762426032580737 
2.433e-06      0.2677103718199609 
2.4355e-06     0.262426614481409 
2.438e-06      0.2571428571428572 
2.4405e-06     0.2511186148951268 
2.443e-06      0.2480096417375893 
2.4455e-06     0.2430528375733855 
2.448e-06      0.2377690802348336 
2.4505e-06     0.2349395435460022 
2.453e-06      0.2332197917133799 
2.4555e-06     0.2289628180039139 
2.458e-06      0.22720156555773 
2.4605e-06     0.2261408009940115 
2.463e-06      0.2219178082191781 
2.4655e-06     0.2219178082191781 
2.468e-06      0.2201565557729941 
2.4705e-06     0.2201565557729941 
2.473e-06      0.2201565557729941 
2.4755e-06     0.2219178082191781 
2.478e-06      0.2219178082191781 
2.4805e-06     0.222936852375 
2.483e-06      0.225440313111546 
2.4855e-06     0.2264914565571144 
2.488e-06      0.2300802654944054 
2.4905e-06     0.2342465753424658 
2.493e-06      0.2360078277886497 
2.4955e-06     0.2408154800162679 
2.498e-06      0.2441394262043534 
2.5005e-06     0.2500978473581214 
2.503e-06      0.2536203522504892 
2.5055e-06     0.2574540133136928 
2.508e-06      0.2659491193737769 
2.5105e-06     0.2712328767123288 
2.513e-06      0.2765166340508807 
2.5155e-06     0.2835616438356164 
2.518e-06      0.2906066536203523 
2.5205e-06     0.297651663405088 
2.523e-06      0.3064579256360078 
2.5255e-06     0.3135029354207437 
2.528e-06      0.3216979858915498 
2.5305e-06     0.3293542074363993 
2.533e-06      0.338160469667319 
2.5355e-06     0.3464170123608482 
2.538e-06      0.3557729941291585 
2.5405e-06     0.3639177588833964 
2.543e-06      0.375146771037182 
2.5455e-06     0.3839530332681018 
2.548e-06      0.3921429119106649 
2.5505e-06     0.404038465613435 
2.553e-06      0.412133072407045 
2.5555e-06     0.4227005870841487 
2.558e-06      0.4309138827785114 
2.5605e-06     0.4420743639921722 
2.563e-06      0.452641878669276 
2.5655e-06     0.4614481409001957 
2.568e-06      0.4720156555772995 
2.5705e-06     0.4822066654973215 
2.573e-06      0.4908032999074738 
2.5755e-06     0.5001956947162427 
2.578e-06      0.5107632093933464 
2.5805e-06     0.5189461660911605 
2.583e-06      0.53013698630137 
2.5855e-06     0.5389432485322897 
