
time (s)       VT("/out") (V)


2.84e-08       0.5477495107632094 
3.09e-08       0.5565557729941292 
3.34e-08       0.5653425226749184 
3.59e-08       0.5724070450097848 
3.84e-08       0.5812133072407045 
4.09e-08       0.5900195694716243 
4.34e-08       0.5970645792563601 
4.59e-08       0.6041095890410959 
4.84e-08       0.6111545988258317 
5.09e-08       0.6181996086105676 
5.34e-08       0.6252446183953033 
5.59e-08       0.6305283757338551 
5.840000000000001e-08 0.637573385518591 
6.09e-08       0.6428571428571429 
6.34e-08       0.6481778516947493 
6.59e-08       0.6516634050880626 
6.84e-08       0.6569471624266144 
7.090000000000001e-08 0.6604696673189824 
7.34e-08       0.6639921722113503 
7.59e-08       0.6675146771037183 
7.84e-08       0.6710371819960862 
8.09e-08       0.6727984344422701 
8.340000000000001e-08 0.674529664780899 
8.589999999999999e-08 0.676320939334638 
8.840000000000001e-08 0.6780710317844049 
9.09e-08       0.6798434442270059 
9.34e-08       0.6798434442270059 
9.590000000000001e-08 0.6798434442270059 
9.840000000000001e-08 0.678082191780822 
1.009e-07      0.678082191780822 
1.034e-07      0.6763348479725108 
1.059e-07      0.674559686888454 
1.084e-07      0.6728414067176068 
1.109e-07      0.6692759295499021 
1.134e-07      0.6675146771037183 
1.159e-07      0.6639921722113503 
1.184e-07      0.6604696673189824 
1.209e-07      0.6551859099804306 
1.234e-07      0.6516634050880626 
1.259e-07      0.6463353947806967 
1.284e-07      0.6410958904109589 
1.309e-07      0.6358121330724071 
1.334e-07      0.6287671232876713 
1.359e-07      0.6234833659491195 
1.384e-07      0.6164383561643836 
1.409e-07      0.6093933463796478 
1.434e-07      0.6023483365949119 
1.459e-07      0.5953033268101761 
1.484e-07      0.5882583170254404 
1.509e-07      0.5794520547945206 
1.534e-07      0.5706457925636008 
1.559e-07      0.5636007827788649 
1.584e-07      0.5547945205479452 
1.609e-07      0.5459882583170255 
1.634e-07      0.5354207436399218 
1.659e-07      0.526614481409002 
1.684e-07      0.5178082191780823 
1.709e-07      0.5090019569471624 
1.734e-07      0.4984344422700587 
1.759e-07      0.489628180039139 
1.784e-07      0.4790606653620352 
1.809e-07      0.4702544031311155 
1.834e-07      0.3997573267812414 
1.859e-07      0.449119373776908 
1.884e-07      0.4403131115459882 
1.909e-07      0.4297455968688845 
1.934e-07      0.4191780821917809 
1.959e-07      0.4103718199608611 
1.984e-07      0.3998043052837574 
2.009e-07      0.3910506336109689 
2.034e-07      0.3821917808219178 
2.059e-07      0.3716242661448141 
2.084e-07      0.3628684241467907 
2.109e-07      0.3540117416829746 
2.134e-07      0.3452054794520548 
2.159e-07      0.336399217221135 
2.184e-07      0.3275929549902153 
2.209e-07      0.3187866927592955 
2.234e-07      0.3117416829745597 
2.259e-07      0.3046966731898239 
2.284e-07      0.2958904109589041 
2.309e-07      0.2888454011741683 
2.334e-07      0.2818003913894325 
2.359e-07      0.2764700533236107 
2.384e-07      0.2694716242661448 
2.409e-07      0.2641878669275929 
2.434e-07      0.2589041095890411 
2.459e-07      0.2536203522504892 
2.484e-07      0.2483038216754027 
2.509e-07      0.2430528375733855 
2.534e-07      0.2395303326810176 
2.559e-07      0.2360078277886497 
2.584e-07      0.2324853228962818 
2.609e-07      0.2289628180039139 
2.634e-07      0.22720156555773 
2.659e-07      0.225440313111546 
2.684e-07      0.223679060665362 
2.709e-07      0.2219572669773073 
2.734e-07      0.2219178082191781 
2.759e-07      0.2201565557729941 
2.784e-07      0.2201565557729941 
2.809e-07      0.2219178082191781 
2.834e-07      0.2219178082191781 
2.859e-07      0.2236365594787976 
2.884e-07      0.225440313111546 
2.909e-07      0.2271996953043045 
2.934e-07      0.2289628180039139 
2.959e-07      0.2324853228962818 
2.984e-07      0.2360078277886497 
3.009e-07      0.2395303326810176 
3.034e-07      0.2430528375733855 
3.059e-07      0.2483365949119374 
3.084e-07      0.2536490484444692 
3.109e-07      0.2571428571428572 
3.134e-07      0.2641878669275929 
3.159e-07      0.2694716242661448 
3.184e-07      0.2765166340508807 
3.209e-07      0.2818238744565949 
3.234e-07      0.2888454011741683 
3.259e-07      0.2958904109589041 
3.284e-07      0.3029354207436399 
3.309e-07      0.311705614983711 
3.334e-07      0.3187866927592955 
3.359e-07      0.3275929549902153 
3.384e-07      0.336399217221135 
3.409e-07      0.3452054794520548 
3.434e-07      0.3540117416829746 
3.459e-07      0.3628180039138943 
3.484e-07      0.3715807614819204 
3.509e-07      0.3804305283757339 
3.534e-07      0.3909980430528376 
3.559e-07      0.3997636487134891 
3.584e-07      0.4103718199608611 
3.609e-07      0.4191780821917809 
3.634e-07      0.4297455968688845 
3.659e-07      0.4385518590998043 
3.684e-07      0.5156628406218122 
3.709e-07      0.4596868884540117 
3.734e-07      0.4684931506849315 
3.759e-07      0.4790606653620352 
3.784e-07      0.487866927592955 
3.809e-07      0.4984344422700587 
3.834e-07      0.5072407045009785 
3.859e-07      0.5178082191780823 
3.884e-07      0.526614481409002 
3.909e-07      0.5354207436399218 
3.934e-07      0.5442270058708415 
3.959e-07      0.5530332681017613 
3.984e-07      0.5636007827788649 
4.009e-07      0.5706457925636008 
4.034e-07      0.5794520547945206 
4.059e-07      0.5864970645792563 
4.084e-07      0.5953033268101761 
4.109e-07      0.6023483365949119 
4.134e-07      0.6093933463796478 
4.159e-07      0.6164383561643836 
4.184e-07      0.6234833659491195 
4.209e-07      0.6287671232876713 
4.234e-07      0.6358121330724071 
4.259e-07      0.6410958904109589 
4.284e-07      0.6463796477495107 
4.309e-07      0.6517106030010443 
4.334e-07      0.6551859099804306 
4.359e-07      0.6604696673189824 
4.384e-07      0.6639921722113503 
4.409e-07      0.6675146771037183 
4.434e-07      0.6692759295499021 
4.459e-07      0.6727984344422701 
4.484e-07      0.6745283761137112 
4.509e-07      0.676320939334638 
4.534e-07      0.6780700076525763 
4.559e-07      0.678082191780822 
4.584e-07      0.6798434442270059 
4.609e-07      0.6798434442270059 
4.634e-07      0.6798434442270059 
4.659e-07      0.678082191780822 
4.684e-07      0.6763488856280535 
4.709e-07      0.674559686888454 
4.734e-07      0.6728448717501738 
4.759e-07      0.6710371819960862 
4.784e-07      0.6675146771037183 
4.809e-07      0.6639921722113503 
4.834e-07      0.6604696673189824 
4.859e-07      0.6569471624266144 
4.884e-07      0.6534246575342466 
4.909e-07      0.6481409001956947 
4.934e-07      0.6428112118442016 
4.959e-07      0.637573385518591 
4.984e-07      0.6322896281800392 
5.009e-07      0.6252446183953033 
5.034e-07      0.6181996086105676 
5.059e-07      0.6111545988258317 
5.084000000000001e-07 0.6041095890410959 
5.109000000000001e-07 0.5970645792563601 
5.134e-07      0.5900195694716243 
5.159e-07      0.5812133072407045 
5.184e-07      0.5741682974559688 
5.209000000000001e-07 0.565362035225049 
5.234e-07      0.5565557729941292 
5.259e-07      0.5477495107632094 
5.284e-07      0.5389432485322897 
5.309000000000001e-07 0.53013698630137 
5.334000000000001e-07 0.5195694716242661 
5.359e-07      0.5107632093933464 
5.384e-07      0.5019569471624267 
5.409e-07      0.4913894324853229 
5.434000000000001e-07 0.4825831702544031 
5.459e-07      0.4720156555772995 
5.484e-07      0.4632093933463797 
5.509e-07      0.3870958567284465 
5.534000000000001e-07 0.4420743639921722 
5.559e-07      0.4315068493150685 
5.584e-07      0.4227005870841487 
5.609e-07      0.412133072407045 
5.634e-07      0.4033268101761253 
5.659000000000001e-07 0.3927592954990216 
5.684e-07      0.3839530332681018 
5.709e-07      0.375146771037182 
5.734e-07      0.3663405088062623 
5.759000000000001e-07 0.3557729941291585 
5.784e-07      0.3469667318982388 
5.809e-07      0.338160469667319 
5.834e-07      0.3293542074363993 
5.859000000000001e-07 0.3223091976516634 
5.884000000000001e-07 0.3135029354207437 
5.909e-07      0.3064579256360078 
5.934e-07      0.299412915851272 
5.959e-07      0.2906066536203523 
5.984000000000001e-07 0.2853228962818004 
6.009e-07      0.2782778864970646 
6.034e-07      0.2712328767123288 
6.059e-07      0.2659491193737769 
6.084000000000001e-07 0.2589041095890411 
6.109000000000001e-07 0.2536203522504892 
6.134e-07      0.2500978473581214 
6.159e-07      0.2448140900195695 
6.184e-07      0.2412915851272016 
6.209000000000001e-07 0.2360078277886497 
6.234e-07      0.2342465753424658 
6.259e-07      0.2307240704500979 
6.284e-07      0.22720156555773 
6.309000000000001e-07 0.225440313111546 
6.334e-07      0.223679060665362 
6.359e-07      0.2219590269436388 
6.384e-07      0.2219178082191781 
6.409000000000001e-07 0.2201565557729941 
6.434000000000001e-07 0.2201565557729941 
6.459e-07      0.2201565557729941 
6.484e-07      0.2219178082191781 
6.509e-07      0.2219178082191781 
6.534000000000001e-07 0.225440313111546 
6.559e-07      0.2271807069789792 
6.584e-07      0.2289628180039139 
6.609e-07      0.2306932603459292 
6.634000000000001e-07 0.2342465753424658 
6.659000000000001e-07 0.2377690802348336 
6.684e-07      0.2430528375733855 
6.709e-07      0.2465753424657534 
6.734e-07      0.2518590998043053 
6.759000000000001e-07 0.2571813032256872 
6.784e-07      0.262426614481409 
6.809e-07      0.2677103718199609 
6.834e-07      0.2729941291585127 
6.859000000000001e-07 0.2800391389432485 
6.884e-07      0.2870841487279844 
6.909e-07      0.2941291585127202 
6.934e-07      0.301174168297456 
6.959e-07      0.3082191780821918 
6.984000000000001e-07 0.3170254403131115 
7.009e-07      0.3258317025440313 
7.034e-07      0.3328767123287671 
7.059e-07      0.3416829745596869 
7.084000000000001e-07 0.3504892367906066 
7.109e-07      0.3592954990215264 
7.134e-07      0.3698630136986301 
7.159e-07      0.3786692759295499 
7.184000000000001e-07 0.3874755381604696 
7.209000000000001e-07 0.3980430528375734 
7.234e-07      0.4068493150684931 
7.259e-07      0.4174168297455969 
7.284e-07      0.4262230919765166 
7.309000000000001e-07 0.4367906066536204 
7.334e-07      0.5113501811438472 
7.359e-07      0.4561643835616438 
7.384e-07      0.4667318982387476 
7.409000000000001e-07 0.4755381604696673 
7.434000000000001e-07 0.4861056751467711 
7.459e-07      0.4949119373776908 
7.484e-07      0.5054794520547945 
7.509e-07      0.5142857142857143 
7.534000000000001e-07 0.5248532289628179 
7.559e-07      0.5336594911937378 
7.584e-07      0.5424657534246575 
7.609e-07      0.5512720156555773 
7.634000000000001e-07 0.560078277886497 
7.659e-07      0.5688845401174168 
7.684e-07      0.5776908023483366 
7.709e-07      0.5847358121330725 
7.734000000000001e-07 0.5934951391380368 
7.759000000000001e-07 0.6005870841487281 
7.784e-07      0.6076320939334638 
7.809e-07      0.6146771037181996 
7.834e-07      0.6217221135029354 
7.859000000000001e-07 0.6270058708414874 
7.884e-07      0.6340508806262231 
7.909e-07      0.639334637964775 
7.934e-07      0.6446183953033269 
7.959000000000001e-07 0.6499021526418787 
7.984000000000001e-07 0.6551859099804306 
8.009e-07      0.6587084148727985 
8.034e-07      0.6622309197651665 
8.059e-07      0.6657534246575342 
8.084000000000001e-07 0.6692759295499021 
8.109e-07      0.6709834542178748 
8.134e-07      0.674559686888454 
8.159e-07      0.676320939334638 
8.184000000000001e-07 0.6780662114121894 
8.209000000000001e-07 0.678082191780822 
8.234e-07      0.6798434442270059 
8.259e-07      0.6798434442270059 
8.284e-07      0.6798434442270059 
8.309000000000001e-07 0.678082191780822 
8.334e-07      0.678082191780822 
8.359e-07      0.6763540882099975 
8.384e-07      0.674559686888454 
8.409000000000001e-07 0.6710371819960862 
8.434e-07      0.6693187957609952 
8.459e-07      0.6657534246575342 
8.484e-07      0.6622309197651665 
8.509000000000001e-07 0.6587084148727985 
8.534000000000001e-07 0.6534246575342466 
8.559e-07      0.6499021526418787 
8.584e-07      0.6446183953033269 
8.609e-07      0.639334637964775 
8.634000000000001e-07 0.6340508806262231 
8.659e-07      0.6270058708414874 
8.684e-07      0.6199608610567515 
8.709e-07      0.6146153580532677 
8.734000000000001e-07 0.6076320939334638 
8.759000000000001e-07 0.598825831702544 
8.784e-07      0.5917808219178082 
8.809e-07      0.5847358121330725 
8.834e-07      0.5759295499021526 
8.859000000000001e-07 0.5671232876712329 
8.884e-07      0.5583170254403131 
8.909e-07      0.5495107632093934 
8.934e-07      0.5424657534246575 
8.959000000000001e-07 0.5318982387475538 
8.984000000000001e-07 0.5230919765166341 
9.009e-07      0.5142857142857143 
9.034e-07      0.5037181996086106 
9.059000000000001e-07 0.4949119373776908 
9.084000000000001e-07 0.4843444227005871 
9.109e-07      0.4755818074213435 
9.134e-07      0.4649706457925636 
9.159e-07      0.3916008613304045 
9.184000000000001e-07 0.4455968688845401 
9.209e-07      0.4350293542074364 
9.234e-07      0.4262230919765166 
9.259e-07      0.4156555772994129 
9.284000000000001e-07 0.4050880626223092 
9.309000000000001e-07 0.3962818003913894 
9.334e-07      0.3857142857142857 
9.359e-07      0.3769080234833659 
9.384e-07      0.3681017612524461 
9.409000000000001e-07 0.3593427806531433 
9.434e-07      0.3504892367906066 
9.459e-07      0.3416829745596869 
9.484e-07      0.3328767123287671 
9.509000000000001e-07 0.3240704500978474 
9.534000000000001e-07 0.3170254403131115 
9.559e-07      0.3082191780821918 
9.584e-07      0.301174168297456 
9.609e-07      0.2941291585127202 
9.634e-07      0.2870841487279844 
9.658999999999999e-07 0.2800391389432485 
9.683999999999999e-07 0.2729941291585127 
9.708999999999999e-07 0.2677103718199609 
9.734000000000001e-07 0.2606653620352251 
9.759e-07      0.2553816046966732 
9.784e-07      0.2500978473581214 
9.809e-07      0.2465753424657534 
9.834e-07      0.2412915851272016 
9.859e-07      0.2377690802348336 
9.884000000000001e-07 0.2342465753424658 
9.909000000000001e-07 0.2307240704500979 
9.934000000000001e-07 0.2289783713678671 
9.959000000000001e-07 0.225440313111546 
9.984e-07      0.225440313111546 
1.0009e-06     0.2219178082191781 
1.0034e-06     0.2219178082191781 
1.0059e-06     0.2201565557729941 
1.0084e-06     0.2201565557729941 
1.0109e-06     0.2201565557729941 
1.0134e-06     0.2219178082191781 
1.0159e-06     0.2219178082191781 
1.0184e-06     0.2236400716175013 
1.0209e-06     0.225440313111546 
1.0234e-06     0.2271737133324173 
1.0259e-06     0.2307240704500979 
1.0284e-06     0.2342465753424658 
1.0309e-06     0.2377690802348336 
1.0334e-06     0.2412915851272016 
1.0359e-06     0.2448140900195695 
1.0384e-06     0.2500978473581214 
1.0409e-06     0.2553816046966732 
1.0434e-06     0.2606653620352251 
1.0459e-06     0.2659491193737769 
1.0484e-06     0.2712328767123288 
1.0509e-06     0.2782778864970646 
1.0534e-06     0.2853228962818004 
1.0559e-06     0.2923679060665362 
1.0584e-06     0.299412915851272 
1.0609e-06     0.3064579256360078 
1.0634e-06     0.3152176000261792 
1.0659e-06     0.3223091976516634 
1.0684e-06     0.3311154598825832 
1.0709e-06     0.339921722113503 
1.0734e-06     0.3487279843444228 
1.0759e-06     0.3575342465753425 
1.0784e-06     0.3663405088062623 
1.0809e-06     0.375146771037182 
1.0834e-06     0.3857142857142857 
1.0859e-06     0.3945205479452055 
1.0884e-06     0.4033268101761253 
1.0909e-06     0.413894324853229 
1.0934e-06     0.4244618395303327 
1.0959e-06     0.4332681017612525 
1.0984e-06     0.5084028549886872 
1.1009e-06     0.452641878669276 
1.1034e-06     0.4632093933463797 
1.1059e-06     0.4737769080234834 
1.1084e-06     0.4825831702544031 
1.1109e-06     0.4931506849315068 
1.1134e-06     0.5019569471624267 
1.1159e-06     0.5125244618395304 
1.1184e-06     0.5213307240704501 
1.1209e-06     0.53013698630137 
1.1234e-06     0.5389432485322897 
1.1259e-06     0.5495107632093934 
1.1284e-06     0.5583170254403131 
1.1309e-06     0.565362035225049 
1.1334e-06     0.5741682974559688 
1.1359e-06     0.5829745596868885 
1.1384e-06     0.5900195694716243 
1.1409e-06     0.598825831702544 
1.1434e-06     0.6058708414872799 
1.1459e-06     0.6129158512720156 
1.1484e-06     0.6199608610567515 
1.1509e-06     0.6252446183953033 
1.1534e-06     0.6322896281800392 
1.1559e-06     0.637573385518591 
1.1584e-06     0.6428571428571429 
1.1609e-06     0.6481793312871645 
1.1634e-06     0.6534246575342466 
1.1659e-06     0.6569471624266144 
1.1684e-06     0.6622309197651665 
1.1709e-06     0.6657534246575342 
1.1734e-06     0.6674610671169021 
1.1759e-06     0.6710371819960862 
1.1784e-06     0.6727984344422701 
1.1809e-06     0.6745256061463789 
1.1834e-06     0.678082191780822 
1.1859e-06     0.678082191780822 
1.1884e-06     0.6798434442270059 
1.1909e-06     0.6798434442270059 
1.1934e-06     0.6798434442270059 
1.1959e-06     0.678082191780822 
1.1984e-06     0.678082191780822 
1.2009e-06     0.6763338132655646 
1.2034e-06     0.674559686888454 
1.2059e-06     0.6728460389118757 
1.2084e-06     0.6692759295499021 
1.2109e-06     0.6657534246575342 
1.2134e-06     0.6639921722113503 
1.2159e-06     0.6587084148727985 
1.2184e-06     0.6551859099804306 
1.2209e-06     0.6516634050880626 
1.2234e-06     0.646324717500632 
1.2259e-06     0.6410958904109589 
1.2284e-06     0.6340508806262231 
1.2309e-06     0.6287671232876713 
1.2334e-06     0.6234833659491195 
1.2359e-06     0.6164383561643836 
1.2384e-06     0.6093933463796478 
1.2409e-06     0.6023483365949119 
1.2434e-06     0.5935420743639922 
1.2459e-06     0.5864970645792563 
1.2484e-06     0.5776908023483366 
1.2509e-06     0.5706457925636008 
1.2534e-06     0.5618395303326811 
1.2559e-06     0.5530332681017613 
1.2584e-06     0.5442270058708415 
1.2609e-06     0.5354207436399218 
1.2634e-06     0.5248532289628179 
1.2659e-06     0.5160469667318982 
1.2684e-06     0.5072407045009785 
1.2709e-06     0.4966731898238748 
1.2734e-06     0.487866927592955 
1.2759e-06     0.4772994129158513 
1.2784e-06     0.4684931506849315 
1.2809e-06     0.3951650016640249 
1.2834e-06     0.4473581213307241 
1.2859e-06     0.4385518590998043 
1.2884e-06     0.4279843444227006 
1.2909e-06     0.4174168297455969 
1.2934e-06     0.4086105675146771 
1.2959e-06     0.3998043052837574 
1.2984e-06     0.3892367906066536 
1.3009e-06     0.3804305283757339 
1.3034e-06     0.3698630136986301 
1.3059e-06     0.3610567514677104 
1.3084e-06     0.3522504892367906 
1.3109e-06     0.3434442270058709 
1.3134e-06     0.3346379647749511 
1.3159e-06     0.3275929549902153 
1.3184e-06     0.3187866927592955 
1.3209e-06     0.3099804305283758 
1.3234e-06     0.3029354207436399 
1.3259e-06     0.2958904109589041 
1.3284e-06     0.2888454011741683 
1.3309e-06     0.2818003913894325 
1.3334e-06     0.2747553816046967 
1.3359e-06     0.2694716242661448 
1.3384e-06     0.262426614481409 
1.3409e-06     0.2571428571428572 
1.3434e-06     0.2518231358123206 
1.3459e-06     0.2483365949119374 
1.3484e-06     0.2430528375733855 
1.3509e-06     0.2395303326810176 
1.3534e-06     0.2360078277886497 
1.3559e-06     0.2324853228962818 
1.3584e-06     0.2289628180039139 
1.3609e-06     0.22720156555773 
1.3634e-06     0.225440313111546 
1.3659e-06     0.223679060665362 
1.3684e-06     0.2219579140218872 
1.3709e-06     0.2201565557729941 
1.3734e-06     0.2201565557729941 
1.3759e-06     0.2201565557729941 
1.3784e-06     0.2219178082191781 
1.3809e-06     0.2219178082191781 
1.3834e-06     0.22363948415497 
1.3859e-06     0.225440313111546 
1.3884e-06     0.2271993358850398 
1.3909e-06     0.2307240704500979 
1.3934e-06     0.2324853228962818 
1.3959e-06     0.2360078277886497 
1.3984e-06     0.2395303326810176 
1.4009e-06     0.2448140900195695 
1.4034e-06     0.2483365949119374 
1.4059e-06     0.2536410317544718 
1.4084e-06     0.2589041095890411 
1.4109e-06     0.2641878669275929 
1.4134e-06     0.2712328767123288 
1.4159e-06     0.2765166340508807 
1.4184e-06     0.2835616438356164 
1.4209e-06     0.2906066536203523 
1.4234e-06     0.297651663405088 
1.4259e-06     0.3046966731898239 
1.4284e-06     0.3117416829745597 
1.4309e-06     0.3205479452054795 
1.4334e-06     0.3293542074363993 
1.4359e-06     0.336399217221135 
1.4384e-06     0.3452054794520548 
1.4409e-06     0.3540117416829746 
1.4434e-06     0.3645792563600783 
1.4459e-06     0.3733855185909981 
1.4484e-06     0.3821917808219178 
1.4509e-06     0.3909980430528376 
1.4534e-06     0.4015655577299413 
1.4559e-06     0.4103718199608611 
1.4584e-06     0.4209393346379648 
1.4609e-06     0.4297455968688845 
1.4634e-06     0.5007492068817417 
1.4659e-06     0.450880626223092 
1.4684e-06     0.4596868884540117 
1.4709e-06     0.4702544031311155 
1.4734e-06     0.4808219178082192 
1.4759e-06     0.489628180039139 
1.4784e-06     0.5001956947162427 
1.4809e-06     0.5089783993688629 
1.4834e-06     0.5178082191780823 
1.4859e-06     0.5283757338551859 
1.4884e-06     0.5371460198347529 
1.4909e-06     0.5459882583170255 
1.4934e-06     0.5547945205479452 
1.4959e-06     0.5636007827788649 
1.4984e-06     0.5724070450097848 
1.5009e-06     0.5812133072407045 
1.5034e-06     0.5882583170254404 
1.5059e-06     0.5953033268101761 
1.5084e-06     0.6041095890410959 
1.5109e-06     0.6111545988258317 
1.5134e-06     0.6181996086105676 
1.5159e-06     0.6235323732532575 
1.5184e-06     0.6305283757338551 
1.5209e-06     0.6358121330724071 
1.5234e-06     0.6410958904109589 
1.5259e-06     0.6463796477495107 
1.5284e-06     0.6517097423994547 
1.5309e-06     0.6569471624266144 
1.5334e-06     0.6604696673189824 
1.5359e-06     0.6639921722113503 
1.5384e-06     0.6675146771037183 
1.5409e-06     0.6710371819960862 
1.5434e-06     0.6727984344422701 
1.5459e-06     0.6745300751228226 
1.5484e-06     0.676320939334638 
1.5509e-06     0.678069879704892 
1.5534e-06     0.678082191780822 
1.5559e-06     0.6798434442270059 
1.5584e-06     0.6798434442270059 
1.5609e-06     0.678082191780822 
1.5634e-06     0.678082191780822 
1.5659e-06     0.6763383837443864 
1.5684e-06     0.674559686888454 
1.5709e-06     0.6728418338740129 
1.5734e-06     0.6710371819960862 
1.5759e-06     0.6675146771037183 
1.5784e-06     0.6639921722113503 
1.5809e-06     0.6604696673189824 
1.5834e-06     0.6569471624266144 
1.5859e-06     0.6516634050880626 
1.5884e-06     0.6463264467681373 
1.5909e-06     0.6428571428571429 
1.5934e-06     0.6358121330724071 
1.5959e-06     0.6305283757338551 
1.5984e-06     0.6234833659491195 
1.6009e-06     0.6181521426291274 
1.6034e-06     0.6111545988258317 
1.6059e-06     0.6041095890410959 
1.6084e-06     0.5970645792563601 
1.6109e-06     0.5883106157343448 
1.6134e-06     0.5812133072407045 
1.6159e-06     0.5724070450097848 
1.6184e-06     0.5636007827788649 
1.6209e-06     0.5547945205479452 
1.6234e-06     0.5459882583170255 
1.6259e-06     0.5371819960861057 
1.6284e-06     0.5284221934659141 
1.6309e-06     0.5195694716242661 
1.6334e-06     0.5090019569471624 
1.6359e-06     0.5002384213940286 
1.6384e-06     0.489628180039139 
1.6409e-06     0.4808219178082192 
1.6434e-06     0.4702544031311155 
1.6459e-06     0.4614481409001957 
1.6484e-06     0.3850586042223162 
1.6509e-06     0.4403131115459882 
1.6534e-06     0.4315068493150685 
1.6559e-06     0.4209393346379648 
1.6584e-06     0.412133072407045 
1.6609e-06     0.4015655577299413 
1.6634e-06     0.3927592954990216 
1.6659e-06     0.3821917808219178 
1.6684e-06     0.3733855185909981 
1.6709e-06     0.3645792563600783 
1.6734e-06     0.3557729941291585 
1.6759e-06     0.3469667318982388 
1.6784e-06     0.336399217221135 
1.6809e-06     0.3293542074363993 
1.6834e-06     0.3205479452054795 
1.6859e-06     0.3135029354207437 
1.6884e-06     0.3046966731898239 
1.6909e-06     0.297651663405088 
1.6934e-06     0.2906066536203523 
1.6959e-06     0.2835616438356164 
1.6984e-06     0.2765166340508807 
1.7009e-06     0.2712328767123288 
1.7034e-06     0.2641878669275929 
1.7059e-06     0.2589041095890411 
1.7084e-06     0.2536203522504892 
1.7109e-06     0.2483048012534864 
1.7134e-06     0.2448140900195695 
1.7159e-06     0.2395303326810176 
1.7184e-06     0.2360078277886497 
1.7209e-06     0.2324853228962818 
1.7234e-06     0.2307240704500979 
1.7259e-06     0.22720156555773 
1.7284e-06     0.225440313111546 
1.7309e-06     0.223679060665362 
1.7334e-06     0.2219587370115875 
1.7359e-06     0.2219178082191781 
1.7384e-06     0.2201565557729941 
1.7409e-06     0.2201565557729941 
1.7434e-06     0.2201565557729941 
1.7459e-06     0.2219178082191781 
1.7484e-06     0.223626531284107 
1.7509e-06     0.225440313111546 
1.7534e-06     0.2271955031060968 
1.7559e-06     0.2289628180039139 
1.7584e-06     0.2324853228962818 
1.7609e-06     0.2360078277886497 
1.7634e-06     0.2395303326810176 
1.7659e-06     0.2430528375733855 
1.7684e-06     0.2465753424657534 
1.7709e-06     0.2518590998043053 
1.7734e-06     0.2571775007359741 
1.7759e-06     0.262426614481409 
1.7784e-06     0.2677103718199609 
1.7809e-06     0.2747553816046967 
1.7834e-06     0.2818003913894325 
1.7859e-06     0.2888454011741683 
1.7884e-06     0.2958904109589041 
1.7909e-06     0.3029354207436399 
1.7934e-06     0.3099804305283758 
1.7959e-06     0.3187866927592955 
1.7984e-06     0.3258317025440313 
1.8009e-06     0.3346379647749511 
1.8034e-06     0.3434128681166607 
1.8059e-06     0.3522504892367906 
1.8084e-06     0.3610567514677104 
1.8109e-06     0.3698630136986301 
1.8134e-06     0.3804305283757339 
1.8159e-06     0.3892367906066536 
1.8184e-06     0.3980909533815817 
1.8209e-06     0.4086105675146771 
1.8234e-06     0.4174168297455969 
1.8259e-06     0.4279843444227006 
1.8284e-06     0.4367906066536204 
1.8309e-06     0.5135523129341516 
1.8334e-06     0.4579256360078278 
1.8359e-06     0.4684931506849315 
1.8384e-06     0.4772994129158513 
1.8409e-06     0.487866927592955 
1.8434e-06     0.4966731898238748 
1.8459e-06     0.5072407045009785 
1.8484e-06     0.5160469667318982 
1.8509e-06     0.5248532289628179 
1.8534e-06     0.5336594911937378 
1.8559e-06     0.5442270058708415 
1.8584e-06     0.5530332681017613 
1.8609e-06     0.5618395303326811 
1.8634e-06     0.5706457925636008 
1.8659e-06     0.5776908023483366 
1.8684e-06     0.5864970645792563 
1.8709e-06     0.5935420743639922 
1.8734e-06     0.6005870841487281 
1.8759e-06     0.6093933463796478 
1.8784e-06     0.6146771037181996 
1.8809e-06     0.6217221135029354 
1.8834e-06     0.6287671232876713 
1.8859e-06     0.6340508806262231 
1.8884e-06     0.6410958904109589 
1.8909e-06     0.6463796477495107 
1.8934e-06     0.6499021526418787 
1.8959e-06     0.6551859099804306 
1.8984e-06     0.6587084148727985 
1.9009e-06     0.6639921722113503 
1.9034e-06     0.6657534246575342 
1.9059e-06     0.6692759295499021 
1.9084e-06     0.6727984344422701 
1.9109e-06     0.6745249098446483 
1.9134e-06     0.676320939334638 
1.9159e-06     0.6780694961722358 
1.9184e-06     0.678082191780822 
1.9209e-06     0.6798434442270059 
1.9234e-06     0.6798434442270059 
1.9259e-06     0.6798434442270059 
1.9284e-06     0.678082191780822 
1.9309e-06     0.678082191780822 
1.9334e-06     0.674559686888454 
1.9359e-06     0.6728568401655011 
1.9384e-06     0.6710371819960862 
1.9409e-06     0.6693341078514282 
1.9434e-06     0.6657534246575342 
1.9459e-06     0.6622309197651665 
1.9484e-06     0.6569471624266144 
1.9509e-06     0.6534246575342466 
1.9534e-06     0.6481409001956947 
1.9559e-06     0.6428085280495967 
1.9584e-06     0.637573385518591 
1.9609e-06     0.6322896281800392 
1.9634e-06     0.6270058708414874 
1.9659e-06     0.6199608610567515 
1.9684e-06     0.6129158512720156 
1.9709e-06     0.6058708414872799 
1.9734e-06     0.598825831702544 
1.9759e-06     0.5917808219178082 
1.9784e-06     0.5829745596868885 
1.9809e-06     0.5741682974559688 
1.9834e-06     0.5671232876712329 
1.9859e-06     0.5583170254403131 
1.9884e-06     0.5495107632093934 
1.9909e-06     0.5407045009784736 
1.9934e-06     0.53013698630137 
1.9959e-06     0.5213307240704501 
1.9984e-06     0.5125244618395304 
2.0009e-06     0.5019569471624267 
2.0034e-06     0.4931506849315068 
2.0059e-06     0.4825831702544031 
2.0084e-06     0.4737769080234834 
2.0109e-06     0.4632093933463797 
2.0134e-06     0.3893488002170155 
2.0159e-06     0.4438356164383562 
2.0184e-06     0.4332681017612525 
2.0209e-06     0.4244618395303327 
2.0234e-06     0.413894324853229 
2.0259e-06     0.4050880626223092 
2.0284e-06     0.3945205479452055 
2.0309e-06     0.3857142857142857 
2.0334e-06     0.375146771037182 
2.0359e-06     0.3663405088062623 
2.0384e-06     0.3575342465753425 
2.0409e-06     0.3487279843444228 
2.0434e-06     0.339921722113503 
2.0459e-06     0.3311154598825832 
2.0484e-06     0.3223091976516634 
2.0509e-06     0.3152641878669276 
2.0534e-06     0.3065200441582271 
2.0559e-06     0.299412915851272 
2.0584e-06     0.2923679060665362 
2.0609e-06     0.2853228962818004 
2.0634e-06     0.2782778864970646 
2.0659e-06     0.2729941291585127 
2.0684e-06     0.2659491193737769 
2.0709e-06     0.2606653620352251 
2.0734e-06     0.2553816046966732 
2.0759e-06     0.2500978473581214 
2.0784e-06     0.2448140900195695 
2.0809e-06     0.2412915851272016 
2.0834e-06     0.2377690802348336 
2.0859e-06     0.2342465753424658 
2.0884e-06     0.2307240704500979 
2.0909e-06     0.2289931331789012 
2.0934e-06     0.225440313111546 
2.0959e-06     0.223679060665362 
2.0984e-06     0.2219618465317891 
2.1009e-06     0.2219178082191781 
2.1034e-06     0.2201565557729941 
2.1059e-06     0.2201565557729941 
2.1084e-06     0.2201565557729941 
2.1109e-06     0.2219178082191781 
2.1134e-06     0.2219178082191781 
2.1159e-06     0.2236159210999037 
2.1184e-06     0.225440313111546 
2.1209e-06     0.2289628180039139 
2.1234e-06     0.2307089190773438 
2.1259e-06     0.2342465753424658 
2.1284e-06     0.2377690802348336 
2.1309e-06     0.2412915851272016 
2.1334e-06     0.2465753424657534 
2.1359e-06     0.2500978473581214 
2.1384e-06     0.2553816046966732 
2.1409e-06     0.2606653620352251 
2.1434e-06     0.2659491193737769 
2.1459e-06     0.2729941291585127 
2.1484e-06     0.2800391389432485 
2.1509e-06     0.2853722338404406 
2.1534e-06     0.2923679060665362 
2.1559e-06     0.301174168297456 
2.1584e-06     0.3082191780821918 
2.1609e-06     0.3152641878669276 
2.1634e-06     0.3240704500978474 
2.1659e-06     0.3328767123287671 
2.1684e-06     0.3416829745596869 
2.1709e-06     0.3504892367906066 
2.1734e-06     0.3592954990215264 
2.1759e-06     0.3680635025492305 
2.1784e-06     0.3769080234833659 
2.1809e-06     0.3857142857142857 
2.1834e-06     0.3962818003913894 
2.1859e-06     0.4050880626223092 
2.1884e-06     0.4156555772994129 
2.1909e-06     0.4244201490934764 
2.1934e-06     0.4350293542074364 
2.1959e-06     0.5090816850434964 
2.1984e-06     0.4544031311154599 
2.2009e-06     0.4649706457925636 
2.2034e-06     0.4737769080234834 
2.2059e-06     0.4843444227005871 
2.2084e-06     0.4949119373776908 
2.2109e-06     0.5037181996086106 
2.2134e-06     0.5142857142857143 
2.2159e-06     0.5230919765166341 
2.2184e-06     0.5318982387475538 
2.2209e-06     0.5406597926302892 
2.2234e-06     0.5495107632093934 
2.2259e-06     0.5583170254403131 
2.2284e-06     0.5671232876712329 
2.2309e-06     0.5759295499021526 
2.2334e-06     0.5829745596868885 
2.2359e-06     0.5917808219178082 
2.2384e-06     0.598825831702544 
2.2409e-06     0.6058708414872799 
2.2434e-06     0.6129158512720156 
2.2459e-06     0.6199608610567515 
2.2484e-06     0.6270058708414874 
2.2509e-06     0.6322896281800392 
2.2534e-06     0.639334637964775 
2.2559e-06     0.6446183953033269 
2.2584e-06     0.6499021526418787 
2.2609e-06     0.6534246575342466 
2.2634e-06     0.6587084148727985 
2.2659e-06     0.6622309197651665 
2.2684e-06     0.6657534246575342 
2.2709e-06     0.6692759295499021 
2.2734e-06     0.6709976000746305 
2.2759e-06     0.674559686888454 
2.2784e-06     0.674559686888454 
2.2809e-06     0.678082191780822 
2.2834e-06     0.678082191780822 
2.2859e-06     0.6798434442270059 
2.2884e-06     0.6798434442270059 
2.2909e-06     0.6798434442270059 
2.2934e-06     0.678082191780822 
2.2959e-06     0.678082191780822 
2.2984e-06     0.6763352501294895 
2.3009e-06     0.674559686888454 
2.3034e-06     0.6728613000531962 
2.3059e-06     0.6692759295499021 
2.3084e-06     0.6657534246575342 
2.3109e-06     0.6622309197651665 
2.3134e-06     0.6587084148727985 
2.3159e-06     0.6551859099804306 
2.3184e-06     0.6499021526418787 
2.3209e-06     0.6446183953033269 
2.3234e-06     0.639334637964775 
2.3259e-06     0.6340508806262231 
2.3284e-06     0.6287671232876713 
2.3309e-06     0.6217221135029354 
2.3334e-06     0.6146771037181996 
2.3359e-06     0.6076320939334638 
2.3384e-06     0.6005870841487281 
2.3409e-06     0.5935420743639922 
2.3434e-06     0.5847851473566552 
2.3459e-06     0.5776908023483366 
2.3484e-06     0.5688845401174168 
2.3509e-06     0.560078277886497 
2.3534e-06     0.5512720156555773 
2.3559e-06     0.5424657534246575 
2.3584e-06     0.5336594911937378 
2.3609e-06     0.5248532289628179 
2.3634e-06     0.5142857142857143 
2.3659e-06     0.5054794520547945 
2.3684e-06     0.4966731898238748 
2.3709e-06     0.4861056751467711 
2.3734e-06     0.4755381604696673 
2.3759e-06     0.4667318982387476 
2.3784e-06     0.3923352698872695 
2.3809e-06     0.4473581213307241 
2.3834e-06     0.4367906066536204 
2.3859e-06     0.4262230919765166 
2.3884e-06     0.4174168297455969 
2.3909e-06     0.4068493150684931 
2.3934e-06     0.3980430528375734 
2.3959e-06     0.3874755381604696 
2.3984e-06     0.3786692759295499 
2.4009e-06     0.3698630136986301 
2.4034e-06     0.3610567514677104 
2.4059e-06     0.3504892367906066 
2.4084e-06     0.3416829745596869 
2.4109e-06     0.3346379647749511 
2.4134e-06     0.3258317025440313 
2.4159e-06     0.3170254403131115 
2.4184e-06     0.3099804305283758 
2.4209e-06     0.301174168297456 
2.4234e-06     0.2941291585127202 
2.4259e-06     0.2870841487279844 
2.4284e-06     0.2800391389432485 
2.4309e-06     0.2747553816046967 
2.4334e-06     0.2677103718199609 
2.4359e-06     0.262426614481409 
2.4384e-06     0.2571428571428572 
2.4409e-06     0.2518231158736005 
2.4434e-06     0.2465753424657534 
2.4459e-06     0.2430528375733855 
2.4484e-06     0.2377690802348336 
2.4509e-06     0.2342465753424658 
2.4534e-06     0.2325152907349062 
2.4559e-06     0.2289628180039139 
2.4584e-06     0.22720156555773 
2.4609e-06     0.225440313111546 
2.4634e-06     0.2219178082191781 
2.4659e-06     0.2219178082191781 
2.4684e-06     0.2201565557729941 
2.4709e-06     0.2201565557729941 
2.4734e-06     0.2201565557729941 
2.4759e-06     0.2219178082191781 
2.4784e-06     0.2219178082191781 
2.4809e-06     0.2236413533534737 
2.4834e-06     0.225440313111546 
2.4859e-06     0.2271959575355881 
2.4884e-06     0.2307240704500979 
2.4909e-06     0.2342465753424658 
2.4934e-06     0.2360078277886497 
2.4959e-06     0.2412915851272016 
2.4984e-06     0.2448140900195695 
2.5009e-06     0.2500978473581214 
2.5034e-06     0.2536203522504892 
2.5059e-06     0.2589041095890411 
2.5084e-06     0.2659491193737769 
2.5109e-06     0.2712328767123288 
2.5134e-06     0.2765166340508807 
2.5159e-06     0.2835616438356164 
2.5184e-06     0.2906066536203523 
2.5209e-06     0.297651663405088 
2.5234e-06     0.3064579256360078 
2.5259e-06     0.3135029354207437 
2.5284e-06     0.3223091976516634 
2.5309e-06     0.3293542074363993 
2.5334e-06     0.338160469667319 
2.5359e-06     0.3469667318982388 
2.5384e-06     0.3557729941291585 
2.5409e-06     0.3645792563600783 
2.5434e-06     0.375146771037182 
2.5459e-06     0.3839530332681018 
2.5484e-06     0.3927592954990216 
2.5509e-06     0.4033268101761253 
2.5534e-06     0.412133072407045 
2.5559e-06     0.4227005870841487 
2.5584e-06     0.4315068493150685 
2.5609e-06     0.5055012809003709 
2.5634e-06     0.452641878669276 
2.5659e-06     0.4614481409001957 
2.5684e-06     0.4720156555772995 
2.5709e-06     0.4825831702544031 
2.5734e-06     0.4913894324853229 
2.5759e-06     0.5001956947162427 
2.5784e-06     0.5107632093933464 
2.5809e-06     0.5195694716242661 
2.5834e-06     0.53013698630137 
2.5859e-06     0.5389432485322897 
