
time (s)       VT("/out") (V)


2.82e-08       0.5477495107632094 
3.07e-08       0.5565557729941292 
3.32e-08       0.5649902721856814 
3.57e-08       0.5724070450097848 
3.82e-08       0.5812133072407045 
4.07e-08       0.5900195694716243 
4.32e-08       0.5970645792563601 
4.570000000000001e-08 0.6041095890410959 
4.82e-08       0.6111545988258317 
5.07e-08       0.6181996086105676 
5.32e-08       0.6252446183953033 
5.57e-08       0.6305283757338551 
5.82e-08       0.637573385518591 
6.070000000000001e-08 0.6428571428571429 
6.320000000000001e-08 0.648530102183986 
6.57e-08       0.6516634050880626 
6.82e-08       0.6569471624266144 
7.07e-08       0.6604564776563023 
7.319999999999999e-08 0.6639921722113503 
7.57e-08       0.6675111193389268 
7.82e-08       0.6710371819960862 
8.07e-08       0.6727984344422701 
8.32e-08       0.6741774142916622 
8.570000000000001e-08 0.676320939334638 
8.820000000000001e-08 0.677718781295168 
9.07e-08       0.6798434442270059 
9.32e-08       0.6798434442270059 
9.57e-08       0.6798434442270059 
9.820000000000001e-08 0.678082191780822 
1.007e-07      0.678082191780822 
1.032e-07      0.6766870984617476 
1.057e-07      0.674559686888454 
1.082e-07      0.6731936572068437 
1.107e-07      0.6692807777183662 
1.132e-07      0.6675146771037183 
1.157e-07      0.6640002942156332 
1.182e-07      0.6604696673189824 
1.207e-07      0.6556105142648765 
1.232e-07      0.6516634050880626 
1.257e-07      0.64598314429146 
1.282e-07      0.6415193833738366 
1.307e-07      0.6358121330724071 
1.332e-07      0.6287671232876713 
1.357e-07      0.6234833659491195 
1.382e-07      0.6164383561643836 
1.407e-07      0.6093933463796478 
1.432e-07      0.6023483365949119 
1.457e-07      0.5953033268101761 
1.482e-07      0.5882583170254404 
1.507e-07      0.5794520547945206 
1.532e-07      0.5706457925636008 
1.557e-07      0.5636007827788649 
1.582e-07      0.5547945205479452 
1.607e-07      0.5459882583170255 
1.632e-07      0.5354207436399218 
1.657e-07      0.526614481409002 
1.682e-07      0.5178082191780823 
1.707e-07      0.5090019569471624 
1.732e-07      0.4984344422700587 
1.757e-07      0.489628180039139 
1.782e-07      0.4790606653620352 
1.807e-07      0.4702544031311155 
1.832e-07      0.4596868884540117 
1.857e-07      0.449119373776908 
1.882e-07      0.4403131115459882 
1.907e-07      0.4297455968688845 
1.932e-07      0.4191780821917809 
1.957e-07      0.4103718199608611 
1.982e-07      0.3998043052837574 
2.007e-07      0.3914028841002056 
2.032e-07      0.3821917808219178 
2.057e-07      0.3716242661448141 
2.082e-07      0.3632206746360274 
2.107e-07      0.3540117416829746 
2.132e-07      0.3452054794520548 
2.157e-07      0.336399217221135 
2.182e-07      0.3275929549902153 
2.207e-07      0.3187866927592955 
2.232e-07      0.3117416829745597 
2.257e-07      0.3046966731898239 
2.282e-07      0.2958904109589041 
2.307e-07      0.2888454011741683 
2.332e-07      0.2818003913894325 
2.357e-07      0.2761178028343739 
2.382e-07      0.2694716242661448 
2.407e-07      0.2642740867332983 
2.432e-07      0.2589041095890411 
2.457e-07      0.2539736816425714 
2.482e-07      0.2479515711861658 
2.507e-07      0.2430528375733855 
2.532e-07      0.2395303326810176 
2.557e-07      0.2360078277886497 
2.582e-07      0.2324853228962818 
2.607e-07      0.2289628180039139 
2.632e-07      0.22720156555773 
2.657e-07      0.2257865148551186 
2.682e-07      0.223679060665362 
2.707e-07      0.2223095174665441 
2.732e-07      0.2219178082191781 
2.757e-07      0.2201565557729941 
2.782e-07      0.2201565557729941 
2.807e-07      0.2219178082191781 
2.832e-07      0.2219178082191781 
2.857e-07      0.2232843089895608 
2.882e-07      0.225440313111546 
2.907e-07      0.2268474448150677 
2.932e-07      0.2289628180039139 
2.957e-07      0.2324853228962818 
2.982e-07      0.2360078277886497 
3.007e-07      0.2395303326810176 
3.032e-07      0.2430528375733855 
3.057e-07      0.2483365949119374 
3.082e-07      0.254001298933706 
3.107e-07      0.2571428571428572 
3.132e-07      0.2641878669275929 
3.157e-07      0.2694243990726966 
3.182e-07      0.2765166340508807 
3.207e-07      0.2821761249458317 
3.232e-07      0.2888454011741683 
3.257e-07      0.2958904109589041 
3.282e-07      0.3029354207436399 
3.307e-07      0.3113533644944741 
3.332e-07      0.3187866927592955 
3.357e-07      0.3275929549902153 
3.382e-07      0.336399217221135 
3.407e-07      0.3455826172417303 
3.432e-07      0.3540117416829746 
3.457e-07      0.3628180039138943 
3.482e-07      0.3712285109926836 
3.507e-07      0.3804305283757339 
3.532e-07      0.3909980430528376 
3.557e-07      0.3994113982242523 
3.582e-07      0.4103718199608611 
3.607e-07      0.4191780821917809 
3.632e-07      0.4297455968688845 
3.657e-07      0.4385518590998043 
3.682e-07      0.449119373776908 
3.707e-07      0.4596868884540117 
3.732e-07      0.4684931506849315 
3.757e-07      0.4790606653620352 
3.782e-07      0.487866927592955 
3.807e-07      0.4984344422700587 
3.832e-07      0.5075853193410651 
3.857e-07      0.5178082191780823 
3.882e-07      0.526614481409002 
3.907e-07      0.5354207436399218 
3.932e-07      0.5442270058708415 
3.957e-07      0.5530332681017613 
3.982e-07      0.5636007827788649 
4.007e-07      0.5706457925636008 
4.032e-07      0.5794520547945206 
4.057e-07      0.5864970645792563 
4.082e-07      0.5953033268101761 
4.107e-07      0.6023483365949119 
4.132e-07      0.6093933463796478 
4.157e-07      0.6164383561643836 
4.182e-07      0.6234833659491195 
4.207e-07      0.6287671232876713 
4.232e-07      0.6358121330724071 
4.257e-07      0.6410958904109589 
4.282e-07      0.6459759113825516 
4.307e-07      0.6520628534902811 
4.332e-07      0.6551859099804306 
4.357e-07      0.6600662829184857 
4.382e-07      0.6639921722113503 
4.407e-07      0.6675146771037183 
4.432e-07      0.6692759295499021 
4.457e-07      0.6727968427561554 
4.482e-07      0.6741761256244743 
4.507e-07      0.676320939334638 
4.532e-07      0.6777177571633395 
4.557e-07      0.678082191780822 
4.582e-07      0.6798434442270059 
4.607e-07      0.6798434442270059 
4.632e-07      0.6798434442270059 
4.657e-07      0.678082191780822 
4.682e-07      0.6767011361172903 
4.707e-07      0.674559686888454 
4.732e-07      0.6731971222394108 
4.757e-07      0.6710371819960862 
4.782e-07      0.6675146771037183 
4.807e-07      0.6640422656482102 
4.832e-07      0.6604696673189824 
4.857000000000001e-07 0.656969093969023 
4.882e-07      0.6534246575342466 
4.907e-07      0.6485270749822373 
4.932e-07      0.6424589613549648 
4.957e-07      0.637573385518591 
4.981999999999999e-07 0.6322896281800392 
5.007e-07      0.6252446183953033 
5.032e-07      0.6181996086105676 
5.057e-07      0.6111545988258317 
5.082000000000001e-07 0.6041095890410959 
5.107e-07      0.5970645792563601 
5.132e-07      0.5900195694716243 
5.157e-07      0.5812133072407045 
5.182e-07      0.5741682974559688 
5.207000000000001e-07 0.565362035225049 
5.232e-07      0.5565557729941292 
5.257e-07      0.5477495107632094 
5.282e-07      0.5389432485322897 
5.307000000000001e-07 0.53013698630137 
5.332e-07      0.5195694716242661 
5.357e-07      0.5107632093933464 
5.382e-07      0.5016385981744453 
5.407e-07      0.4913894324853229 
5.432e-07      0.4825831702544031 
5.457e-07      0.4720156555772995 
5.482e-07      0.4632093933463797 
5.507e-07      0.452641878669276 
5.532000000000001e-07 0.4420743639921722 
5.557e-07      0.4315068493150685 
5.582e-07      0.4227005870841487 
5.607e-07      0.412133072407045 
5.632e-07      0.4033268101761253 
5.657e-07      0.3927540988100654 
5.682e-07      0.3839530332681018 
5.707e-07      0.375146771037182 
5.732e-07      0.3663405088062623 
5.757000000000001e-07 0.3557729941291585 
5.782e-07      0.3469667318982388 
5.807e-07      0.338160469667319 
5.832e-07      0.3293542074363993 
5.857000000000001e-07 0.3223091976516634 
5.882e-07      0.3135029354207437 
5.907e-07      0.3064579256360078 
5.932e-07      0.299412915851272 
5.957e-07      0.2906066536203523 
5.982e-07      0.2853228962818004 
6.007e-07      0.2782778864970646 
6.032e-07      0.2712328767123288 
6.057e-07      0.2659491193737769 
6.082000000000001e-07 0.2589041095890411 
6.107e-07      0.2539996142883923 
6.132e-07      0.2500978473581214 
6.157e-07      0.2448140900195695 
6.182e-07      0.2412915851272016 
6.207e-07      0.2362559162900498 
6.232e-07      0.2342465753424658 
6.257e-07      0.2307240704500979 
6.282e-07      0.22720156555773 
6.307000000000001e-07 0.2257897873630482 
6.332e-07      0.223679060665362 
6.357e-07      0.2223112774328756 
6.382e-07      0.2219178082191781 
6.407000000000001e-07 0.2201565557729941 
6.432e-07      0.2201565557729941 
6.457e-07      0.2201565557729941 
6.482e-07      0.2219178082191781 
6.507e-07      0.2219178082191781 
6.532000000000001e-07 0.225440313111546 
6.557e-07      0.2268284564897424 
6.582e-07      0.2289628180039139 
6.607e-07      0.2303410098566924 
6.632000000000001e-07 0.2342465753424658 
6.657e-07      0.2377690802348336 
6.682e-07      0.2430528375733855 
6.707e-07      0.2465753424657534 
6.732e-07      0.2514899150259086 
6.757e-07      0.257533553714924 
6.782e-07      0.262426614481409 
6.807e-07      0.2677103718199609 
6.832e-07      0.2725597022088848 
6.857000000000001e-07 0.2800391389432485 
6.882e-07      0.2870841487279844 
6.907e-07      0.2941291585127202 
6.932e-07      0.301174168297456 
6.957e-07      0.3082191780821918 
6.982e-07      0.3170254403131115 
7.007e-07      0.3258317025440313 
7.032e-07      0.3328767123287671 
7.057e-07      0.3416829745596869 
7.082000000000001e-07 0.3504892367906066 
7.107e-07      0.3592954990215264 
7.132e-07      0.3698630136986301 
7.157e-07      0.3786692759295499 
7.182000000000001e-07 0.3874755381604696 
7.207e-07      0.3980430528375734 
7.232e-07      0.4068493150684931 
7.257e-07      0.4174168297455969 
7.282e-07      0.4262230919765166 
7.307000000000001e-07 0.4367906066536204 
7.332e-07      0.4455968688845401 
7.357e-07      0.4561643835616438 
7.382e-07      0.4667318982387476 
7.407000000000001e-07 0.4755381604696673 
7.432e-07      0.4861056751467711 
7.457e-07      0.4949119373776908 
7.482e-07      0.5054794520547945 
7.507e-07      0.5146678689859792 
7.532e-07      0.5248532289628179 
7.557e-07      0.5336594911937378 
7.582e-07      0.5424657534246575 
7.607e-07      0.5512720156555773 
7.632000000000001e-07 0.560078277886497 
7.657e-07      0.5688845401174168 
7.682e-07      0.5776908023483366 
7.707e-07      0.5847358121330725 
7.732000000000001e-07 0.5931428886487998 
7.757e-07      0.6005870841487281 
7.782e-07      0.6076320939334638 
7.807e-07      0.6146771037181996 
7.832e-07      0.6217221135029354 
7.857000000000001e-07 0.6270058708414874 
7.882e-07      0.6340508806262231 
7.907e-07      0.6389261664121978 
7.932e-07      0.6446183953033269 
7.957000000000001e-07 0.6499021526418787 
7.982e-07      0.6551859099804306 
8.007e-07      0.6586997680341194 
8.032e-07      0.6622309197651665 
8.057e-07      0.6657534246575342 
8.082000000000001e-07 0.6692759295499021 
8.107e-07      0.6706312037286378 
8.132e-07      0.674559686888454 
8.157e-07      0.676320939334638 
8.182000000000001e-07 0.6777139609229526 
8.207e-07      0.678082191780822 
8.232e-07      0.6798434442270059 
8.257e-07      0.6798434442270059 
8.282e-07      0.6798434442270059 
8.307e-07      0.678082191780822 
8.332e-07      0.678082191780822 
8.357e-07      0.6767063386992344 
8.382e-07      0.674559686888454 
8.407000000000001e-07 0.6710620479708483 
8.432e-07      0.669671046250232 
8.457e-07      0.6657534246575342 
8.482e-07      0.6622380788671191 
8.507000000000001e-07 0.6587084148727985 
8.532e-07      0.6534246575342466 
8.557e-07      0.6499021526418787 
8.582e-07      0.6446183953033269 
8.607e-07      0.639334637964775 
8.632000000000001e-07 0.6345227916019791 
8.657e-07      0.6270058708414874 
8.682e-07      0.6199608610567515 
8.707e-07      0.6142631075640309 
8.732000000000001e-07 0.6076320939334638 
8.757e-07      0.598825831702544 
8.782e-07      0.5917808219178082 
8.807e-07      0.5847358121330725 
8.832e-07      0.5759295499021526 
8.857e-07      0.5671232876712329 
8.882e-07      0.5583170254403131 
8.907e-07      0.5495107632093934 
8.932e-07      0.5424657534246575 
8.957000000000001e-07 0.5318982387475538 
8.982e-07      0.5230919765166341 
9.007e-07      0.5142857142857143 
9.032e-07      0.5037181996086106 
9.057000000000001e-07 0.4949119373776908 
9.082e-07      0.4843444227005871 
9.107e-07      0.4759340579105803 
9.132e-07      0.4649706457925636 
9.157e-07      0.4561643835616438 
9.182000000000001e-07 0.4455968688845401 
9.207e-07      0.4350293542074364 
9.232e-07      0.4262230919765166 
9.257e-07      0.4156555772994129 
9.282000000000001e-07 0.4050880626223092 
9.307e-07      0.3962818003913894 
9.332e-07      0.3856705328172107 
9.357e-07      0.3769080234833659 
9.382e-07      0.3681017612524461 
9.407000000000001e-07 0.3596950311423801 
9.432e-07      0.3504892367906066 
9.457e-07      0.3416829745596869 
9.482e-07      0.3328767123287671 
9.507000000000001e-07 0.3240704500978474 
9.532e-07      0.3170254403131115 
9.557e-07      0.3082191780821918 
9.582e-07      0.301174168297456 
9.607e-07      0.2941291585127202 
9.631999999999999e-07 0.2870841487279844 
9.656999999999999e-07 0.2800391389432485 
9.681999999999999e-07 0.2729941291585127 
9.706999999999999e-07 0.2681180001007383 
9.732000000000001e-07 0.2606653620352251 
9.757e-07      0.2553816046966732 
9.782e-07      0.2500978473581214 
9.807e-07      0.2465764396953481 
9.832e-07      0.2412915851272016 
9.856999999999999e-07 0.2377690802348336 
9.882000000000001e-07 0.2342465753424658 
9.907000000000001e-07 0.2307240704500979 
9.932000000000001e-07 0.2293306218571039 
9.957000000000001e-07 0.225440313111546 
9.982e-07      0.225440313111546 
1.0007e-06     0.2219178082191781 
1.0032e-06     0.2219178082191781 
1.0057e-06     0.2201565557729941 
1.0082e-06     0.2201565557729941 
1.0107e-06     0.2201565557729941 
1.0132e-06     0.2219178082191781 
1.0157e-06     0.2219178082191781 
1.0182e-06     0.2232878211282645 
1.0207e-06     0.225440313111546 
1.0232e-06     0.2268214628431804 
1.0257e-06     0.2307240704500979 
1.0282e-06     0.2342465753424658 
1.0307e-06     0.2377690802348336 
1.0332e-06     0.2412915851272016 
1.0357e-06     0.2448140900195695 
1.0382e-06     0.2500978473581214 
1.0407e-06     0.2553816046966732 
1.0432e-06     0.2606653620352251 
1.0457e-06     0.2655698250989659 
1.0482e-06     0.2712328767123288 
1.0507e-06     0.2782778864970646 
1.0532e-06     0.2853228962818004 
1.0557e-06     0.2923679060665362 
1.0582e-06     0.299412915851272 
1.0607e-06     0.3064579256360078 
1.0632e-06     0.3148653495369425 
1.0657e-06     0.3223091976516634 
1.0682e-06     0.3311154598825832 
1.0707e-06     0.339921722113503 
1.0732e-06     0.3487279843444228 
1.0757e-06     0.3575342465753425 
1.0782e-06     0.3663405088062623 
1.0807e-06     0.375146771037182 
1.0832e-06     0.3857142857142857 
1.0857e-06     0.3948910841508994 
1.0882e-06     0.4033268101761253 
1.0907e-06     0.413894324853229 
1.0932e-06     0.4244618395303327 
1.0957e-06     0.4332681017612525 
1.0982e-06     0.4438356164383562 
1.1007e-06     0.452641878669276 
1.1032e-06     0.4632093933463797 
1.1057e-06     0.4737769080234834 
1.1082e-06     0.4825831702544031 
1.1107e-06     0.4931506849315068 
1.1132e-06     0.5019569471624267 
1.1157e-06     0.5125244618395304 
1.1182e-06     0.5213307240704501 
1.1207e-06     0.53013698630137 
1.1232e-06     0.5389432485322897 
1.1257e-06     0.5495107632093934 
1.1282e-06     0.5583170254403131 
1.1307e-06     0.565362035225049 
1.1332e-06     0.5741682974559688 
1.1357e-06     0.5829745596868885 
1.1382e-06     0.5900195694716243 
1.1407e-06     0.598825831702544 
1.1432e-06     0.6058708414872799 
1.1457e-06     0.6129158512720156 
1.1482e-06     0.6199608610567515 
1.1507e-06     0.6248343383072414 
1.1532e-06     0.6322896281800392 
1.1557e-06     0.637573385518591 
1.1582e-06     0.6428571428571429 
1.1607e-06     0.6485315817764015 
1.1632e-06     0.6530259420339375 
1.1657e-06     0.6569471624266144 
1.1682e-06     0.6622309197651665 
1.1707e-06     0.6657296123641049 
1.1732e-06     0.6671088166276652 
1.1757e-06     0.6710371819960862 
1.1782e-06     0.6727984344422701 
1.1807e-06     0.6741733556571422 
1.1832e-06     0.678082191780822 
1.1857e-06     0.678082191780822 
1.1882e-06     0.6798434442270059 
1.1907e-06     0.6798434442270059 
1.1932e-06     0.6798434442270059 
1.1957e-06     0.678082191780822 
1.1982e-06     0.678082191780822 
1.2007e-06     0.6766860637548014 
1.2032e-06     0.674559686888454 
1.2057e-06     0.6731982894011125 
1.2082e-06     0.6692818369498121 
1.2107e-06     0.6657534246575342 
1.2132e-06     0.6639921722113503 
1.2157e-06     0.6589575302676474 
1.2182e-06     0.6552020241577665 
1.2207e-06     0.6516634050880626 
1.2232e-06     0.6459724670113953 
1.2257e-06     0.6415467961196809 
1.2282e-06     0.6340508806262231 
1.2307e-06     0.6287671232876713 
1.2332e-06     0.6234833659491195 
1.2357e-06     0.6164383561643836 
1.2382e-06     0.6093933463796478 
1.2407e-06     0.6023483365949119 
1.2432e-06     0.5935420743639922 
1.2457e-06     0.5864970645792563 
1.2482e-06     0.5776908023483366 
1.2507e-06     0.5706457925636008 
1.2532e-06     0.5618395303326811 
1.2557e-06     0.5530332681017613 
1.2582e-06     0.5442270058708415 
1.2607e-06     0.5354207436399218 
1.2632e-06     0.5248532289628179 
1.2657e-06     0.5160469667318982 
1.2682e-06     0.5072407045009785 
1.2707e-06     0.4966731898238748 
1.2732e-06     0.487866927592955 
1.2757e-06     0.4772994129158513 
1.2782e-06     0.4684931506849315 
1.2807e-06     0.4579256360078278 
1.2832e-06     0.4473581213307241 
1.2857e-06     0.4385518590998043 
1.2882e-06     0.4279843444227006 
1.2907e-06     0.4174168297455969 
1.2932e-06     0.4086105675146771 
1.2957e-06     0.3998043052837574 
1.2982e-06     0.3892367906066536 
1.3007e-06     0.3804305283757339 
1.3032e-06     0.3698630136986301 
1.3057e-06     0.3610567514677104 
1.3082e-06     0.3522504892367906 
1.3107e-06     0.3434442270058709 
1.3132e-06     0.3346379647749511 
1.3157e-06     0.3275929549902153 
1.3182e-06     0.3187866927592955 
1.3207e-06     0.3099804305283758 
1.3232e-06     0.3029354207436399 
1.3257e-06     0.2958904109589041 
1.3282e-06     0.2888454011741683 
1.3307e-06     0.2818003913894325 
1.3332e-06     0.2747553816046967 
1.3357e-06     0.2694716242661448 
1.3382e-06     0.262426614481409 
1.3407e-06     0.2571428571428572 
1.3432e-06     0.2514708853230838 
1.3457e-06     0.2483365949119374 
1.3482e-06     0.2430528375733855 
1.3507e-06     0.2395303326810176 
1.3532e-06     0.2360078277886497 
1.3557e-06     0.2324853228962818 
1.3582e-06     0.2289628180039139 
1.3607e-06     0.22720156555773 
1.3632e-06     0.2257865997171616 
1.3657e-06     0.223679060665362 
1.3682e-06     0.222310164511124 
1.3707e-06     0.2201565557729941 
1.3732e-06     0.2201565557729941 
1.3757e-06     0.2201565557729941 
1.3782e-06     0.2219178082191781 
1.3807e-06     0.2219178082191781 
1.3832e-06     0.2232872336657332 
1.3857e-06     0.225440313111546 
1.3882e-06     0.2268470853958029 
1.3907e-06     0.2307240704500979 
1.3932e-06     0.2324853228962818 
1.3957e-06     0.2360078277886497 
1.3982e-06     0.2395303326810176 
1.4007e-06     0.2444473607006041 
1.4032e-06     0.2483365949119374 
1.4057e-06     0.2539932822437086 
1.4082e-06     0.2585417370999491 
1.4107e-06     0.2641878669275929 
1.4132e-06     0.2712328767123288 
1.4157e-06     0.2765166340508807 
1.4182e-06     0.2835616438356164 
1.4207e-06     0.2906066536203523 
1.4232e-06     0.297651663405088 
1.4257e-06     0.3046966731898239 
1.4282e-06     0.3117416829745597 
1.4307e-06     0.3205479452054795 
1.4332e-06     0.3293542074363993 
1.4357e-06     0.336399217221135 
1.4382e-06     0.3455905695496072 
1.4407e-06     0.3540117416829746 
1.4432e-06     0.3645792563600783 
1.4457e-06     0.3733855185909981 
1.4482e-06     0.3821917808219178 
1.4507e-06     0.3909980430528376 
1.4532e-06     0.4015736010411374 
1.4557e-06     0.4103718199608611 
1.4582e-06     0.4209393346379648 
1.4607e-06     0.4297455968688845 
1.4632e-06     0.4403131115459882 
1.4657e-06     0.450880626223092 
1.4682e-06     0.4596868884540117 
1.4707e-06     0.4702544031311155 
1.4732e-06     0.4808219178082192 
1.4757e-06     0.489628180039139 
1.4782e-06     0.5001956947162427 
1.4807e-06     0.5086261488796262 
1.4832e-06     0.5178082191780823 
1.4857e-06     0.5283757338551859 
1.4882e-06     0.536793769345516 
1.4907e-06     0.5459882583170255 
1.4932e-06     0.5547945205479452 
1.4957e-06     0.5636007827788649 
1.4982e-06     0.5724070450097848 
1.5007e-06     0.5812133072407045 
1.5032e-06     0.5882583170254404 
1.5057e-06     0.5953033268101761 
1.5082e-06     0.6041095890410959 
1.5107e-06     0.6111545988258317 
1.5132e-06     0.6181996086105676 
1.5157e-06     0.6238846237424942 
1.5182e-06     0.6305283757338551 
1.5207e-06     0.6357940003895722 
1.5232e-06     0.6410958904109589 
1.5257e-06     0.6459632162760084 
1.5282e-06     0.6520619928886914 
1.5307e-06     0.6569471624266144 
1.5332e-06     0.660466495354349 
1.5357e-06     0.6639921722113503 
1.5382e-06     0.6675146771037183 
1.5407e-06     0.6710371819960862 
1.5432e-06     0.6727984344422701 
1.5457e-06     0.6741778246335858 
1.5482e-06     0.676320939334638 
1.5507e-06     0.677717629215655 
1.5532e-06     0.678082191780822 
1.5557e-06     0.6798434442270059 
1.5582e-06     0.6798434442270059 
1.5607e-06     0.678082191780822 
1.5632e-06     0.678082191780822 
1.5657e-06     0.6766906342336231 
1.5682e-06     0.674559686888454 
1.5707e-06     0.6731940843632497 
1.5732e-06     0.6710371819960862 
1.5757e-06     0.6675146771037183 
1.5782e-06     0.6640071515106367 
1.5807e-06     0.6604696673189824 
1.5832e-06     0.6569618299099353 
1.5857e-06     0.6516634050880626 
1.5882e-06     0.6459741962789005 
1.5907e-06     0.642875435494089 
1.5932e-06     0.6358121330724071 
1.5957e-06     0.6306790233186906 
1.5982e-06     0.6234833659491195 
1.6007e-06     0.6177998921398906 
1.6032e-06     0.6111545988258317 
1.6057e-06     0.6041095890410959 
1.6082e-06     0.5970645792563601 
1.6107e-06     0.5886628662235817 
1.6132e-06     0.5812133072407045 
1.6157e-06     0.5724070450097848 
1.6182e-06     0.5636007827788649 
1.6207e-06     0.5547945205479452 
1.6232e-06     0.5459882583170255 
1.6257e-06     0.5371819960861057 
1.6282e-06     0.5287744439551509 
1.6307e-06     0.5195694716242661 
1.6332e-06     0.5090019569471624 
1.6357e-06     0.5005906718832653 
1.6382e-06     0.489628180039139 
1.6407e-06     0.4808219178082192 
1.6432e-06     0.4702544031311155 
1.6457e-06     0.4614481409001957 
1.6482e-06     0.450880626223092 
1.6507e-06     0.4403131115459882 
1.6532e-06     0.4315068493150685 
1.6557e-06     0.4209393346379648 
1.6582e-06     0.412133072407045 
1.6607e-06     0.4015655577299413 
1.6632e-06     0.3923587954387383 
1.6657e-06     0.3821917808219178 
1.6682e-06     0.3733855185909981 
1.6707e-06     0.3645792563600783 
1.6732e-06     0.3557729941291585 
1.6757e-06     0.3469667318982388 
1.6782e-06     0.336399217221135 
1.6807e-06     0.3293542074363993 
1.6832e-06     0.3205479452054795 
1.6857e-06     0.3135029354207437 
1.6882e-06     0.3046966731898239 
1.6907e-06     0.297651663405088 
1.6932e-06     0.2906066536203523 
1.6957e-06     0.2835616438356164 
1.6982e-06     0.2765166340508807 
1.7007e-06     0.2712328767123288 
1.7032e-06     0.2641878669275929 
1.7057e-06     0.2589041095890411 
1.7082e-06     0.2539655456506145 
1.7107e-06     0.2479525507642495 
1.7132e-06     0.2448140900195695 
1.7157e-06     0.2398808898054605 
1.7182e-06     0.2360078277886497 
1.7207e-06     0.2324853228962818 
1.7232e-06     0.2307240704500979 
1.7257e-06     0.22720156555773 
1.7282e-06     0.2257873822471953 
1.7307e-06     0.223679060665362 
1.7332e-06     0.2223109875008243 
1.7357e-06     0.2219178082191781 
1.7382e-06     0.2201565557729941 
1.7407e-06     0.2201565557729941 
1.7432e-06     0.2201565557729941 
1.7457e-06     0.2219178082191781 
1.7482e-06     0.2232742807948702 
1.7507e-06     0.225440313111546 
1.7532e-06     0.2268432526168599 
1.7557e-06     0.2289628180039139 
1.7582e-06     0.2324853228962818 
1.7607e-06     0.2359985560025387 
1.7632e-06     0.2395303326810176 
1.7657e-06     0.2430528375733855 
1.7682e-06     0.2465753424657534 
1.7707e-06     0.2514895678110274 
1.7732e-06     0.2575297512252109 
1.7757e-06     0.262426614481409 
1.7782e-06     0.2677103718199609 
1.7807e-06     0.2747553816046967 
1.7832e-06     0.2818003913894325 
1.7857e-06     0.2888454011741683 
1.7882e-06     0.2958904109589041 
1.7907e-06     0.3029354207436399 
1.7932e-06     0.3099804305283758 
1.7957e-06     0.3187866927592955 
1.7982e-06     0.3258317025440313 
1.8007e-06     0.3346379647749511 
1.8032e-06     0.3430606176274238 
1.8057e-06     0.3522504892367906 
1.8082e-06     0.3610567514677104 
1.8107e-06     0.3698630136986301 
1.8132e-06     0.3804305283757339 
1.8157e-06     0.3892367906066536 
1.8182e-06     0.3984432038708186 
1.8207e-06     0.4086105675146771 
1.8232e-06     0.4174168297455969 
1.8257e-06     0.4279843444227006 
1.8282e-06     0.4367906066536204 
1.8307e-06     0.4473581213307241 
1.8332e-06     0.4579256360078278 
1.8357e-06     0.4684931506849315 
1.8382e-06     0.4772994129158513 
1.8407e-06     0.487866927592955 
1.8432e-06     0.4966731898238748 
1.8457e-06     0.5072407045009785 
1.8482e-06     0.5160469667318982 
1.8507e-06     0.5248532289628179 
1.8532e-06     0.5336594911937378 
1.8557e-06     0.5442270058708415 
1.8582e-06     0.5530332681017613 
1.8607e-06     0.5618395303326811 
1.8632e-06     0.5710430679344128 
1.8657e-06     0.5776908023483366 
1.8682e-06     0.5864970645792563 
1.8707e-06     0.5935420743639922 
1.8732e-06     0.6005870841487281 
1.8757e-06     0.6093933463796478 
1.8782e-06     0.6146771037181996 
1.8807e-06     0.6217221135029354 
1.8832e-06     0.6287671232876713 
1.8857e-06     0.6340508806262231 
1.8882e-06     0.6410958904109589 
1.8907e-06     0.6459424008444586 
1.8932e-06     0.6499021526418787 
1.8957e-06     0.6551859099804306 
1.8982e-06     0.6587050581973471 
1.9007e-06     0.6638409215715699 
1.9032e-06     0.6657534246575342 
1.9057e-06     0.6692759295499021 
1.9082e-06     0.6727811114417818 
1.9107e-06     0.6741726593554123 
1.9132e-06     0.676320939334638 
1.9157e-06     0.677717245682999 
1.9182e-06     0.678082191780822 
1.9207e-06     0.6798434442270059 
1.9232e-06     0.6798434442270059 
1.9257e-06     0.6798434442270059 
1.9282e-06     0.678082191780822 
1.9307e-06     0.678082191780822 
1.9332e-06     0.674559686888454 
1.9357e-06     0.6732090906547379 
1.9382e-06     0.6710371819960862 
1.9407e-06     0.669686358340665 
1.9432e-06     0.6657534246575342 
1.9457e-06     0.6622507652932251 
1.9482e-06     0.6569471624266144 
1.9507e-06     0.6534246575342466 
1.9532e-06     0.648532131914565 
1.9557e-06     0.6424562775603598 
1.9582e-06     0.637573385518591 
1.9607e-06     0.6322896281800392 
1.9632e-06     0.6274600300192974 
1.9657e-06     0.6199608610567515 
1.9682e-06     0.6129158512720156 
1.9707e-06     0.6058708414872799 
1.9732e-06     0.598825831702544 
1.9757e-06     0.5917808219178082 
1.9782e-06     0.5829745596868885 
1.9807e-06     0.5741682974559688 
1.9832e-06     0.5671232876712329 
1.9857e-06     0.5583170254403131 
1.9882e-06     0.5495107632093934 
1.9907e-06     0.5407045009784736 
1.9932e-06     0.53013698630137 
1.9957e-06     0.5213307240704501 
1.9982e-06     0.5125244618395304 
2.0007e-06     0.5019569471624267 
2.0032e-06     0.4931506849315068 
2.0057e-06     0.4825831702544031 
2.0082e-06     0.4737769080234834 
2.0107e-06     0.4632093933463797 
2.0132e-06     0.4544031311154599 
2.0157e-06     0.4438356164383562 
2.0182e-06     0.4332681017612525 
2.0207e-06     0.4244618395303327 
2.0232e-06     0.413894324853229 
2.0257e-06     0.4050880626223092 
2.0282e-06     0.3945205479452055 
2.0307e-06     0.3853164351085056 
2.0332e-06     0.375146771037182 
2.0357e-06     0.3663405088062623 
2.0382e-06     0.3575342465753425 
2.0407e-06     0.3487279843444228 
2.0432e-06     0.339921722113503 
2.0457e-06     0.3311154598825832 
2.0482e-06     0.3223091976516634 
2.0507e-06     0.3152641878669276 
2.0532e-06     0.306872294647464 
2.0557e-06     0.299412915851272 
2.0582e-06     0.2923679060665362 
2.0607e-06     0.2853228962818004 
2.0632e-06     0.2782778864970646 
2.0657e-06     0.2729941291585127 
2.0682e-06     0.2659491193737769 
2.0707e-06     0.2610516372511713 
2.0732e-06     0.2553816046966732 
2.0757e-06     0.2500978473581214 
2.0782e-06     0.2448140900195695 
2.0807e-06     0.2412915851272016 
2.0832e-06     0.2377690802348336 
2.0857e-06     0.2342465753424658 
2.0882e-06     0.2307240704500979 
2.0907e-06     0.2293453836681381 
2.0932e-06     0.225440313111546 
2.0957e-06     0.223679060665362 
2.0982e-06     0.2223140970210259 
2.1007e-06     0.2219178082191781 
2.1032e-06     0.2201565557729941 
2.1057e-06     0.2201565557729941 
2.1082e-06     0.2201565557729941 
2.1107e-06     0.2219178082191781 
2.1132e-06     0.2219178082191781 
2.1157e-06     0.2232636706106669 
2.1182e-06     0.225440313111546 
2.1207e-06     0.2289628180039139 
2.1232e-06     0.2303566685881069 
2.1257e-06     0.2342465753424658 
2.1282e-06     0.2377690802348336 
2.1307e-06     0.2412915851272016 
2.1332e-06     0.2465753424657534 
2.1357e-06     0.2500978473581214 
2.1382e-06     0.2553816046966732 
2.1407e-06     0.2606653620352251 
2.1432e-06     0.265498335676869 
2.1457e-06     0.2729941291585127 
2.1482e-06     0.2800391389432485 
2.1507e-06     0.2857244843296775 
2.1532e-06     0.2923679060665362 
2.1557e-06     0.301174168297456 
2.1582e-06     0.3082191780821918 
2.1607e-06     0.3152641878669276 
2.1632e-06     0.3240704500978474 
2.1657e-06     0.3328767123287671 
2.1682e-06     0.3416829745596869 
2.1707e-06     0.3504892367906066 
2.1732e-06     0.3592954990215264 
2.1757e-06     0.3677112520599937 
2.1782e-06     0.3769080234833659 
2.1807e-06     0.3857142857142857 
2.1832e-06     0.3962818003913894 
2.1857e-06     0.4050880626223092 
2.1882e-06     0.4156555772994129 
2.1907e-06     0.4240678986042396 
2.1932e-06     0.4350293542074364 
2.1957e-06     0.4438356164383562 
2.1982e-06     0.4544031311154599 
2.2007e-06     0.4649706457925636 
2.2032e-06     0.4737769080234834 
2.2057e-06     0.4843444227005871 
2.2082e-06     0.4949119373776908 
2.2107e-06     0.5037181996086106 
2.2132e-06     0.5143199331465912 
2.2157e-06     0.5230919765166341 
2.2182e-06     0.5318982387475538 
2.2207e-06     0.5403075421410524 
2.2232e-06     0.5495107632093934 
2.2257e-06     0.5583170254403131 
2.2282e-06     0.5671232876712329 
2.2307e-06     0.5759295499021526 
2.2332e-06     0.5829745596868885 
2.2357e-06     0.5917808219178082 
2.2382e-06     0.598825831702544 
2.2407e-06     0.6058708414872799 
2.2432e-06     0.6129158512720156 
2.2457e-06     0.6199608610567515 
2.2482e-06     0.6270058708414874 
2.2507e-06     0.631859142361221 
2.2532e-06     0.639334637964775 
2.2557e-06     0.6446183953033269 
2.2582e-06     0.6499021526418787 
2.2607e-06     0.6534170847150063 
2.2632e-06     0.6587084148727985 
2.2657e-06     0.6622309197651665 
2.2682e-06     0.6657454223087741 
2.2707e-06     0.6692759295499021 
2.2732e-06     0.6706453495853938 
2.2757e-06     0.674559686888454 
2.2782e-06     0.674559686888454 
2.2807e-06     0.678082191780822 
2.2832e-06     0.678082191780822 
2.2857e-06     0.6798434442270059 
2.2882e-06     0.6798434442270059 
2.2907e-06     0.6798434442270059 
2.2932e-06     0.678082191780822 
2.2957e-06     0.678082191780822 
2.2982e-06     0.6766875006187263 
2.3007e-06     0.674559686888454 
2.3032e-06     0.673213550542433 
2.3057e-06     0.6692868747249876 
2.3082e-06     0.6657534246575342 
2.3107e-06     0.6622336470502358 
2.3132e-06     0.6587084148727985 
2.3157e-06     0.6552166748383095 
2.3182e-06     0.6499021526418787 
2.3207e-06     0.6446183953033269 
2.3232e-06     0.639334637964775 
2.3257e-06     0.6344476320944518 
2.3282e-06     0.6287671232876713 
2.3307e-06     0.6217221135029354 
2.3332e-06     0.6146771037181996 
2.3357e-06     0.6076320939334638 
2.3382e-06     0.6005870841487281 
2.3407e-06     0.5935420743639922 
2.3432e-06     0.585137397845892 
2.3457e-06     0.5776908023483366 
2.3482e-06     0.5688845401174168 
2.3507e-06     0.560078277886497 
2.3532e-06     0.5512720156555773 
2.3557e-06     0.5424657534246575 
2.3582e-06     0.5336594911937378 
2.3607e-06     0.5248532289628179 
2.3632e-06     0.5142857142857143 
2.3657e-06     0.505091512440117 
2.3682e-06     0.4966731898238748 
2.3707e-06     0.4861056751467711 
2.3732e-06     0.4755381604696673 
2.3757e-06     0.4667318982387476 
2.3782e-06     0.4561643835616438 
2.3807e-06     0.4473581213307241 
2.3832e-06     0.4367906066536204 
2.3857e-06     0.4262230919765166 
2.3882e-06     0.4174168297455969 
2.3907e-06     0.4068493150684931 
2.3932e-06     0.3980430528375734 
2.3957e-06     0.3874755381604696 
2.3982e-06     0.3786692759295499 
2.4007e-06     0.3698630136986301 
2.4032e-06     0.3610567514677104 
2.4057e-06     0.3504892367906066 
2.4082e-06     0.3416829745596869 
2.4107e-06     0.3346379647749511 
2.4132e-06     0.3258317025440313 
2.4157e-06     0.3170254403131115 
2.4182e-06     0.3099804305283758 
2.4207e-06     0.301174168297456 
2.4232e-06     0.2941291585127202 
2.4257e-06     0.2870841487279844 
2.4282e-06     0.2800391389432485 
2.4307e-06     0.2751858517903633 
2.4332e-06     0.2677103718199609 
2.4357e-06     0.262426614481409 
2.4382e-06     0.2571428571428572 
2.4407e-06     0.2514708653843636 
2.4432e-06     0.2469528902698788 
2.4457e-06     0.2430528375733855 
2.4482e-06     0.2377690802348336 
2.4507e-06     0.2342465753424658 
2.4532e-06     0.2328675412241431 
2.4557e-06     0.2289628180039139 
2.4582e-06     0.22720156555773 
2.4607e-06     0.2257885505047747 
2.4632e-06     0.2219178082191781 
2.4657e-06     0.2219178082191781 
2.4682e-06     0.2201565557729941 
2.4707e-06     0.2201565557729941 
2.4732e-06     0.2201565557729941 
2.4757e-06     0.2219178082191781 
2.4782e-06     0.2219178082191781 
2.4807e-06     0.2232891028642368 
2.4832e-06     0.225440313111546 
2.4857e-06     0.2268437070463513 
2.4882e-06     0.2307240704500979 
2.4907e-06     0.2342465753424658 
2.4932e-06     0.2360078277886497 
2.4957e-06     0.2411677305055047 
2.4982e-06     0.2448140900195695 
2.5007e-06     0.2500978473581214 
2.5032e-06     0.2536203522504892 
2.5057e-06     0.2585107647814033 
2.5082e-06     0.2659491193737769 
2.5107e-06     0.2712328767123288 
2.5132e-06     0.2765166340508807 
2.5157e-06     0.2835616438356164 
2.5182e-06     0.2906066536203523 
2.5207e-06     0.297651663405088 
2.5232e-06     0.3064579256360078 
2.5257e-06     0.3135029354207437 
2.5282e-06     0.3223091976516634 
2.5307e-06     0.3293542074363993 
2.5332e-06     0.338160469667319 
2.5357e-06     0.3469667318982388 
2.5382e-06     0.3557729941291585 
2.5407e-06     0.3645792563600783 
2.5432e-06     0.375146771037182 
2.5457e-06     0.3839530332681018 
2.5482e-06     0.3927592954990216 
2.5507e-06     0.4033339646349614 
2.5532e-06     0.412133072407045 
2.5557e-06     0.4227005870841487 
2.5582e-06     0.4315068493150685 
2.5607e-06     0.4420743639921722 
2.5632e-06     0.452641878669276 
2.5657e-06     0.4614481409001957 
2.5682e-06     0.4720156555772995 
2.5707e-06     0.4825831702544031 
2.5732e-06     0.4913894324853229 
2.5757e-06     0.5001956947162427 
2.5782e-06     0.5107632093933464 
2.5807e-06     0.5195694716242661 
2.5832e-06     0.53013698630137 
2.5857e-06     0.5389432485322897 
