
time (s)       VT("/I0/I4/I5/net7") (V)


2.6e-08        1.558438110770326e-05 
2.85e-08       0.8999899660197757 
3.1e-08        3.200329612509458e-05 
3.35e-08       0.8999772969555316 
3.6e-08        0.8999878969018413 
3.85e-08       0.8999899275603621 
4.1e-08        -2.115372717620533e-06 
4.35e-08       0.8999927464151186 
4.6e-08        0.8999932287077654 
4.85e-08       0.8999939081997238 
5.1e-08        7.520442053712065e-07 
5.35e-08       1.250150539205129e-06 
5.600000000000001e-08 1.537595482070458e-06 
5.85e-08       1.588103481834982e-06 
6.1e-08        0.8999953575185262 
6.350000000000001e-08 0.8999953982142365 
6.600000000000001e-08 1.79549348243001e-06 
6.850000000000001e-08 1.895752106842188e-06 
7.1e-08        1.970955508798181e-06 
7.35e-08       2.020983587793083e-06 
7.599999999999999e-08 1.981526690021883e-06 
7.849999999999999e-08 1.900284986693115e-06 
8.1e-08        0.8999957135907326 
8.35e-08       0.8999956540842522 
8.6e-08        0.8999956040807876 
8.85e-08       0.8999955978811793 
9.100000000000001e-08 0.8999955553635089 
9.350000000000001e-08 0.8999956124522198 
9.600000000000001e-08 0.8999955710594902 
9.850000000000002e-08 0.8999956082480205 
1.01e-07       0.899995662964421 
1.035e-07      0.8999957257747816 
1.06e-07       0.8999958033429664 
1.085e-07      0.8999958563447535 
1.11e-07       2.008087294183234e-06 
1.135e-07      1.989877839059473e-06 
1.16e-07       1.919987833027474e-06 
1.185e-07      1.820707876447181e-06 
1.21e-07       1.732904889563255e-06 
1.235e-07      1.697622427202155e-06 
1.26e-07       0.8999953598275643 
1.285e-07      0.8999951264285984 
1.31e-07       1.530273659335103e-06 
1.335e-07      7.937525993670936e-07 
1.36e-07       5.556522840182892e-07 
1.385e-07      0.8999935137110362 
1.41e-07       0.8999929283160553 
1.435e-07      0.8999912090751127 
1.46e-07       0.8999902785177712 
1.485e-07      -6.826547695828794e-06 
1.51e-07       0.8999772520273003 
1.535e-07      0.9000021835839274 
1.56e-07       0.9000296605831939 
1.585e-07      0.9000112774548779 
1.61e-07       0.900012199887102 
1.635e-07      1.642749339143638e-05 
1.66e-07       1.489194230070945e-05 
1.685e-07      1.440249150173941e-05 
1.71e-07       0.9000080343511061 
1.735e-07      0.9000080732022545 
1.76e-07       0.9000085202847328 
1.785e-07      0.9000091811034165 
1.81e-07       0.9000099995167395 
1.835e-07      1.131883775684799e-05 
1.86e-07       0.8999885303098885 
1.885e-07      3.524532270463558e-06 
1.91e-07       2.688271677018474e-06 
1.935e-07      2.365297506480572e-06 
1.96e-07       2.240460798957802e-06 
1.985e-07      2.106197380093945e-06 
2.01e-07       1.990025426130578e-06 
2.035e-07      1.218877683289692e-06 
2.06e-07       0.8999928128680911 
2.085e-07      0.8999878951399296 
2.11e-07       -2.961555055933638e-05 
2.135e-07      3.246488297467616e-06 
2.16e-07       1.314288167563824e-05 
2.185e-07      1.090393843981193e-05 
2.21e-07       9.384551378370591e-06 
2.235e-07      0.900002619286088 
2.26e-07       7.966367350461541e-06 
2.285e-07      7.74326697201517e-06 
2.31e-07       7.678215803164897e-06 
2.335e-07      7.716060349599221e-06 
2.36e-07       0.9000016005373046 
2.385e-07      0.9000011645081154 
2.41e-07       0.9000011562599781 
2.435e-07      7.266185179413468e-06 
2.46e-07       7.179772879436626e-06 
2.485e-07      0.900001299426522 
2.51e-07       0.9000016284447152 
2.535e-07      0.9000022030945081 
2.56e-07       0.9000020045930869 
2.585e-07      0.9000007130327345 
2.61e-07       0.8999999268072504 
2.635e-07      5.711641057410286e-06 
2.66e-07       6.239787772294555e-06 
2.685e-07      6.347265469312678e-06 
2.71e-07       6.564620102771729e-06 
2.735e-07      6.760551529267057e-06 
2.76e-07       7.145418330469497e-06 
2.785e-07      7.036075400940814e-06 
2.81e-07       6.402468112076506e-06 
2.835e-07      6.383519601873528e-06 
2.86e-07       5.951019568492478e-06 
2.885e-07      5.643514171098889e-06 
2.91e-07       5.905760627766156e-06 
2.935e-07      0.9000017400852979 
2.96e-07       0.9000021975791006 
2.985e-07      0.9000017898854369 
3.01e-07       0.9000012795250731 
3.035e-07      0.9000013643070562 
3.06e-07       0.900001536989438 
3.085e-07      0.9000014148764294 
3.11e-07       6.843977092869274e-06 
3.135e-07      7.26559344471462e-06 
3.16e-07       0.9000017681442222 
3.185e-07      0.9000019556534116 
3.21e-07       0.9000019578157875 
3.235e-07      7.858141303753552e-06 
3.26e-07       8.332505187528194e-06 
3.285e-07      9.096334640969416e-06 
3.31e-07       0.9000044386144972 
3.335e-07      0.900006553137662 
3.36e-07       1.226186465734054e-05 
3.385e-07      -7.897655880054387e-06 
3.41e-07       -1.593508495094024e-05 
3.435e-07      -1.935389183837497e-06 
3.46e-07       0.8999941829570675 
3.485e-07      0.8999950574717244 
3.51e-07       0.8999954935603693 
3.535e-07      2.271412392502324e-06 
3.56e-07       2.428048970935466e-06 
3.585e-07      2.619364911363337e-06 
3.61e-07       3.239386190567404e-06 
3.635e-07      4.321364482592945e-06 
3.66e-07       0.8999956048711044 
3.685e-07      -4.099054133072637e-06 
3.71e-07       0.9000092874453035 
3.735e-07      0.9000084704890483 
3.76e-07       0.9000078292690069 
3.785e-07      0.9000076979955562 
3.81e-07       0.9000081235487839 
3.835e-07      0.9000087911800564 
3.86e-07       0.9000095523140825 
3.885e-07      1.736531974547259e-05 
3.91e-07       1.720001281593433e-05 
3.935e-07      0.8999961635557073 
3.96e-07       0.9000077449579585 
3.985e-07      0.8999707458951766 
4.01e-07       0.8999864325594616 
4.035e-07      0.8999899834076598 
4.06e-07       -2.965028130626747e-06 
4.085e-07      -9.403588713469971e-07 
4.11e-07       0.8999931474722369 
4.135e-07      0.899994142682461 
4.16e-07       0.8999943746353726 
4.185e-07      1.311134958725625e-06 
4.21e-07       1.735014713212907e-06 
4.235e-07      1.565433671559913e-06 
4.26e-07       0.8999953368433036 
4.285e-07      0.8999954156333103 
4.31e-07       1.752128024726831e-06 
4.335e-07      1.902498710248346e-06 
4.36e-07       1.97497159497311e-06 
4.385e-07      2.01502679738566e-06 
4.41e-07       1.987596342729956e-06 
4.435e-07      1.92712039745226e-06 
4.46e-07       0.8999957510688559 
4.485e-07      0.899995669328557 
4.51e-07       0.8999956229105425 
4.535e-07      0.899995582880443 
4.56e-07       0.8999955579702562 
4.585e-07      0.8999955533669027 
4.61e-07       0.899995561656467 
4.635e-07      0.8999955962545166 
4.66e-07       0.8999956368239975 
4.685e-07      0.899995708681491 
4.71e-07       0.8999957778464772 
4.735e-07      0.8999958385983642 
4.76e-07       1.988908054042935e-06 
4.785000000000001e-07 1.996189061690623e-06 
4.81e-07       1.949104468196679e-06 
4.835e-07      1.788305393402271e-06 
4.86e-07       1.755924438397429e-06 
4.885000000000001e-07 1.585222798083764e-06 
4.91e-07       1.717105762826314e-06 
4.935e-07      0.8999952026826107 
4.96e-07       0.8999951971302027 
4.985000000000001e-07 9.233728586999162e-07 
5.010000000000001e-07 5.630737426032709e-07 
5.035e-07      2.160409552767465e-07 
5.060000000000001e-07 0.8999930712220353 
5.085000000000001e-07 0.8999919116276647 
5.110000000000001e-07 0.8999905090917899 
5.135e-07      -5.689842493353646e-06 
5.16e-07       -1.639614838820085e-05 
5.185000000000001e-07 0.8999715151941016 
5.210000000000001e-07 0.89998157531638 
5.235e-07      0.9000020739617336 
5.26e-07       0.9000126563971454 
5.285000000000001e-07 1.691612941392875e-05 
5.310000000000001e-07 1.519396776357575e-05 
5.335000000000001e-07 1.431753049685151e-05 
5.36e-07       0.9000080904123583 
5.385e-07      0.9000080274154443 
5.410000000000001e-07 0.9000084134229345 
5.435000000000001e-07 0.9000087143897418 
5.46e-07       0.9000096859558566 
5.485e-07      1.414045824254818e-05 
5.510000000000001e-07 -5.254816644523547e-05 
5.535000000000001e-07 3.857149505845326e-06 
5.560000000000001e-07 0.8999962162075329 
5.585e-07      2.338684001423987e-06 
5.61e-07       2.257371493124123e-06 
5.635000000000001e-07 2.191222947637674e-06 
5.660000000000001e-07 1.990802751384949e-06 
5.685e-07      1.605404861130665e-06 
5.71e-07       0.8999936085525921 
5.735000000000001e-07 0.8999897730845601 
5.760000000000001e-07 -2.77661655724555e-05 
5.785000000000001e-07 -2.057158310489789e-05 
5.81e-07       1.359818693347186e-05 
5.835000000000001e-07 1.158498817123554e-05 
5.860000000000001e-07 9.814529623682785e-06 
5.885000000000001e-07 0.9000027978196836 
5.91e-07       0.9000022889808079 
5.935e-07      7.791123289728111e-06 
5.960000000000001e-07 7.697517352708406e-06 
5.985000000000001e-07 7.736845789879892e-06 
6.01e-07       0.9000017753707495 
6.035e-07      0.9000012756483005 
6.060000000000001e-07 0.9000010939579248 
6.085000000000001e-07 7.28994199403871e-06 
6.110000000000001e-07 7.186480243565475e-06 
6.135e-07      0.9000013045797068 
6.16e-07       0.9000014203018376 
6.185000000000001e-07 0.9000020557355999 
6.210000000000001e-07 0.9000020728833842 
6.235e-07      0.9000012591065333 
6.26e-07       0.9000001018021012 
6.285000000000001e-07 5.793919389071376e-06 
6.310000000000001e-07 6.127000804913753e-06 
6.335000000000001e-07 6.573202720641723e-06 
6.36e-07       6.878313618845789e-06 
6.385000000000001e-07 7.087884544079399e-06 
6.410000000000001e-07 6.795077294553226e-06 
6.435000000000001e-07 7.080095722461909e-06 
6.46e-07       6.482150274572035e-06 
6.485e-07      6.213800215780041e-06 
6.510000000000001e-07 6.064280277429519e-06 
6.535000000000001e-07 5.72767414816969e-06 
6.560000000000001e-07 5.724235801673856e-06 
6.585e-07      0.9000013709784689 
6.610000000000001e-07 0.9000021044754436 
6.635000000000001e-07 0.9000019643550038 
6.660000000000001e-07 0.9000013554784376 
6.685e-07      0.9000013323838751 
6.71e-07       0.9000014859474743 
6.735000000000001e-07 0.9000015885817132 
6.760000000000001e-07 6.863424823596515e-06 
6.785e-07      7.117619162801126e-06 
6.81e-07       0.9000017337672684 
6.835000000000001e-07 0.9000019993184113 
6.860000000000001e-07 0.9000019519606747 
6.885000000000001e-07 7.822176975969125e-06 
6.91e-07       8.174340750952692e-06 
6.935e-07      8.836676778873045e-06 
6.960000000000001e-07 0.9000040968741594 
6.985000000000001e-07 0.9000058945733475 
7.01e-07       1.373861073456017e-05 
7.035e-07      -4.536785800656488e-06 
7.060000000000001e-07 -4.105882161469757e-05 
7.085000000000001e-07 -4.507282539071589e-06 
7.110000000000001e-07 5.552521328644397e-07 
7.135e-07      0.8999948269589348 
7.160000000000001e-07 0.8999954001875026 
7.185000000000001e-07 2.216250051716739e-06 
7.210000000000001e-07 2.393421653106867e-06 
7.235e-07      2.603041665289717e-06 
7.26e-07       2.935655798726069e-06 
7.285000000000001e-07 4.058799762975887e-06 
7.310000000000001e-07 0.8999967204420364 
7.335e-07      0.9000399207705753 
7.36e-07       0.9000095965704367 
7.385000000000001e-07 1.467565235562426e-05 
7.410000000000001e-07 0.9000081565117468 
7.435000000000001e-07 0.900007720796183 
7.46e-07       0.9000080075921861 
7.485e-07      0.9000082774982912 
7.510000000000001e-07 0.9000091886688483 
7.535000000000001e-07 1.708412687268699e-05 
7.56e-07       1.776170743916798e-05 
7.585e-07      0.9000056939135743 
7.610000000000001e-07 0.9000351615714796 
7.635000000000001e-07 -1.614930652655582e-05 
7.660000000000001e-07 0.8999832958797944 
7.685e-07      0.8999891239624933 
7.710000000000001e-07 -3.387362268915616e-06 
7.735000000000001e-07 -1.430266136940253e-06 
7.760000000000001e-07 0.8999927134758836 
7.785e-07      0.8999939219926071 
7.81e-07       0.8999942598596999 
7.835000000000001e-07 1.007504516819128e-06 
7.860000000000001e-07 1.708454789527066e-06 
7.885000000000001e-07 1.722764087390852e-06 
7.91e-07       0.8999953552308918 
7.935000000000001e-07 0.8999954020765447 
7.960000000000001e-07 1.820159558116423e-06 
7.985000000000001e-07 1.857131948861947e-06 
8.01e-07       1.960906295135755e-06 
8.035e-07      2.005571059108028e-06 
8.060000000000001e-07 1.997250068083559e-06 
8.085000000000001e-07 1.955436755408402e-06 
8.11e-07       0.8999957637506257 
8.135e-07      0.899995682890554 
8.160000000000001e-07 0.8999956397396395 
8.185000000000001e-07 0.899995593739048 
8.210000000000001e-07 0.8999955632743092 
8.235e-07      0.8999955479849298 
8.26e-07       0.8999955555194378 
8.285000000000001e-07 0.8999955869855006 
8.310000000000001e-07 0.8999956231819255 
8.335e-07      0.8999956901229846 
8.36e-07       0.8999957565774278 
8.385000000000001e-07 0.899995844478217 
8.410000000000001e-07 0.8999959173800289 
8.435000000000001e-07 1.995953027711418e-06 
8.46e-07       1.962603850432067e-06 
8.485000000000001e-07 1.853662852297837e-06 
8.510000000000001e-07 1.826648918999653e-06 
8.535000000000001e-07 1.717837780592997e-06 
8.56e-07       1.61724527060564e-06 
8.585e-07      0.8999952866202596 
8.610000000000001e-07 0.8999952638764692 
8.635000000000001e-07 1.120163949047014e-06 
8.660000000000001e-07 6.279809937264826e-07 
8.685e-07      4.808410201584183e-07 
8.710000000000001e-07 0.8999929009847124 
8.735000000000001e-07 0.8999924495083236 
8.760000000000001e-07 0.8999906832977033 
8.785e-07      -4.311327808862974e-06 
8.81e-07       -1.180944871819038e-05 
8.835000000000001e-07 0.8999685808870758 
8.860000000000001e-07 0.9000109462113843 
8.885e-07      0.8999896444940008 
8.91e-07       0.9000125264901024 
8.935000000000001e-07 0.9000114251304463 
8.960000000000001e-07 1.552430585819412e-05 
8.985000000000001e-07 1.479542560651914e-05 
9.01e-07       0.900008187797478 
9.035000000000001e-07 0.900008001934039 
9.060000000000001e-07 0.9000081991132634 
9.085000000000001e-07 0.9000087522899953 
9.11e-07       0.9000095930266979 
9.135e-07      0.9000101127752506 
9.160000000000001e-07 2.61774709127741e-05 
9.185000000000001e-07 0.8999959148885357 
9.210000000000001e-07 3.200320129941477e-06 
9.235e-07      2.51454497006582e-06 
9.260000000000001e-07 2.28793201205109e-06 
9.285000000000001e-07 0.8999956428997647 
9.310000000000001e-07 2.096901778555627e-06 
9.335e-07      1.706205270995442e-06 
9.36e-07       0.899994065491076 
9.385000000000001e-07 0.8999914424353332 
9.410000000000001e-07 0.8999812632768499 
9.435000000000001e-07 4.185219441111709e-05 
9.46e-07       0.9000150810329306 
9.485000000000001e-07 1.225866789411675e-05 
9.510000000000001e-07 1.018849773116795e-05 
9.535000000000001e-07 0.9000028641347242 
9.56e-07       0.9000022942019941 
9.585e-07      7.845772580547417e-06 
9.61e-07       7.70993201379158e-06 
9.635e-07      7.702316496846369e-06 
9.659999999999999e-07 0.9000017299470331 
9.684999999999999e-07 0.9000014209716297 
9.710000000000001e-07 0.9000010958936208 
9.735000000000001e-07 7.183374147096066e-06 
9.760000000000001e-07 7.24923011504758e-06 
9.785e-07      0.9000013537656782 
9.81e-07       0.9000013233927127 
9.835e-07      0.9000019057048669 
9.860000000000002e-07 0.900002155620959 
9.885000000000001e-07 0.9000016247924363 
9.910000000000001e-07 0.9000002734512522 
9.935000000000001e-07 0.8999996759210146 
9.960000000000001e-07 6.01539210002842e-06 
9.985000000000001e-07 6.455094779346426e-06 
1.001e-06      6.806988158568746e-06 
1.0035e-06     7.032533187700296e-06 
1.006e-06      6.769717286303964e-06 
1.0085e-06     6.738432578031751e-06 
1.011e-06      6.945284436548717e-06 
1.0135e-06     6.631274466163176e-06 
1.016e-06      6.176729037604051e-06 
1.0185e-06     5.822847266161245e-06 
1.021e-06      5.582721011284948e-06 
1.0235e-06     6.28002810529068e-06 
1.026e-06      0.9000019567379932 
1.0285e-06     0.9000021311881227 
1.031e-06      0.900001496185909 
1.0335e-06     0.9000012919654795 
1.036e-06      0.9000013766901798 
1.0385e-06     0.9000015987757501 
1.041e-06      6.894023460338654e-06 
1.0435e-06     7.004791915961326e-06 
1.046e-06      0.9000016936820666 
1.0485e-06     0.9000020176842468 
1.051e-06      0.9000019551457196 
1.0535e-06     7.758841626307135e-06 
1.056e-06      8.022586167525687e-06 
1.0585e-06     8.594400881910708e-06 
1.061e-06      0.900003725743719 
1.0635e-06     0.9000052417226019 
1.066e-06      1.331711826513528e-05 
1.0685e-06     3.785178887341934e-06 
1.071e-06      -1.51805751632794e-05 
1.0735e-06     -7.54098573118932e-06 
1.076e-06      -3.238463704690306e-07 
1.0785e-06     0.8999945823617438 
1.081e-06      0.8999952270355475 
1.0835e-06     2.15085709406505e-06 
1.086e-06      2.354488308678434e-06 
1.0885e-06     2.512645278495497e-06 
1.091e-06      2.681028129720571e-06 
1.0935e-06     3.528064184158167e-06 
1.096e-06      4.942554414886849e-06 
1.0985e-06     0.8999779538003081 
1.101e-06      1.116779044141503e-05 
1.1035e-06     0.9000088725656455 
1.106e-06      0.9000082539022072 
1.1085e-06     0.9000079760512321 
1.111e-06      1.399690179757773e-05 
1.1135e-06     0.9000083547727337 
1.116e-06      0.9000088956056653 
1.1185e-06     1.657384682478181e-05 
1.121e-06      1.791838202845451e-05 
1.1235e-06     1.452583031004995e-05 
1.126e-06      0.8999969498240564 
1.1285e-06     3.720097966062369e-05 
1.131e-06      0.8999796635732704 
1.1335e-06     0.8999883453586696 
1.136e-06      -3.486075020144656e-06 
1.1385e-06     -1.705971132734459e-06 
1.141e-06      0.8999929852242878 
1.1435e-06     0.8999937149608744 
1.146e-06      0.89999419628102 
1.1485e-06     8.319066956180269e-07 
1.151e-06      1.597538832680934e-06 
1.1535e-06     1.533915670075222e-06 
1.156e-06      1.603576095659082e-06 
1.1585e-06     1.714328679798168e-06 
1.161e-06      0.8999954451644447 
1.1635e-06     1.755156805636695e-06 
1.166e-06      1.943037292635023e-06 
1.1685e-06     2.001382025874106e-06 
1.171e-06      2.03299705683425e-06 
1.1735e-06     1.974743291347014e-06 
1.176e-06      1.911386427383933e-06 
1.1785e-06     0.8999957196556525 
1.181e-06      0.8999956567611953 
1.1835e-06     0.8999956073184565 
1.186e-06      0.899995568554994 
1.1885e-06     0.899995549690994 
1.191e-06      0.8999955580532262 
1.1935e-06     0.8999955766050449 
1.196e-06      0.8999956183158361 
1.1985e-06     0.8999956713976512 
1.201e-06      0.8999957350425825 
1.2035e-06     0.8999958243603762 
1.206e-06      0.8999959141293452 
1.2085e-06     2.017351724533371e-06 
1.211e-06      1.964853467029992e-06 
1.2135e-06     1.909853739627166e-06 
1.216e-06      1.813728980470045e-06 
1.2185e-06     1.740764582600962e-06 
1.221e-06      1.665687772453848e-06 
1.2235e-06     0.899995235958134 
1.226e-06      0.8999950720617627 
1.2285e-06     1.401789833436253e-06 
1.231e-06      1.043486751682533e-06 
1.2335e-06     5.73948526339667e-07 
1.236e-06      0.899993330035331 
1.2385e-06     0.8999928041307297 
1.241e-06      0.8999908592311405 
1.2435e-06     0.8999900998252025 
1.246e-06      -7.640296988917399e-06 
1.2485e-06     0.8999745184517179 
1.251e-06      0.9000253038120456 
1.2535e-06     0.9000030060122237 
1.256e-06      0.9000124160885598 
1.2585e-06     0.9000119457333969 
1.261e-06      1.623550855498134e-05 
1.2635e-06     1.476624900158678e-05 
1.266e-06      0.9000083193413351 
1.2685e-06     0.9000080188608071 
1.271e-06      0.9000081175227607 
1.2735e-06     0.9000083617983766 
1.276e-06      0.900009307529532 
1.2785e-06     0.9000100769192089 
1.281e-06      6.84279426143936e-06 
1.2835e-06     0.8999948911044976 
1.286e-06      3.349637243236678e-06 
1.2885e-06     2.627950773106144e-06 
1.291e-06      2.258346305938724e-06 
1.2935e-06     0.8999957394712005 
1.296e-06      2.11876266010429e-06 
1.2985e-06     1.958104518660094e-06 
1.301e-06      0.8999943698264721 
1.3035e-06     0.8999924485299932 
1.306e-06      0.8999861588204997 
1.3085e-06     -2.269564656170616e-05 
1.311e-06      0.9000045731590163 
1.3135e-06     1.28562194092691e-05 
1.316e-06      1.063106797604572e-05 
1.3185e-06     9.212943912765928e-06 
1.321e-06      0.9000024000584185 
1.3235e-06     7.913808315800014e-06 
1.326e-06      7.727819439191336e-06 
1.3285e-06     7.667739292331341e-06 
1.331e-06      7.662878641449481e-06 
1.3335e-06     0.9000014746021038 
1.336e-06      0.9000011144660021 
1.3385e-06     0.9000013218694851 
1.341e-06      7.261510507617855e-06 
1.3435e-06     7.156989837587603e-06 
1.346e-06      0.9000013082496965 
1.3485e-06     0.9000017152396725 
1.351e-06      0.9000022365382397 
1.3535e-06     0.9000018415820271 
1.356e-06      0.9000005232043851 
1.3585e-06     0.8999998461033807 
1.361e-06      5.907251005878127e-06 
1.3635e-06     6.319086710969511e-06 
1.366e-06      6.747854027037058e-06 
1.3685e-06     6.995536159402087e-06 
1.371e-06      7.131565250285099e-06 
1.3735e-06     7.137144449161796e-06 
1.376e-06      6.631627375555096e-06 
1.3785e-06     6.368012514762189e-06 
1.381e-06      6.315556894234823e-06 
1.3835e-06     5.923228469802311e-06 
1.386e-06      5.606393515912751e-06 
1.3885e-06     5.980186373243058e-06 
1.391e-06      0.9000018927837916 
1.3935e-06     0.9000022435248274 
1.396e-06      0.9000016911201135 
1.3985e-06     0.9000013076812347 
1.401e-06      0.9000013796046094 
1.4035e-06     0.9000015554213725 
1.406e-06      7.054329051934331e-06 
1.4085e-06     6.904744210949189e-06 
1.411e-06      0.9000014674413865 
1.4135e-06     0.9000019424307052 
1.416e-06      0.9000019439624224 
1.4185e-06     7.729072684249512e-06 
1.421e-06      7.933130015155694e-06 
1.4235e-06     8.423342264611069e-06 
1.426e-06      9.260062316939629e-06 
1.4285e-06     0.9000046472112724 
1.431e-06      1.27735505512234e-05 
1.4335e-06     1.13695778198591e-05 
1.436e-06      3.061987491926841e-05 
1.4385e-06     -1.268213025269232e-05 
1.441e-06      -1.394204487762356e-06 
1.4435e-06     0.8999943181854404 
1.446e-06      0.8999951587957183 
1.4485e-06     0.8999955011083364 
1.451e-06      2.317851803591853e-06 
1.4535e-06     2.452285535006684e-06 
1.456e-06      2.678979215538454e-06 
1.4585e-06     3.370407631276564e-06 
1.461e-06      4.391144571528452e-06 
1.4635e-06     0.8999938952107672 
1.466e-06      4.061445332121369e-06 
1.4685e-06     0.9000091375739983 
1.471e-06      0.90000817053089 
1.4735e-06     0.9000080136118668 
1.476e-06      0.9000076935804046 
1.4785e-06     0.9000079182042962 
1.481e-06      0.9000089049700186 
1.4835e-06     0.9000097888163658 
1.486e-06      1.755496098078575e-05 
1.4885e-06     1.681245520588077e-05 
1.491e-06      0.8999917064229865 
1.4935e-06     0.9000139865297169 
1.496e-06      0.8999740577674853 
1.4985e-06     0.899987751354968 
1.501e-06      0.8999901817687328 
1.5035e-06     -2.525266535709989e-06 
1.506e-06      0.8999927843258591 
1.5085e-06     0.8999933363263405 
1.511e-06      0.8999941817258871 
1.5135e-06     0.8999946885910995 
1.516e-06      1.334392081988245e-06 
1.5185e-06     1.440965273112123e-06 
1.521e-06      1.582321236882804e-06 
1.5235e-06     0.8999953739036308 
1.526e-06      0.8999954382586809 
1.5285e-06     1.756174952353273e-06 
1.531e-06      1.914134367480621e-06 
1.5335e-06     1.991749217923792e-06 
1.536e-06      1.980176722481275e-06 
1.5385e-06     1.983824443997383e-06 
1.541e-06      1.917382012990514e-06 
1.5435e-06     0.8999957400641776 
1.546e-06      0.8999956733615921 
1.5485e-06     0.8999956163292611 
1.551e-06      0.8999955768771297 
1.5535e-06     0.8999955552863089 
1.556e-06      0.8999955486710656 
1.5585e-06     0.8999955653414435 
1.561e-06      0.899995606051741 
1.5635e-06     0.8999956535444035 
1.566e-06      0.899995766080899 
1.5685e-06     0.8999957886848344 
1.571e-06      0.8999958482790886 
1.5735e-06     1.982083763610663e-06 
1.576e-06      1.975994254300614e-06 
1.5785e-06     1.930573014334272e-06 
1.581e-06      1.755771482469847e-06 
1.5835e-06     1.745002750259023e-06 
1.586e-06      1.708327904702274e-06 
1.5885e-06     1.580734681886016e-06 
1.591e-06      0.8999951638789829 
1.5935e-06     0.8999951350853562 
1.596e-06      8.379029296124159e-07 
1.5985e-06     5.618535848687593e-07 
1.601e-06      8.132134782798212e-08 
1.6035e-06     0.8999930083320843 
1.606e-06      0.8999915836896986 
1.6085e-06     0.8999904104129277 
1.611e-06      -6.243871249024402e-06 
1.6135e-06     -1.922135022908903e-05 
1.616e-06      0.8999806908942112 
1.6185e-06     0.9000001524606605 
1.621e-06      0.9000092440102554 
1.6235e-06     0.9000125107433165 
1.626e-06      1.666006236019811e-05 
1.6285e-06     1.531678156208567e-05 
1.631e-06      1.447216844803378e-05 
1.6335e-06     0.9000080529325928 
1.636e-06      0.9000080417705654 
1.6385e-06     0.9000084530141291 
1.641e-06      0.900008825919677 
1.6435e-06     0.9000099647261565 
1.646e-06      1.283646240059827e-05 
1.6485e-06     0.8999842477142275 
1.651e-06      3.488355345213778e-06 
1.6535e-06     2.754598242279088e-06 
1.656e-06      2.358709305701629e-06 
1.6585e-06     2.238002988359993e-06 
1.661e-06      2.163854493990783e-06 
1.6635e-06     2.072618139587143e-06 
1.666e-06      1.317157269377766e-06 
1.6685e-06     0.8999931321784607 
1.671e-06      0.8999888970570009 
1.6735e-06     -3.301973484681444e-05 
1.676e-06      1.603933658950138e-05 
1.6785e-06     1.337443588044082e-05 
1.681e-06      1.124041131376047e-05 
1.6835e-06     9.601233395641703e-06 
1.686e-06      0.9000025739073153 
1.6885e-06     0.9000022200166115 
1.691e-06      7.759084603362002e-06 
1.6935e-06     7.684970511350487e-06 
1.696e-06      7.738929341094282e-06 
1.6985e-06     0.9000016982561155 
1.701e-06      0.9000012126157434 
1.7035e-06     0.9000011178158139 
1.706e-06      7.274716492420043e-06 
1.7085e-06     7.148715879599654e-06 
1.711e-06      0.9000012938124095 
1.7135e-06     0.9000015287897941 
1.716e-06      0.9000021242676599 
1.7185e-06     0.900001962161776 
1.721e-06      0.900001007012322 
1.7235e-06     0.8999999731841045 
1.726e-06      5.806878946174822e-06 
1.7285e-06     6.176156936707726e-06 
1.731e-06      6.64025250109914e-06 
1.7335e-06     6.928575972095837e-06 
1.736e-06      7.105482943907009e-06 
1.7385e-06     6.772504876222983e-06 
1.741e-06      6.703438518533339e-06 
1.7435e-06     6.433224480759271e-06 
1.746e-06      6.448933935447925e-06 
1.7485e-06     6.006582469348946e-06 
1.751e-06      5.683678320382125e-06 
1.7535e-06     5.809681522955286e-06 
1.756e-06      0.90000152153153 
1.7585e-06     0.9000021616382334 
1.761e-06      0.9000018809480987 
1.7635e-06     0.9000013164521973 
1.766e-06      0.9000013565891675 
1.7685e-06     0.9000015214121452 
1.771e-06      0.9000014978123296 
1.7735e-06     6.862271116321457e-06 
1.776e-06      7.192107535974013e-06 
1.7785e-06     0.9000017369267476 
1.781e-06      0.9000019757396336 
1.7835e-06     0.900001957507837 
1.786e-06      7.85153452732373e-06 
1.7885e-06     8.252952063001984e-06 
1.791e-06      8.968373809606e-06 
1.7935e-06     0.9000042325789573 
1.796e-06      0.9000062248676701 
1.7985e-06     1.312555178561553e-05 
1.801e-06      3.318503337104672e-05 
1.8035e-06     -3.569652273065926e-05 
1.806e-06      -3.180754233196695e-06 
1.8085e-06     0.8999940081347101 
1.811e-06      0.899995030686216 
1.8135e-06     0.899995455537965 
1.816e-06      2.243228098157553e-06 
1.8185e-06     2.410347685157471e-06 
1.821e-06      2.538288025164667e-06 
1.8235e-06     2.983223084646327e-06 
1.826e-06      4.300425354032304e-06 
1.8285e-06     0.8999962043996175 
1.831e-06      0.8999682713562337 
1.8335e-06     0.9000094316448903 
1.836e-06      1.46005530217419e-05 
1.8385e-06     0.9000078802645337 
1.841e-06      0.9000079271883196 
1.8435e-06     0.9000080506822445 
1.846e-06      0.9000086538535672 
1.8485e-06     0.9000096943190012 
1.851e-06      1.719209409359771e-05 
1.8535e-06     1.749256600491503e-05 
1.856e-06      0.9000016667481735 
1.8585e-06     0.9000143484199709 
1.861e-06      -3.749330944470391e-05 
1.8635e-06     0.8999847298617568 
1.866e-06      0.8999896228267655 
1.8685e-06     -3.349039863099837e-06 
1.871e-06      -1.133693422339309e-06 
1.8735e-06     0.8999929038884931 
1.876e-06      0.8999940741791986 
1.8785e-06     0.8999942952418029 
1.881e-06      1.103179612634677e-06 
1.8835e-06     1.421071911662248e-06 
1.886e-06      1.67931343217506e-06 
1.8885e-06     0.8999953076006934 
1.891e-06      0.8999954338161209 
1.8935e-06     1.748210560986447e-06 
1.896e-06      1.868864142479726e-06 
1.8985e-06     1.967082844775744e-06 
1.901e-06      2.00782849234789e-06 
1.9035e-06     2.00343885806629e-06 
1.906e-06      1.945798652432131e-06 
1.9085e-06     0.8999957619145151 
1.911e-06      0.8999956875716284 
1.9135e-06     0.8999956320444082 
1.916e-06      0.8999955873949042 
1.9185e-06     0.8999955603230457 
1.921e-06      0.8999955550440596 
1.9235e-06     0.8999955584638474 
1.926e-06      0.8999955900378377 
1.9285e-06     0.8999956302920662 
1.931e-06      0.899995700115251 
1.9335e-06     0.8999957671731397 
1.936e-06      0.8999958653613815 
1.9385e-06     2.010555694674914e-06 
1.941e-06      1.99879411526462e-06 
1.9435e-06     1.955513180442637e-06 
1.946e-06      1.838283788514442e-06 
1.9485e-06     1.816211960666118e-06 
1.951e-06      1.712422326167808e-06 
1.9535e-06     1.62006170130128e-06 
1.956e-06      0.899995248038638 
1.9585e-06     0.899995238808636 
1.961e-06      1.013848970869934e-06 
1.9635e-06     5.869668198772761e-07 
1.966e-06      4.000282170921546e-07 
1.9685e-06     0.89999270036307 
1.971e-06      0.8999921693681192 
1.9735e-06     0.8999906029947156 
1.976e-06      -5.036714522313671e-06 
1.9785e-06     -1.401745199341218e-05 
1.981e-06      0.8999667431560842 
1.9835e-06     0.8999929660739568 
1.986e-06      0.8999941252333534 
1.9885e-06     0.9000125991788109 
1.991e-06      0.9000111539927441 
1.9935e-06     1.564201925490189e-05 
1.996e-06      1.442467950596543e-05 
1.9985e-06     0.9000081500750853 
2.001e-06      0.9000080216374189 
2.0035e-06     0.9000082609924086 
2.006e-06      0.9000088506082651 
2.0085e-06     0.9000095350723197 
2.011e-06      1.510297233945163e-05 
2.0135e-06     2.830806009833641e-05 
2.016e-06      3.90320085251385e-06 
2.0185e-06     0.8999962645038219 
2.021e-06      2.470987838178628e-06 
2.0235e-06     2.273258160546874e-06 
2.026e-06      0.8999956018176654 
2.0285e-06     2.115129804424794e-06 
2.031e-06      1.726029455314868e-06 
2.0335e-06     0.8999937846412991 
2.036e-06      0.8999907063895937 
2.0385e-06     -2.252855006260761e-05 
2.041e-06      1.19955292577275e-05 
2.0435e-06     0.9000175836588863 
2.046e-06      1.194865199249149e-05 
2.0485e-06     9.984300219369894e-06 
2.051e-06      0.9000029292872338 
2.0535e-06     0.9000022320787054 
2.056e-06      7.814441868132472e-06 
2.0585e-06     7.699175272156071e-06 
2.061e-06      7.720452764195568e-06 
2.0635e-06     0.9000017350142719 
2.066e-06      0.9000013449970746 
2.0685e-06     0.9000010771598727 
2.071e-06      7.05382558748745e-06 
2.0735e-06     7.225328326290369e-06 
2.076e-06      0.9000013305386915 
2.0785e-06     0.9000013632164644 
2.081e-06      0.9000019877622472 
2.0835e-06     0.9000020526558422 
2.086e-06      0.9000014175539242 
2.0885e-06     0.9000001632713773 
2.091e-06      0.8999996650616208 
2.0935e-06     6.074408659148148e-06 
2.096e-06      6.51374446062516e-06 
2.0985e-06     6.850555666916574e-06 
2.101e-06      7.056518138346729e-06 
2.1035e-06     6.77344631181405e-06 
2.106e-06      6.750478510118592e-06 
2.1085e-06     6.491979056077657e-06 
2.111e-06      6.564931960021716e-06 
2.1135e-06     6.123878793173594e-06 
2.116e-06      5.773319283155463e-06 
2.1185e-06     5.639613761463252e-06 
2.121e-06      6.420058973044257e-06 
2.1235e-06     0.9000020236716403 
2.126e-06      0.900002048177027 
2.1285e-06     0.9000013918639993 
2.131e-06      0.9000013104249209 
2.1335e-06     0.9000014251315702 
2.136e-06      0.9000016333500286 
2.1385e-06     6.873726054527432e-06 
2.141e-06      7.058177471324055e-06 
2.1435e-06     0.9000017754284242 
2.146e-06      0.9000020139957888 
2.1485e-06     0.9000019534850159 
2.151e-06      7.799771451370298e-06 
2.1535e-06     8.120548066640582e-06 
2.156e-06      8.696572378653254e-06 
2.1585e-06     0.9000039240012615 
2.161e-06      0.9000055739194632 
2.1635e-06     1.35434671138504e-05 
2.166e-06      -4.814581331337525e-06 
2.1685e-06     -3.529765414570956e-05 
2.171e-06      -6.018370364457153e-06 
2.1735e-06     -4.627442965199787e-08 
2.176e-06      0.8999948191472967 
2.1785e-06     0.8999954103126642 
2.181e-06      2.186022183375479e-06 
2.1835e-06     2.378680022966046e-06 
2.186e-06      2.556492208220469e-06 
2.1885e-06     2.906597279488651e-06 
2.191e-06      3.655477595617405e-06 
2.1935e-06     4.743930239161188e-06 
2.196e-06      0.8999845331834889 
2.1985e-06     1.33126435574799e-05 
2.201e-06      0.9000087564091291 
2.2035e-06     0.9000082390357529 
2.206e-06      0.9000079529052988 
2.2085e-06     1.403252460916434e-05 
2.211e-06      0.9000084402508961 
2.2135e-06     0.9000093139369369 
2.216e-06      1.681824029205951e-05 
2.2185e-06     1.802531192362621e-05 
2.221e-06      1.244437459181238e-05 
2.2235e-06     0.9000244647917734 
2.226e-06      1.486613709730669e-05 
2.2285e-06     0.8999815281417818 
2.231e-06      0.8999887015717392 
2.2335e-06     -3.430113414368824e-06 
2.236e-06      -1.702261549333774e-06 
2.2385e-06     0.8999930484810924 
2.241e-06      0.8999938421538984 
2.2435e-06     0.8999942188240608 
2.246e-06      9.072556383951151e-07 
2.2485e-06     1.664891302277204e-06 
2.251e-06      1.587778728651998e-06 
2.2535e-06     0.8999953670789315 
2.256e-06      0.8999954018592542 
2.2585e-06     1.747381948857643e-06 
2.261e-06      1.798753706997702e-06 
2.2635e-06     1.95146011056021e-06 
2.266e-06      1.977948689867951e-06 
2.2685e-06     2.021348807369055e-06 
2.271e-06      1.965538391558028e-06 
2.2735e-06     1.895012964559412e-06 
2.276e-06      0.8999957080302894 
2.2785e-06     0.8999956484662328 
2.281e-06      0.8999956002698976 
2.2835e-06     0.8999955665850665 
2.286e-06      0.8999955823871177 
2.2885e-06     0.899995552975989 
2.291e-06      0.899995578752665 
2.2935e-06     0.8999956249198916 
2.296e-06      0.8999956805714865 
2.2985e-06     0.899995745819221 
2.301e-06      0.899995836760879 
2.3035e-06     0.8999959287485785 
2.306e-06      2.007364179511731e-06 
2.3085e-06     1.963769433760035e-06 
2.311e-06      1.880692425478026e-06 
2.3135e-06     1.747591618730894e-06 
2.316e-06      1.752286032576153e-06 
2.3185e-06     1.64901510162573e-06 
2.321e-06      0.8999952220884209 
2.3235e-06     0.8999952782121843 
2.326e-06      1.325874127583943e-06 
2.3285e-06     6.991764118017337e-07 
2.331e-06      5.403332780605767e-07 
2.3335e-06     0.8999931363283317 
2.336e-06      0.8999926535390566 
2.3385e-06     0.8999907631798512 
2.341e-06      -3.836134691529542e-06 
2.3435e-06     -9.74634614324364e-06 
2.346e-06      0.8999715351631391 
2.3485e-06     0.9000295977322967 
2.351e-06      0.8999872219420112 
2.3535e-06     0.9000124372122191 
2.356e-06      0.9000116862591307 
2.3585e-06     1.605236929053344e-05 
2.361e-06      1.46432521509011e-05 
2.3635e-06     0.9000082453368985 
2.366e-06      0.9000079997910119 
2.3685e-06     0.9000081667334556 
2.371e-06      0.900008682794622 
2.3735e-06     0.9000094377264386 
2.376e-06      0.9000101614597016 
2.3785e-06     -5.531579495936116e-06 
2.381e-06      0.8999957638808156 
2.3835e-06     3.313134117224633e-06 
2.386e-06      2.571377399150115e-06 
2.3885e-06     2.304482492108575e-06 
2.391e-06      0.8999957108712612 
2.3935e-06     2.106132978460153e-06 
2.396e-06      1.832013380576049e-06 
2.3985e-06     0.899994237679171 
2.401e-06      0.8999921001420282 
2.4035e-06     0.8999838667801854 
2.406e-06      1.135487453001374e-05 
2.4085e-06     0.9000118410060852 
2.411e-06      1.255752599014857e-05 
2.4135e-06     1.03951802922351e-05 
2.416e-06      0.9000029707579081 
2.4185e-06     0.9000023531789108 
2.421e-06      7.851309233217159e-06 
2.4235e-06     7.668721832714474e-06 
2.426e-06      7.678520045862034e-06 
2.4285e-06     0.9000017617898742 
2.431e-06      0.9000014923308857 
2.4335e-06     0.9000010705532772 
2.436e-06      0.9000013986587253 
2.4385e-06     7.261026561218577e-06 
2.441e-06      0.9000013601034773 
2.4435e-06     0.9000012912852674 
2.446e-06      0.9000018149153268 
2.4485e-06     0.900002202589516 
2.451e-06      0.900001782932433 
2.4535e-06     0.9000004305062975 
2.456e-06      0.8999997380867638 
2.4585e-06     5.957766034873454e-06 
2.461e-06      6.388253573895916e-06 
2.4635e-06     6.761042891944631e-06 
2.466e-06      7.020970709775932e-06 
2.4685e-06     7.140256980235088e-06 
2.471e-06      6.776847756786352e-06 
2.4735e-06     6.978776689533063e-06 
2.476e-06      6.685638205344208e-06 
2.4785e-06     6.237563461835982e-06 
2.481e-06      5.868115512069769e-06 
2.4835e-06     5.571537010299215e-06 
2.486e-06      6.131762871516406e-06 
2.4885e-06     0.9000020175971062 
2.491e-06      0.9000022004862189 
2.4935e-06     0.900001602980789 
2.496e-06      0.9000012926008428 
2.4985e-06     0.9000014075695987 
2.501e-06      0.900001571877792 
2.5035e-06     6.924821081911784e-06 
2.506e-06      6.950361177375402e-06 
2.5085e-06     0.9000016345596127 
2.511e-06      0.9000019984499678 
2.5135e-06     0.900001950715157 
2.516e-06      7.744604580214709e-06 
2.5185e-06     7.978117167714754e-06 
2.521e-06      8.490223067853406e-06 
2.5235e-06     9.431145539088402e-06 
2.526e-06      0.9000049356760712 
2.5285e-06     1.307279508366194e-05 
2.531e-06      8.233239716036904e-06 
2.5335e-06     2.61135551635473e-05 
2.536e-06      -9.367390487534369e-06 
2.5385e-06     -9.880477353036327e-07 
2.541e-06      0.8999944571345669 
2.5435e-06     0.8999952986618894 
2.546e-06      2.127454286038148e-06 
2.5485e-06     2.342557294514907e-06 
2.551e-06      2.481483518736049e-06 
2.5535e-06     2.747483807160704e-06 
2.556e-06      3.528223934095572e-06 
2.5585e-06     4.670734519060739e-06 
2.561e-06      0.8999892373830189 
2.5635e-06     9.528291010305911e-06 
2.566e-06      0.9000090006403823 
2.5685e-06     0.900008322969598 
2.571e-06      0.9000079799327327 
2.5735e-06     1.396233252554644e-05 
2.576e-06      0.9000082470272248 
2.5785e-06     0.9000087530709348 
2.581e-06      1.633892146485148e-05 
2.5835e-06     1.774379086536707e-05 
