
time (s)       VT("/I0/I2/I5/net7") (V)


2.6e-08        1.477312508104751e-05 
2.85e-08       -5.452128879494676e-06 
3.1e-08        8.727625551619331e-05 
3.35e-08       0.8999823478468172 
3.6e-08        0.8999888497179093 
3.85e-08       0.8999881311871626 
4.1e-08        0.8999887221627126 
4.35e-08       0.8999894150922731 
4.6e-08        0.8999896970054013 
4.85e-08       0.8999904863205404 
5.1e-08        0.8999911890135986 
5.35e-08       0.8999917850904332 
5.600000000000001e-08 0.899992176673107 
5.85e-08       0.8999923111733078 
6.1e-08        -2.572044296001519e-06 
6.350000000000001e-08 -2.504894204917333e-06 
6.600000000000001e-08 -2.279720043513332e-06 
6.850000000000001e-08 -2.135248326735644e-06 
7.1e-08        -1.983372318009023e-06 
7.35e-08       -1.894190340206425e-06 
7.599999999999999e-08 -1.916103396444434e-06 
7.849999999999999e-08 -2.018350046986014e-06 
8.1e-08        -2.001593307951476e-06 
8.35e-08       -2.099420274550402e-06 
8.6e-08        -2.181478503087888e-06 
8.85e-08       -2.209424909395981e-06 
9.100000000000001e-08 -2.286207912920016e-06 
9.350000000000001e-08 -2.218963931668641e-06 
9.600000000000001e-08 -2.256374349686657e-06 
9.850000000000002e-08 -2.206623174476834e-06 
1.01e-07       -2.114074436075449e-06 
1.035e-07      -2.001587922472132e-06 
1.06e-07       -1.882259966290892e-06 
1.085e-07      -1.810661799852722e-06 
1.11e-07       -1.90152274189557e-06 
1.135e-07      -1.961259294590444e-06 
1.16e-07       -2.086051674913774e-06 
1.185e-07      -2.220696550397167e-06 
1.21e-07       -2.387359382392056e-06 
1.235e-07      -2.474234500924612e-06 
1.26e-07       -2.548366820528407e-06 
1.285e-07      -2.933515052998465e-06 
1.31e-07       0.8999920687136707 
1.335e-07      0.8999912518942845 
1.36e-07       0.8999908934078807 
1.385e-07      0.8999900944772636 
1.41e-07       0.8999896737248276 
1.435e-07      0.8999881964786645 
1.46e-07       0.899988541161862 
1.485e-07      0.8999890450888494 
1.51e-07       0.8999821228514723 
1.535e-07      0.9000136346322283 
1.56e-07       0.8999718492627319 
1.585e-07      1.444399107094056e-05 
1.61e-07       1.921559411832357e-05 
1.635e-07      1.947027462124646e-05 
1.66e-07       1.90142067180605e-05 
1.685e-07      1.870512270963683e-05 
1.71e-07       1.850305626237179e-05 
1.735e-07      1.840128476523691e-05 
1.76e-07       0.9000145294098961 
1.785e-07      0.9000146205860842 
1.81e-07       0.9000139977440804 
1.835e-07      0.9000060991842184 
1.86e-07       0.9000057317000186 
1.885e-07      4.473579204750415e-06 
1.91e-07       3.095017984571386e-06 
1.935e-07      2.411099900885155e-06 
1.96e-07       2.05545276919848e-06 
1.985e-07      0.8999959606854592 
2.01e-07       0.8999957215707618 
2.035e-07      0.8999951929713762 
2.06e-07       0.899994301913535 
2.085e-07      0.8999913439902396 
2.11e-07       0.89997832277529 
2.135e-07      0.8999583561206852 
2.16e-07       1.584852951235067e-05 
2.185e-07      1.48547869953791e-05 
2.21e-07       1.376390127294925e-05 
2.235e-07      1.295429195162161e-05 
2.26e-07       1.249200537073682e-05 
2.285e-07      1.229424133243824e-05 
2.31e-07       1.22686637983406e-05 
2.335e-07      1.234587948391011e-05 
2.36e-07       1.191179093629991e-05 
2.385e-07      1.134467592593226e-05 
2.41e-07       1.120713321449562e-05 
2.435e-07      0.9000063933943475 
2.46e-07       0.9000061999420313 
2.485e-07      0.9000061061890785 
2.51e-07       0.9000065988664558 
2.535e-07      0.900007485303659 
2.56e-07       0.900007545927577 
2.585e-07      0.9000059730968211 
2.61e-07       0.900004795256709 
2.635e-07      0.9000042853395944 
2.66e-07       0.9000047877110675 
2.685e-07      0.900004929503599 
2.71e-07       0.9000052025339335 
2.735e-07      0.9000054276476117 
2.76e-07       0.9000059279853195 
2.785e-07      0.9000058157898938 
2.81e-07       0.900004992924596 
2.835e-07      0.9000049718723928 
2.86e-07       0.9000044642764363 
2.885e-07      0.9000042054831725 
2.91e-07       0.9000048110374921 
2.935e-07      0.9000072580033196 
2.96e-07       0.9000075711532008 
2.985e-07      0.9000068225752109 
3.01e-07       0.9000061228643199 
3.035e-07      0.9000061598973937 
3.06e-07       0.9000063861609415 
3.085e-07      0.9000061951445407 
3.11e-07       0.9000058467297893 
3.135e-07      0.9000065181187465 
3.16e-07       1.211626008327522e-05 
3.185e-07      1.228324898655926e-05 
3.21e-07       1.229816897182382e-05 
3.235e-07      1.238699034194027e-05 
3.26e-07       1.284159166069508e-05 
3.285e-07      1.351695137574492e-05 
3.31e-07       1.452585907193914e-05 
3.335e-07      1.570870709287149e-05 
3.36e-07       1.348007839893815e-05 
3.385e-07      3.162319614867256e-05 
3.41e-07       0.8999871988593956 
3.435e-07      0.8999940917591754 
3.46e-07       0.8999950391017255 
3.485e-07      0.8999954975709861 
3.51e-07       0.8999958504968597 
3.535e-07      0.8999962615529707 
3.56e-07       0.8999965851598489 
3.585e-07      2.949963027766969e-06 
3.61e-07       4.061451848513321e-06 
3.635e-07      5.692813530517611e-06 
3.66e-07       2.438744653372763e-06 
3.685e-07      -4.198435044012203e-05 
3.71e-07       0.9000145958130872 
3.735e-07      0.9000144158436265 
3.76e-07       0.900014145781847 
3.785e-07      0.9000141348239694 
3.81e-07       1.860953881535812e-05 
3.835e-07      1.898855387834316e-05 
3.86e-07       1.935892886553285e-05 
3.885e-07      1.946126668973282e-05 
3.91e-07       1.718986533844187e-05 
3.935e-07      -1.241311632484372e-06 
3.96e-07       4.792253430565537e-05 
3.985e-07      0.8999763084307909 
4.01e-07       0.8999885195963698 
4.035e-07      0.8999888206717914 
4.06e-07       0.899987876935836 
4.085e-07      0.8999895710774518 
4.11e-07       0.8999896492492467 
4.135e-07      0.8999907875273057 
4.16e-07       0.8999910590904175 
4.185e-07      0.89999181325533 
4.21e-07       0.8999923279214296 
4.235e-07      0.8999922619176662 
4.26e-07       -2.613473310774349e-06 
4.285e-07      -2.476292428094232e-06 
4.31e-07       -2.364727419935476e-06 
4.335e-07      -2.133287160944046e-06 
4.36e-07       -1.992804902576962e-06 
4.385e-07      -1.910404036384467e-06 
4.41e-07       -1.945613806766606e-06 
4.435e-07      -1.994848611403499e-06 
4.46e-07       -1.965604067136317e-06 
4.485e-07      -2.069407788971665e-06 
4.51e-07       -2.184775608755623e-06 
4.535e-07      -2.245720566556788e-06 
4.56e-07       -2.281873522706302e-06 
4.585e-07      -2.27541041424016e-06 
4.61e-07       -2.276683163998713e-06 
4.635e-07      -2.226985606494916e-06 
4.66e-07       -2.128910572811201e-06 
4.685e-07      -2.028735352589024e-06 
4.71e-07       -1.920082221767845e-06 
4.735e-07      -1.842624299208279e-06 
4.76e-07       -1.937356195523618e-06 
4.785000000000001e-07 -1.944955068244251e-06 
4.81e-07       -2.035860610550252e-06 
4.835e-07      -2.297627925458063e-06 
4.86e-07       -2.347018815959543e-06 
4.885000000000001e-07 -2.645239362955351e-06 
4.91e-07       -2.490388137587496e-06 
4.935e-07      -2.808874853068114e-06 
4.96e-07       -2.797238608383806e-06 
4.985000000000001e-07 0.8999914066394928 
5.010000000000001e-07 0.8999909383548179 
5.035e-07      0.8999904829875942 
5.060000000000001e-07 0.8999897363247387 
5.085000000000001e-07 0.8999888469036608 
5.110000000000001e-07 0.899988265068776 
5.135e-07      0.8999887569083257 
5.16e-07       0.899985611632565 
5.185000000000001e-07 0.8999777122857365 
5.210000000000001e-07 0.8999964303923729 
5.235e-07      0.8999472963022691 
5.26e-07       1.877229938857872e-05 
5.285000000000001e-07 1.957362000526076e-05 
5.310000000000001e-07 1.916110854474624e-05 
5.335000000000001e-07 1.870638917472985e-05 
5.36e-07       1.855045245816549e-05 
5.385e-07      1.842798169962724e-05 
5.410000000000001e-07 0.9000145402914695 
5.435000000000001e-07 0.9000144654206049 
5.46e-07       0.9000146582735027 
5.485e-07      0.9000110590700393 
5.510000000000001e-07 0.8999710565457338 
5.535000000000001e-07 4.987405754911658e-06 
5.560000000000001e-07 3.354921471966585e-06 
5.585e-07      2.382451916157997e-06 
5.61e-07       2.129931586198847e-06 
5.635000000000001e-07 0.899996104407501 
5.660000000000001e-07 0.8999957184315248 
5.685e-07      0.8999952912747484 
5.71e-07       0.8999947290132846 
5.735000000000001e-07 0.8999925605734119 
5.760000000000001e-07 0.899979404695861 
5.785000000000001e-07 0.8998761709093041 
5.81e-07       1.572865675720533e-05 
5.835000000000001e-07 1.533715702886259e-05 
5.860000000000001e-07 1.415965627433223e-05 
5.885000000000001e-07 1.313343650614035e-05 
5.91e-07       1.261108305526727e-05 
5.935e-07      1.233439650639179e-05 
5.960000000000001e-07 1.227973271141823e-05 
5.985000000000001e-07 1.236194708317296e-05 
6.01e-07       1.212485103429928e-05 
6.035e-07      1.150324816809902e-05 
6.060000000000001e-07 1.117230323243042e-05 
6.085000000000001e-07 0.9000064403891693 
6.110000000000001e-07 0.9000062509590868 
6.135e-07      0.9000061009442534 
6.16e-07       0.90000631387702 
6.185000000000001e-07 0.9000072431675318 
6.210000000000001e-07 0.900007552569046 
6.235e-07      0.900006668430141 
6.26e-07       0.900005073622537 
6.285000000000001e-07 0.9000043202979717 
6.310000000000001e-07 0.9000046579795059 
6.335000000000001e-07 0.900005221327461 
6.36e-07       0.9000056189536966 
6.385000000000001e-07 0.900005850212391 
6.410000000000001e-07 0.9000054709767606 
6.435000000000001e-07 0.9000058395820273 
6.46e-07       0.9000050953508609 
6.485e-07      0.900004782910435 
6.510000000000001e-07 0.900004583636458 
6.535000000000001e-07 0.9000042662640164 
6.560000000000001e-07 0.90000447680957 
6.585e-07      0.9000068085963908 
6.610000000000001e-07 0.9000075474082706 
6.635000000000001e-07 0.9000070910034056 
6.660000000000001e-07 0.9000062257712679 
6.685e-07      0.9000061264252056 
6.71e-07       0.9000063320417476 
6.735000000000001e-07 0.9000063999350738 
6.760000000000001e-07 0.9000058587959197 
6.785e-07      0.900006286091335 
6.81e-07       1.207571504652288e-05 
6.835000000000001e-07 1.233951634681382e-05 
6.860000000000001e-07 1.22832488411843e-05 
6.885000000000001e-07 1.236019071177455e-05 
6.91e-07       1.269207654362256e-05 
6.935e-07      1.328736256828466e-05 
6.960000000000001e-07 1.429940284517714e-05 
6.985000000000001e-07 1.548020445619352e-05 
7.01e-07       1.562788524787713e-05 
7.035e-07      -5.189405215483119e-06 
7.060000000000001e-07 -1.795499430562294e-05 
7.085000000000001e-07 0.8999930815263829 
7.110000000000001e-07 0.8999949701365122 
7.135e-07      0.8999953310280715 
7.160000000000001e-07 0.8999957012858283 
7.185000000000001e-07 0.8999961580544562 
7.210000000000001e-07 0.8999965042705129 
7.235e-07      0.899996845875075 
7.26e-07       3.600931181861421e-06 
7.285000000000001e-07 5.311126972350579e-06 
7.310000000000001e-07 5.224718750351295e-06 
7.335e-07      8.053575472368918e-06 
7.36e-07       0.9000146510919326 
7.385000000000001e-07 0.9000145023149625 
7.410000000000001e-07 0.9000143858118959 
7.435000000000001e-07 0.9000141251784232 
7.46e-07       1.853745057670038e-05 
7.485e-07      1.874416446181221e-05 
7.510000000000001e-07 1.923993856581875e-05 
7.535000000000001e-07 1.962660993140794e-05 
7.56e-07       1.837632227974919e-05 
7.585e-07      7.841879409782821e-06 
7.610000000000001e-07 3.226314755335072e-05 
7.635000000000001e-07 3.06048500037373e-05 
7.660000000000001e-07 0.8999866583538749 
7.685e-07      0.8999886846794003 
7.710000000000001e-07 0.8999877457383226 
7.735000000000001e-07 0.8999891906126948 
7.760000000000001e-07 0.8999891704997066 
7.785e-07      0.8999905193160602 
7.81e-07       0.8999909241437479 
7.835000000000001e-07 0.8999914822544887 
7.860000000000001e-07 0.8999922727013038 
7.885000000000001e-07 0.8999923797010346 
7.91e-07       -2.572237412027123e-06 
7.935000000000001e-07 -2.491703622580357e-06 
7.960000000000001e-07 -2.24210641830723e-06 
7.985000000000001e-07 -2.185785899610757e-06 
8.01e-07       -2.027683227249284e-06 
8.035e-07      -1.933890042332536e-06 
8.060000000000001e-07 -1.93005282920412e-06 
8.085000000000001e-07 -1.968927194796526e-06 
8.11e-07       -1.948390463531788e-06 
8.135e-07      -2.054227182897348e-06 
8.160000000000001e-07 -2.149815490287203e-06 
8.185000000000001e-07 -2.230479594782236e-06 
8.210000000000001e-07 -2.27425488027185e-06 
8.235e-07      -2.296780335598441e-06 
8.26e-07       -2.285968223253856e-06 
8.285000000000001e-07 -2.207644784566652e-06 
8.310000000000001e-07 -2.148948943825091e-06 
8.335e-07      -2.060211049199912e-06 
8.36e-07       -1.955199636426169e-06 
8.385000000000001e-07 -1.833219972163868e-06 
8.410000000000001e-07 -1.748943407042074e-06 
8.435000000000001e-07 -1.932967588639352e-06 
8.46e-07       -2.006893228232821e-06 
8.485000000000001e-07 -2.192544109705655e-06 
8.510000000000001e-07 -2.216642603974938e-06 
8.535000000000001e-07 -2.416023264510304e-06 
8.56e-07       -2.604474302746819e-06 
8.585e-07      -2.668029390811164e-06 
8.610000000000001e-07 -2.696564605864708e-06 
8.635000000000001e-07 0.8999916292929468 
8.660000000000001e-07 0.8999910385203432 
8.685e-07      0.8999907696408324 
8.710000000000001e-07 0.8999893988174689 
8.735000000000001e-07 0.8999893308957296 
8.760000000000001e-07 0.8999880657994 
8.785e-07      0.899988816791593 
8.81e-07       0.8999874542643462 
8.835000000000001e-07 0.8999740586517812 
8.860000000000001e-07 0.90002395694022 
8.885e-07      0.8999280817614187 
8.91e-07       1.747935085110914e-05 
8.935000000000001e-07 1.96590998090277e-05 
8.960000000000001e-07 1.930986934098433e-05 
8.985000000000001e-07 1.892154187986857e-05 
9.01e-07       1.861508364250889e-05 
9.035000000000001e-07 1.845134984349907e-05 
9.060000000000001e-07 1.835768166863032e-05 
9.085000000000001e-07 0.9000145597860271 
9.11e-07       0.9000147135311573 
9.135e-07      0.9000131465170013 
9.160000000000001e-07 0.9000305183251484 
9.185000000000001e-07 0.9000126032247072 
9.210000000000001e-07 3.917681634186846e-06 
9.235e-07      2.747531389799257e-06 
9.260000000000001e-07 2.218187623614484e-06 
9.285000000000001e-07 1.827141014618953e-06 
9.310000000000001e-07 0.899995911472818 
9.335e-07      0.8999954443440313 
9.36e-07       0.8999949770080223 
9.385000000000001e-07 0.8999935805148417 
9.410000000000001e-07 0.8999857192546669 
9.435000000000001e-07 0.9000408880386951 
9.46e-07       0.8999916911767707 
9.485000000000001e-07 1.562733569882105e-05 
9.510000000000001e-07 1.436904537030674e-05 
9.535000000000001e-07 1.31896186820765e-05 
9.56e-07       1.262661172123192e-05 
9.585e-07      1.23790160797088e-05 
9.61e-07       1.227962837734346e-05 
9.635e-07      1.230927033143551e-05 
9.659999999999999e-07 1.206826167997894e-05 
9.684999999999999e-07 1.169763604122136e-05 
9.710000000000001e-07 1.117038281103486e-05 
9.735000000000001e-07 0.9000062936875751 
9.760000000000001e-07 0.9000063537789631 
9.785e-07      0.9000061494178663 
9.81e-07       0.900006181398168 
9.835e-07      0.9000069901846017 
9.860000000000002e-07 0.9000075672882234 
9.885000000000001e-07 0.9000071229609695 
9.910000000000001e-07 0.9000053428529174 
9.935000000000001e-07 0.9000043867965359 
9.960000000000001e-07 0.9000045301781251 
9.985000000000001e-07 0.9000050642236727 
1.001e-06      0.9000055155529098 
1.0035e-06     0.9000057881896018 
1.006e-06      0.9000054393379311 
1.0085e-06     0.9000054000193238 
1.011e-06      0.9000056961482007 
1.0135e-06     0.9000052861969957 
1.016e-06      0.9000047124588915 
1.0185e-06     0.9000043481142097 
1.021e-06      0.9000042156224615 
1.0235e-06     0.9000054041498288 
1.026e-06      0.9000074436051582 
1.0285e-06     0.9000073664717649 
1.031e-06      0.90000641829901 
1.0335e-06     0.9000060910660076 
1.036e-06      0.9000061993007487 
1.0385e-06     0.9000064226232625 
1.041e-06      0.9000058903520184 
1.0435e-06     0.9000061082095095 
1.046e-06      1.203454015528574e-05 
1.0485e-06     1.23707450978568e-05 
1.051e-06      1.228999971270853e-05 
1.0535e-06     1.230375320364817e-05 
1.056e-06      1.254915283323465e-05 
1.0585e-06     1.308572615879034e-05 
1.061e-06      1.400299359098511e-05 
1.0635e-06     1.513638550336444e-05 
1.066e-06      1.579434077358715e-05 
1.0685e-06     3.647385241631786e-06 
1.071e-06      2.065569151379815e-05 
1.0735e-06     0.899991856649626 
1.076e-06      0.8999946530894767 
1.0785e-06     0.8999952089535995 
1.081e-06      0.8999956256199169 
1.0835e-06     0.8999960446526999 
1.086e-06      0.8999964221804423 
1.0885e-06     0.8999967308425781 
1.091e-06      3.102238151609988e-06 
1.0935e-06     4.538227478945013e-06 
1.096e-06      6.377358489823503e-06 
1.0985e-06     -3.046429276209186e-05 
1.101e-06      -2.699928548269505e-05 
1.1035e-06     0.9000144961210049 
1.106e-06      0.9000143830588861 
1.1085e-06     0.900014321609044 
1.111e-06      0.9000143802520217 
1.1135e-06     1.87432846526631e-05 
1.116e-06      1.909077476493281e-05 
1.1185e-06     1.95149102907479e-05 
1.121e-06      1.919391258106837e-05 
1.1235e-06     1.330925376421814e-05 
1.126e-06      2.684379171826168e-06 
1.1285e-06     9.465713871855018e-05 
1.131e-06      0.8999842170901796 
1.1335e-06     0.8999888518527005 
1.136e-06      0.8999880306759909 
1.1385e-06     0.8999888792602271 
1.141e-06      0.89998966066741 
1.1435e-06     0.8999902961165024 
1.146e-06      0.8999908431775088 
1.1485e-06     0.899991280667703 
1.151e-06      0.8999921312130589 
1.1535e-06     0.899992181280484 
1.156e-06      0.8999923363385922 
1.1585e-06     -2.454952885652421e-06 
1.161e-06      -2.427574657822246e-06 
1.1635e-06     -2.360842990456755e-06 
1.166e-06      -2.060511944526175e-06 
1.1685e-06     -1.947853881741882e-06 
1.171e-06      -1.881103757558397e-06 
1.1735e-06     -1.948708628224199e-06 
1.176e-06      -1.989294347238686e-06 
1.1785e-06     -2.013048995572064e-06 
1.181e-06      -2.116719516697007e-06 
1.1835e-06     -2.21078309621956e-06 
1.186e-06      -2.266989197549213e-06 
1.1885e-06     -2.294451312593573e-06 
1.191e-06      -2.262280602843077e-06 
1.1935e-06     -2.229321627965386e-06 
1.196e-06      -2.181048453547667e-06 
1.1985e-06     -2.091862687629618e-06 
1.201e-06      -1.990140581504256e-06 
1.2035e-06     -1.855743868923624e-06 
1.206e-06      -1.753657725370616e-06 
1.2085e-06     -1.903753951798044e-06 
1.211e-06      -1.99623815699995e-06 
1.2135e-06     -2.104677437685643e-06 
1.216e-06      -2.23109127378926e-06 
1.2185e-06     -2.383832800941482e-06 
1.221e-06      -2.522557453437515e-06 
1.2235e-06     -2.788860605521061e-06 
1.226e-06      -3.029838576721066e-06 
1.2285e-06     0.8999919282087999 
1.231e-06      0.8999914697678548 
1.2335e-06     0.8999908852110414 
1.236e-06      0.8999898796927179 
1.2385e-06     0.8999896072651574 
1.241e-06      0.89998790424069 
1.2435e-06     0.899988588878275 
1.246e-06      0.8999890757062693 
1.2485e-06     0.8999797938374593 
1.251e-06      0.9000410610490688 
1.2535e-06     0.8999448894247085 
1.256e-06      1.611069946011665e-05 
1.2585e-06     1.930375889472278e-05 
1.261e-06      1.943190381223402e-05 
1.2635e-06     1.894563678127094e-05 
1.266e-06      1.869555841176915e-05 
1.2685e-06     1.849820852047017e-05 
1.271e-06      1.838829499037177e-05 
1.2735e-06     0.9000144032112685 
1.276e-06      0.9000146456917143 
1.2785e-06     0.9000136608631935 
1.281e-06      0.8999987721010405 
1.2835e-06     0.9000140246926261 
1.286e-06      4.223273407590987e-06 
1.2885e-06     2.978410645144527e-06 
1.291e-06      2.174520591702394e-06 
1.2935e-06     1.978907271568788e-06 
1.296e-06      0.8999959629612271 
1.2985e-06     0.8999956495906476 
1.301e-06      0.8999951274374891 
1.3035e-06     0.8999941295280952 
1.306e-06      0.8999899663009728 
1.3085e-06     0.8999843976033325 
1.311e-06      0.8999715453432137 
1.3135e-06     1.580773768218496e-05 
1.316e-06      1.466150097552231e-05 
1.3185e-06     1.360504047413949e-05 
1.321e-06      1.274524544373347e-05 
1.3235e-06     1.244141798342439e-05 
1.326e-06      1.228438693482481e-05 
1.3285e-06     1.226049759674811e-05 
1.331e-06      1.228310904469777e-05 
1.3335e-06     1.176390624213978e-05 
1.336e-06      1.127054745763413e-05 
1.3385e-06     1.134287585887157e-05 
1.341e-06      0.9000063836554046 
1.3435e-06     0.9000061616897451 
1.346e-06      0.9000061248132054 
1.3485e-06     0.900006718336018 
1.351e-06      0.9000075656593177 
1.3535e-06     0.9000073673339894 
1.356e-06      0.9000057184926986 
1.3585e-06     0.9000046640581946 
1.361e-06      0.9000044231824013 
1.3635e-06     0.9000048888419661 
1.366e-06      0.9000054381711957 
1.3685e-06     0.9000057625715921 
1.371e-06      0.9000059092972617 
1.3735e-06     0.9000059167330653 
1.376e-06      0.9000052783239086 
1.3785e-06     0.9000049548748644 
1.381e-06      0.9000048844373549 
1.3835e-06     0.9000044396759559 
1.386e-06      0.900004183095807 
1.3885e-06     0.9000049459914932 
1.391e-06      0.9000074317989535 
1.3935e-06     0.9000075713992293 
1.396e-06      0.9000066868533769 
1.3985e-06     0.9000061228782369 
1.401e-06      0.9000061803152221 
1.4035e-06     0.9000063969597183 
1.406e-06      0.9000061163003994 
1.4085e-06     0.900005945424772 
1.411e-06      1.175701390281919e-05 
1.4135e-06     1.229832024171323e-05 
1.416e-06      1.226469454262798e-05 
1.4185e-06     1.228407399229422e-05 
1.421e-06      1.245870790272059e-05 
1.4235e-06     1.29267521526864e-05 
1.426e-06      1.366351176009034e-05 
1.4285e-06     1.467736455133594e-05 
1.431e-06      1.576257372990472e-05 
1.4335e-06     1.222095502373822e-05 
1.436e-06      7.453012233465958e-05 
1.4385e-06     0.8999891324322211 
1.441e-06      0.8999942497376877 
1.4435e-06     0.8999950976765504 
1.446e-06      0.8999955929193169 
1.4485e-06     0.8999959237400741 
1.451e-06      0.8999963329723901 
1.4535e-06     0.8999966298434401 
1.456e-06      3.064413266798325e-06 
1.4585e-06     4.280009881638962e-06 
1.461e-06      5.783671580144657e-06 
1.4635e-06     -1.224416558263793e-06 
1.466e-06      -3.395755337774552e-05 
1.4685e-06     0.900014553008884 
1.471e-06      0.9000142772447541 
1.4735e-06     0.9000143282873675 
1.476e-06      0.9000141462881972 
1.4785e-06     1.854777755188984e-05 
1.481e-06      1.905573816638458e-05 
1.4835e-06     1.941298379901024e-05 
1.486e-06      1.939079036182977e-05 
1.4885e-06     1.63951179454556e-05 
1.491e-06      -4.755422595030683e-06 
1.4935e-06     5.574113013638359e-05 
1.496e-06      0.899979417301052 
1.4985e-06     0.8999892813919745 
1.501e-06      0.8999887545694395 
1.5035e-06     0.8999882154067359 
1.506e-06      0.8999895541277466 
1.5085e-06     0.8999898604034066 
1.511e-06      0.8999908337231097 
1.5135e-06     0.899991414989526 
1.516e-06      0.89999184276561 
1.5185e-06     0.8999920663351817 
1.521e-06      0.8999922883839065 
1.5235e-06     -2.544974640336943e-06 
1.526e-06      -2.432469618290319e-06 
1.5285e-06     -2.354862860421589e-06 
1.531e-06      -2.112074535073687e-06 
1.5335e-06     -1.969523836988848e-06 
1.536e-06      -1.986930999856553e-06 
1.5385e-06     -1.946477589613354e-06 
1.541e-06      -2.00434152638528e-06 
1.5435e-06     -1.983494541747986e-06 
1.546e-06      -2.091422976262563e-06 
1.5485e-06     -2.194402528795535e-06 
1.551e-06      -2.255052886010934e-06 
1.5535e-06     -2.285932610019594e-06 
1.556e-06      -2.295777841680471e-06 
1.5585e-06     -2.271424449206893e-06 
1.561e-06      -2.202124162792186e-06 
1.5635e-06     -2.123250688042109e-06 
1.566e-06      -1.980524843925623e-06 
1.5685e-06     -1.905841202144713e-06 
1.571e-06      -1.823465091391661e-06 
1.5735e-06     -1.950955961423725e-06 
1.576e-06      -1.971414129585828e-06 
1.5785e-06     -2.065221293928066e-06 
1.581e-06      -2.346660177337636e-06 
1.5835e-06     -2.367064910366143e-06 
1.586e-06      -2.453395393331968e-06 
1.5885e-06     -2.687855835218895e-06 
1.591e-06      -2.873426817530006e-06 
1.5935e-06     -2.896577064437833e-06 
1.596e-06      0.8999913080051858 
1.5985e-06     0.8999909192031439 
1.601e-06      0.8999903435382516 
1.6035e-06     0.89998971705643 
1.606e-06      0.899988544526386 
1.6085e-06     0.8999884208104113 
1.611e-06      0.8999888455564339 
1.6135e-06     0.8999842934969634 
1.616e-06      0.8999883829661082 
1.6185e-06     0.8999059866630363 
1.621e-06      1.202775022930872e-05 
1.6235e-06     1.912077798823434e-05 
1.626e-06      1.952336817168542e-05 
1.6285e-06     1.919380602141594e-05 
1.631e-06      1.874696894279564e-05 
1.6335e-06     1.852291292241986e-05 
1.636e-06      1.841394973413722e-05 
1.6385e-06     0.9000145170384132 
1.641e-06      0.9000144837691424 
1.6435e-06     0.9000143409899656 
1.646e-06      0.9000087594084977 
1.6485e-06     0.9000000491413515 
1.651e-06      4.433679366886898e-06 
1.6535e-06     3.217618214428018e-06 
1.656e-06      2.375595996018957e-06 
1.6585e-06     2.072972737996818e-06 
1.661e-06      0.8999960539673365 
1.6635e-06     0.8999957941757561 
1.666e-06      0.8999952529286116 
1.6685e-06     0.8999944630391318 
1.671e-06      0.8999919969865751 
1.6735e-06     0.8999753360659001 
1.676e-06      0.8999813872401973 
1.6785e-06     1.580538038171566e-05 
1.681e-06      1.510619538554673e-05 
1.6835e-06     1.396044683282551e-05 
1.686e-06      1.291394801429829e-05 
1.6885e-06     1.251722269915021e-05 
1.691e-06      1.230323869444301e-05 
1.6935e-06     1.227123294610172e-05 
1.696e-06      1.237091672927729e-05 
1.6985e-06     1.20402813586841e-05 
1.701e-06      1.141514469815258e-05 
1.7035e-06     1.118159130103716e-05 
1.706e-06      0.9000064109131271 
1.7085e-06     0.9000061902575827 
1.711e-06      0.9000060929767602 
1.7135e-06     0.9000064626279869 
1.716e-06      0.90000735518976 
1.7185e-06     0.9000074466498093 
1.721e-06      0.9000063302014681 
1.7235e-06     0.9000048736441392 
1.726e-06      0.9000043331100205 
1.7285e-06     0.9000047108429778 
1.731e-06      0.900005297912289 
1.7335e-06     0.9000056744844889 
1.736e-06      0.9000058739842864 
1.7385e-06     0.9000054428253021 
1.741e-06      0.9000053640859701 
1.7435e-06     0.9000050256761357 
1.746e-06      0.9000050562896267 
1.7485e-06     0.9000045221436371 
1.751e-06      0.9000042325635993 
1.7535e-06     0.900004635295015 
1.756e-06      0.900006997143339 
1.7585e-06     0.9000075747302118 
1.761e-06      0.9000069484978407 
1.7635e-06     0.9000061726724797 
1.766e-06      0.9000061518602818 
1.7685e-06     0.9000063704148774 
1.771e-06      0.9000062915836713 
1.7735e-06     0.900005865051146 
1.776e-06      0.9000064037942911 
1.7785e-06     1.207703024674317e-05 
1.781e-06      1.23091094143192e-05 
1.7835e-06     1.229314497503886e-05 
1.786e-06      1.238486137672183e-05 
1.7885e-06     1.276572437169755e-05 
1.791e-06      1.340291032147162e-05 
1.7935e-06     1.438123433162044e-05 
1.796e-06      1.560416116665283e-05 
1.7985e-06     1.470084976963909e-05 
1.801e-06      3.484629777367654e-05 
1.8035e-06     -1.503301972107302e-05 
1.806e-06      0.8999936217825006 
1.8085e-06     0.8999949466696322 
1.811e-06      0.8999954067884998 
1.8135e-06     0.899995804579752 
1.816e-06      0.8999961997654471 
1.8185e-06     0.8999965447660411 
1.821e-06      2.810302257563222e-06 
1.8235e-06     3.621671459022321e-06 
1.826e-06      5.660948649114021e-06 
1.8285e-06     3.953573787038418e-06 
1.831e-06      -5.72597405587481e-05 
1.8335e-06     0.9000146172435718 
1.836e-06      0.9000144876127711 
1.8385e-06     0.9000141736411696 
1.841e-06      0.9000143161710449 
1.8435e-06     1.856738624720094e-05 
1.846e-06      1.891400329866206e-05 
1.8485e-06     1.936574904284869e-05 
1.851e-06      1.9526316548061e-05 
1.8535e-06     1.781605100665214e-05 
1.856e-06      3.902442948801933e-06 
1.8585e-06     -3.268166264984625e-06 
1.861e-06      1.605625864312131e-06 
1.8635e-06     0.8999874606630507 
1.866e-06      0.899988773124394 
1.8685e-06     0.8999876170860143 
1.871e-06      0.8999894162082894 
1.8735e-06     0.8999893802962458 
1.876e-06      0.8999907150033216 
1.8785e-06     0.8999909604741627 
1.881e-06      0.8999915929772447 
1.8835e-06     0.8999920178513831 
1.886e-06      0.8999923559052625 
1.8885e-06     -2.666206800409889e-06 
1.891e-06      -2.43597341914219e-06 
1.8935e-06     -2.370208360099576e-06 
1.896e-06      -2.184633696022882e-06 
1.8985e-06     -2.007567255211134e-06 
1.901e-06      -1.924562703893673e-06 
1.9035e-06     -1.915243860232325e-06 
1.906e-06      -1.978356780456658e-06 
1.9085e-06     -1.946406199849446e-06 
1.911e-06      -2.072006780556408e-06 
1.9135e-06     -2.162912326757579e-06 
1.916e-06      -2.239741793136609e-06 
1.9185e-06     -2.278532625365551e-06 
1.921e-06      -2.267895116672365e-06 
1.9235e-06     -2.281330655895119e-06 
1.926e-06      -2.205512843851155e-06 
1.9285e-06     -2.1331537584264e-06 
1.931e-06      -2.043771748573684e-06 
1.9335e-06     -1.936763186451984e-06 
1.936e-06      -1.802613959565052e-06 
1.9385e-06     -1.915538863536778e-06 
1.941e-06      -1.936176868239718e-06 
1.9435e-06     -2.023354275115641e-06 
1.946e-06      -2.211120340273664e-06 
1.9485e-06     -2.241461551955113e-06 
1.951e-06      -2.429489389533624e-06 
1.9535e-06     -2.607289272911957e-06 
1.956e-06      -2.732363410633658e-06 
1.9585e-06     -2.730917473025606e-06 
1.961e-06      0.8999915096520186 
1.9635e-06     0.8999909809788056 
1.966e-06      0.8999906802601386 
1.9685e-06     0.8999891797687002 
1.971e-06      0.8999890828788499 
1.9735e-06     0.8999881816492706 
1.976e-06      0.8999887184735992 
1.9785e-06     0.8999865237623221 
1.981e-06      0.899972224973602 
1.9835e-06     0.9000041348373107 
1.986e-06      0.8999344104317455 
1.9885e-06     1.809058628889598e-05 
1.991e-06      1.959242395037308e-05 
1.9935e-06     1.93053382407727e-05 
1.996e-06      1.8762340238785e-05 
1.9985e-06     1.858526646825283e-05 
2.001e-06      1.844235594196161e-05 
2.0035e-06     1.834231848888667e-05 
2.006e-06      0.9000145765802589 
2.0085e-06     0.9000146386183552 
2.011e-06      0.9000127683169219 
2.0135e-06     0.9000514413057651 
2.016e-06      5.05972461981979e-06 
2.0185e-06     3.525403698827607e-06 
2.021e-06      2.655157792359828e-06 
2.0235e-06     2.173475087596461e-06 
2.026e-06      1.780041291635704e-06 
2.0285e-06     0.8999958976380135 
2.031e-06      0.8999954887270021 
2.0335e-06     0.8999947875075082 
2.036e-06      0.8999931330411548 
2.0385e-06     0.8999831896360098 
2.041e-06      0.900013079338511 
2.0435e-06     0.8999980424895466 
2.046e-06      1.550550020521323e-05 
2.0485e-06     1.424133323948712e-05 
2.051e-06      1.324218353607677e-05 
2.0535e-06     1.256504451834228e-05 
2.056e-06      1.235224203759406e-05 
2.0585e-06     1.227290516603892e-05 
2.061e-06      1.233695529990296e-05 
2.0635e-06     1.207817688681006e-05 
2.066e-06      1.159685241374107e-05 
2.0685e-06     1.117365715705584e-05 
2.071e-06      0.9000060958537454 
2.0735e-06     0.9000063135622837 
2.076e-06      0.9000061251043122 
2.0785e-06     0.9000062356797387 
2.081e-06      0.900007129046602 
2.0835e-06     0.9000075022787264 
2.086e-06      0.9000068688933042 
2.0885e-06     0.9000051725363257 
2.091e-06      0.9000043560806822 
2.0935e-06     0.9000045928513405 
2.096e-06      0.9000051441864463 
2.0985e-06     0.9000055725337122 
2.101e-06      0.9000058206180216 
2.1035e-06     0.9000054440091748 
2.106e-06      0.9000054148231199 
2.1085e-06     0.9000051072622884 
2.111e-06      0.9000052107023234 
2.1135e-06     0.900004655601643 
2.116e-06      0.9000043039850395 
2.1185e-06     0.9000043190152637 
2.121e-06      0.900005636189382 
2.1235e-06     0.900007487746381 
2.126e-06      0.9000072309179837 
2.1285e-06     0.9000062760469055 
2.131e-06      0.9000061069164386 
2.1335e-06     0.9000062608626151 
2.136e-06      0.9000064529137799 
2.1385e-06     0.9000058662602298 
2.141e-06      0.9000061915833255 
2.1435e-06     1.212657658203109e-05 
2.146e-06      1.236066070870242e-05 
2.1485e-06     1.228507500307607e-05 
2.151e-06      1.234223744439017e-05 
2.1535e-06     1.264094675019862e-05 
2.156e-06      1.317572604819093e-05 
2.1585e-06     1.417751781863882e-05 
2.161e-06      1.533862929288825e-05 
2.1635e-06     1.573228470511245e-05 
2.166e-06      -5.845095231130022e-06 
2.1685e-06     -6.86753874143619e-06 
2.171e-06      0.8999924901487905 
2.1735e-06     0.8999947388178561 
2.176e-06      0.89999525767668 
2.1785e-06     0.8999957772518646 
2.181e-06      0.8999960959192244 
2.1835e-06     0.8999964661272642 
2.186e-06      0.8999967839964808 
2.1885e-06     3.484235332120544e-06 
2.191e-06      4.724243546562317e-06 
2.1935e-06     5.999847401850482e-06 
2.196e-06      -4.734842540543145e-06 
2.1985e-06     -2.476063303303683e-05 
2.201e-06      0.9000144754298486 
2.2035e-06     0.9000144236108032 
2.206e-06      0.9000143155596305 
2.2085e-06     0.9000144177555112 
2.211e-06      1.87920255883727e-05 
2.2135e-06     1.927279833111449e-05 
2.216e-06      1.956254904529708e-05 
2.2185e-06     1.8975366492926e-05 
2.221e-06      1.075779330278389e-05 
2.2235e-06     2.889687153963489e-05 
2.226e-06      6.912726446913686e-05 
2.2285e-06     0.8999855165289671 
2.231e-06      0.8999887294125187 
2.2335e-06     0.8999878862893339 
2.236e-06      0.8999889590198844 
2.2385e-06     0.8999896721891898 
2.241e-06      0.8999904398667501 
2.2435e-06     0.8999908692947678 
2.246e-06      0.8999913695007726 
2.2485e-06     0.8999922103257501 
2.251e-06      0.8999922446099774 
2.2535e-06     -2.547224420979984e-06 
2.256e-06      -2.499139083121659e-06 
2.2585e-06     -2.379908219999e-06 
2.261e-06      -2.294238048788811e-06 
2.2635e-06     -2.043780668378517e-06 
2.266e-06      -1.997072403730578e-06 
2.2685e-06     -1.886662012093636e-06 
2.271e-06      -1.958097382375876e-06 
2.2735e-06     -2.007917531140533e-06 
2.276e-06      -2.030833006418216e-06 
2.2785e-06     -2.134943992759225e-06 
2.281e-06      -2.221071891527008e-06 
2.2835e-06     -2.2694466315643e-06 
2.286e-06      -2.233149160773103e-06 
2.2885e-06     -2.289658016209182e-06 
2.291e-06      -2.25214135520448e-06 
2.2935e-06     -2.169300411805153e-06 
2.296e-06      -2.07612657880765e-06 
2.2985e-06     -1.972547119589115e-06 
2.301e-06      -1.838035960363648e-06 
2.3035e-06     -1.734503612854722e-06 
2.306e-06      -1.917209792528049e-06 
2.3085e-06     -2.001607534665835e-06 
2.311e-06      -2.149291640390253e-06 
2.3135e-06     -2.358052657720903e-06 
2.316e-06      -2.356723112199541e-06 
2.3185e-06     -2.553186092578153e-06 
2.321e-06      -2.814346537325575e-06 
2.3235e-06     -2.664127729804379e-06 
2.326e-06      0.8999918499462626 
2.3285e-06     0.8999911277139436 
2.331e-06      0.8999908372887421 
2.3335e-06     0.8999896575750628 
2.336e-06      0.8999895012166742 
2.3385e-06     0.899987960082464 
2.341e-06      0.8999888687502596 
2.3435e-06     0.8999882390579387 
2.346e-06      0.8999771293908464 
2.3485e-06     0.9000459044517453 
2.351e-06      0.8999243712422699 
2.3535e-06     1.677218794858149e-05 
2.356e-06      1.950806553645407e-05 
2.3585e-06     1.93800778376141e-05 
2.361e-06      1.888107590154291e-05 
2.3635e-06     1.86510769880665e-05 
2.366e-06      1.846704604565789e-05 
2.3685e-06     1.837462730005865e-05 
2.371e-06      0.9000145588252455 
2.3735e-06     0.9000146791639819 
2.376e-06      0.9000133117010517 
2.3785e-06     0.8999793760182117 
2.381e-06      0.9000129008942427 
2.3835e-06     4.108563143615652e-06 
2.386e-06      2.863380130937051e-06 
2.3885e-06     2.268701148343651e-06 
2.391e-06      1.788134370029925e-06 
2.3935e-06     0.8999959368938549 
2.396e-06      0.8999955583889853 
2.3985e-06     0.8999950746797032 
2.401e-06      0.8999939680275654 
2.4035e-06     0.8999879750782845 
2.406e-06      0.9000145274375303 
2.4085e-06     0.899984224441986 
2.411e-06      1.572595379677965e-05 
2.4135e-06     1.449967911273937e-05 
2.416e-06      1.329075570608508e-05 
2.4185e-06     1.268792383575121e-05 
2.421e-06      1.238001167736215e-05 
2.4235e-06     1.222732660551699e-05 
2.426e-06      1.227729869706591e-05 
2.4285e-06     1.210743334657888e-05 
2.431e-06      1.178832327218188e-05 
2.4335e-06     1.1170995626385e-05 
2.436e-06      1.141104224546827e-05 
2.4385e-06     0.9000063784363977 
2.441e-06      0.9000061557117018 
2.4435e-06     0.9000061376129426 
2.446e-06      0.9000068557503719 
2.4485e-06     0.9000075721496759 
2.451e-06      0.9000073071214626 
2.4535e-06     0.9000055807387082 
2.456e-06      0.9000044917070606 
2.4585e-06     0.9000044702117318 
2.461e-06      0.9000049778873679 
2.4635e-06     0.9000054555434072 
2.466e-06      0.9000057959754454 
2.4685e-06     0.9000059210443184 
2.471e-06      0.9000054479852987 
2.4735e-06     0.9000057402287117 
2.476e-06      0.9000053570729725 
2.4785e-06     0.9000047846432978 
2.481e-06      0.9000043846824825 
2.4835e-06     0.9000041645505751 
2.486e-06      0.9000051589027005 
2.4885e-06     0.90000755889892 
2.491e-06      0.9000074814573398 
2.4935e-06     0.9000065650883456 
2.496e-06      0.9000060981756527 
2.4985e-06     0.900006214748323 
2.501e-06      0.9000064035702008 
2.5035e-06     0.9000059288522432 
2.506e-06      0.9000060197166362 
2.5085e-06     1.196502342615351e-05 
2.511e-06      1.235811513378441e-05 
2.5135e-06     1.227421257110144e-05 
2.516e-06      1.229556201537276e-05 
2.5185e-06     1.250152923769001e-05 
2.521e-06      1.298917891582144e-05 
2.5235e-06     1.381900597402557e-05 
2.526e-06      1.489573223168124e-05 
2.5285e-06     1.582161404311885e-05 
2.531e-06      8.64726286737155e-06 
2.5335e-06     7.083662357016874e-05 
2.536e-06      0.899991136798458 
2.5385e-06     0.8999944026767457 
2.541e-06      0.8999951606548514 
2.5435e-06     0.8999956663175224 
2.546e-06      0.8999959930475248 
2.5485e-06     0.8999963850955128 
2.551e-06      0.8999966781929944 
2.5535e-06     3.195824453360937e-06 
2.556e-06      4.537546392990795e-06 
2.5585e-06     6.135069765458721e-06 
2.561e-06      -1.045606081110859e-05 
2.5635e-06     -2.864102474983787e-05 
2.566e-06      0.9000145203062568 
2.5685e-06     0.9000143969899764 
2.571e-06      0.900014311338254 
2.5735e-06     0.9000143460849354 
2.576e-06      1.868540662379685e-05 
2.5785e-06     1.901070521642849e-05 
2.581e-06      1.945762793471124e-05 
2.5835e-06     1.930563501244733e-05 
