
time (s)       VT("/I0/I6/I5/net7") (V)


2.6e-08        8.063702277785145e-06 
2.85e-08       0.8999898754387597 
3.1e-08        0.9000058122158076 
3.35e-08       0.8999903253037748 
3.6e-08        2.488945332853509e-06 
3.85e-08       3.084866768954061e-06 
4.1e-08        3.423207481304712e-06 
4.35e-08       0.8999971568683222 
4.6e-08        3.454909204936399e-06 
4.85e-08       0.8999972828397482 
5.1e-08        0.899997439993981 
5.35e-08       3.890308720023369e-06 
5.600000000000001e-08 3.939518586028444e-06 
5.85e-08       3.918001321918803e-06 
6.1e-08        0.8999976814344344 
6.350000000000001e-08 3.917915104760591e-06 
6.600000000000001e-08 0.8999977030416021 
6.850000000000001e-08 3.991535478199489e-06 
7.1e-08        0.8999977689197506 
7.35e-08       4.009097318092679e-06 
7.599999999999999e-08 3.966797199795537e-06 
7.849999999999999e-08 3.910390643217888e-06 
8.1e-08        0.8999976907623022 
8.35e-08       0.8999976440966333 
8.6e-08        0.8999976086943858 
8.85e-08       0.8999975989456046 
9.100000000000001e-08 0.8999975374548684 
9.350000000000001e-08 0.8999975734953478 
9.600000000000001e-08 0.8999975502615304 
9.850000000000002e-08 0.8999975857362199 
1.01e-07       0.899997626593556 
1.035e-07      0.8999976715972321 
1.06e-07       0.8999977377848184 
1.085e-07      4.016848379987331e-06 
1.11e-07       4.005854190919034e-06 
1.135e-07      4.010023093241559e-06 
1.16e-07       3.989556545445185e-06 
1.185e-07      0.8999977118974197 
1.21e-07       3.946712150140853e-06 
1.235e-07      0.8999976967942206 
1.26e-07       4.0229984360598e-06 
1.285e-07      0.8999976506568425 
1.31e-07       4.026731600391263e-06 
1.335e-07      3.767698454889962e-06 
1.36e-07       3.824087727110773e-06 
1.385e-07      3.674367118780191e-06 
1.41e-07       0.8999972533979019 
1.435e-07      3.200253650357126e-06 
1.46e-07       0.8999967336710645 
1.485e-07      2.641664787049051e-06 
1.51e-07       -5.6834853667636e-06 
1.535e-07      3.305948992306974e-06 
1.56e-07       0.9000185607490584 
1.585e-07      8.120579755918252e-06 
1.61e-07       0.9000027046516875 
1.635e-07      7.518788790495589e-06 
1.66e-07       6.697694628216527e-06 
1.685e-07      0.9000004983981466 
1.71e-07       0.9000003747448792 
1.735e-07      0.9000004226393755 
1.76e-07       6.722003306112091e-06 
1.785e-07      0.9000011271500115 
1.81e-07       0.900001965848984 
1.835e-07      6.538884919361037e-06 
1.86e-07       0.8999933893496612 
1.885e-07      4.942073237266172e-06 
1.91e-07       4.402849613845282e-06 
1.935e-07      0.899997829090579 
1.96e-07       0.8999978296625515 
1.985e-07      4.288086727876286e-06 
2.01e-07       0.8999979113579314 
2.035e-07      0.8999978659186268 
2.06e-07       0.8999975452266342 
2.085e-07      0.899995564976606 
2.11e-07       -1.430401759904655e-05 
2.135e-07      0.8999980987762126 
2.16e-07       7.015649411949286e-06 
2.185e-07      0.8999996048421356 
2.21e-07       5.105614956939534e-06 
2.235e-07      0.8999988459494029 
2.26e-07       4.72821634871661e-06 
2.285e-07      4.758891576432004e-06 
2.31e-07       4.74373571697325e-06 
2.335e-07      0.8999988514970458 
2.36e-07       0.8999986618091005 
2.385e-07      0.8999984936758438 
2.41e-07       0.8999985512638735 
2.435e-07      4.737292754615744e-06 
2.46e-07       0.8999986990112995 
2.485e-07      4.667717940267821e-06 
2.51e-07       0.8999987759950523 
2.535e-07      4.951517423563077e-06 
2.56e-07       0.8999984250161639 
2.585e-07      0.8999976598702325 
2.61e-07       0.8999974527441388 
2.635e-07      3.518852817879471e-06 
2.66e-07       4.176061647545803e-06 
2.685e-07      4.18018719803513e-06 
2.71e-07       4.350165142672453e-06 
2.735e-07      4.465495062414781e-06 
2.76e-07       4.805877808657631e-06 
2.785e-07      4.757938759745102e-06 
2.81e-07       4.224754954806595e-06 
2.835e-07      4.284901713455682e-06 
2.86e-07       3.902585457690324e-06 
2.885e-07      3.529993212356269e-06 
2.91e-07       0.8999974216537719 
2.935e-07      0.8999982140258938 
2.96e-07       0.8999988429867576 
2.985e-07      0.8999988517288313 
3.01e-07       4.645018352356006e-06 
3.035e-07      0.8999986806699519 
3.06e-07       4.692161546710349e-06 
3.085e-07      4.697550056529129e-06 
3.11e-07       4.454887031002767e-06 
3.135e-07      0.8999986168766968 
3.16e-07       0.8999987178955959 
3.185e-07      4.755306082442307e-06 
3.21e-07       4.764676343120421e-06 
3.235e-07      4.750853864138625e-06 
3.26e-07       0.8999988223859944 
3.285e-07      5.001969873301617e-06 
3.31e-07       0.8999994300318886 
3.335e-07      6.577528800455763e-06 
3.36e-07       7.276178299646589e-06 
3.385e-07      -9.406411558598305e-06 
3.41e-07       0.899992673444771 
3.435e-07      4.066006227138199e-06 
3.46e-07       0.8999978454590023 
3.485e-07      4.514901737738885e-06 
3.51e-07       4.334873401536961e-06 
3.535e-07      4.32383634066675e-06 
3.56e-07       4.306124530495397e-06 
3.585e-07      0.8999979254806387 
3.61e-07       4.80411460500324e-06 
3.635e-07      5.624544995600003e-06 
3.66e-07       0.8999993578397205 
3.685e-07      4.995431375661537e-06 
3.71e-07       0.9000012031893319 
3.735e-07      0.9000006765783578 
3.76e-07       6.311726613386427e-06 
3.785e-07      6.198637483385099e-06 
3.81e-07       0.9000003924367906 
3.835e-07      0.9000006523932371 
3.86e-07       0.9000009818340219 
3.885e-07      8.138865574491894e-06 
3.91e-07       8.699576336776581e-06 
3.935e-07      0.8999954186502823 
3.96e-07       -1.570582439046223e-05 
3.985e-07      0.8999856526181066 
4.01e-07       0.8999954969743497 
4.035e-07      0.8999966999371042 
4.06e-07       3.024538258532409e-06 
4.085e-07      0.8999971967918455 
4.11e-07       0.8999971452576175 
4.135e-07      0.8999974666039661 
4.16e-07       3.741559668541534e-06 
4.185e-07      3.948555625215978e-06 
4.21e-07       0.8999977436429334 
4.235e-07      3.916243435904557e-06 
4.26e-07       0.8999976778370079 
4.285e-07      3.9502239298574e-06 
4.31e-07       0.8999976927869867 
4.335e-07      3.985251000268724e-06 
4.36e-07       0.8999977677339079 
4.385e-07      4.013295480192874e-06 
4.41e-07       3.996621154020616e-06 
4.435e-07      3.935481977137235e-06 
4.46e-07       0.8999976908324465 
4.485e-07      0.8999976584694122 
4.51e-07       0.8999975963627957 
4.535e-07      0.8999975627605535 
4.56e-07       0.8999975402800477 
4.585e-07      0.8999975720406521 
4.61e-07       0.89999754445747 
4.635e-07      0.8999975763454721 
4.66e-07       0.8999976325668393 
4.685e-07      0.8999976583120558 
4.71e-07       0.8999977133539105 
4.735e-07      4.001682527673456e-06 
4.76e-07       3.989429519045826e-06 
4.785000000000001e-07 4.01036375026783e-06 
4.81e-07       3.999416755558274e-06 
4.835e-07      0.8999976984964869 
4.86e-07       3.947503094191907e-06 
4.885000000000001e-07 3.886057186974577e-06 
4.91e-07       0.8999977188618509 
4.935e-07      0.8999976737601558 
4.96e-07       4.081888043708656e-06 
4.985000000000001e-07 3.794230776422526e-06 
5.010000000000001e-07 0.8999974240924005 
5.035e-07      3.820157878617234e-06 
5.060000000000001e-07 0.8999972377423338 
5.085000000000001e-07 3.498667036732895e-06 
5.110000000000001e-07 0.899996686870256 
5.135e-07      2.840511798787566e-06 
5.16e-07       0.8999930139517063 
5.185000000000001e-07 0.8999826366896134 
5.210000000000001e-07 0.8999897585159362 
5.235e-07      0.9000047035769242 
5.26e-07       8.769209955435797e-06 
5.285000000000001e-07 7.80954230219975e-06 
5.310000000000001e-07 0.9000007782034806 
5.335000000000001e-07 0.900000456721341 
5.36e-07       0.900000391251133 
5.385e-07      0.9000003912868383 
5.410000000000001e-07 6.638479897320171e-06 
5.435000000000001e-07 0.9000008364013896 
5.46e-07       0.9000014979050033 
5.485e-07      7.616785006974402e-06 
5.510000000000001e-07 0.8999770650085172 
5.535000000000001e-07 5.226865011002502e-06 
5.560000000000001e-07 0.8999980065723409 
5.585e-07      0.8999977998327211 
5.61e-07       0.8999978265525803 
5.635000000000001e-07 4.331642045904292e-06 
5.660000000000001e-07 4.371186710555787e-06 
5.685e-07      4.515986281595059e-06 
5.71e-07       0.8999977714220319 
5.735000000000001e-07 2.641479515797076e-06 
5.760000000000001e-07 -1.015072398304602e-05 
5.785000000000001e-07 0.9000042950481607 
5.81e-07       7.492906976597468e-06 
5.835000000000001e-07 6.041795714612132e-06 
5.860000000000001e-07 5.278921866510415e-06 
5.885000000000001e-07 4.905672872471781e-06 
5.91e-07       4.753842005285911e-06 
5.935e-07      4.767861798605432e-06 
5.960000000000001e-07 4.753019569285688e-06 
5.985000000000001e-07 0.8999988587235034 
6.01e-07       0.8999987376382572 
6.035e-07      4.512148922653316e-06 
6.060000000000001e-07 0.8999985020902534 
6.085000000000001e-07 4.805124772241695e-06 
6.110000000000001e-07 4.70764154632379e-06 
6.135e-07      4.67406322523645e-06 
6.16e-07       0.8999986784289367 
6.185000000000001e-07 4.920658369600725e-06 
6.210000000000001e-07 0.8999985765087345 
6.235e-07      0.8999979373695473 
6.26e-07       0.8999974871274848 
6.285000000000001e-07 0.8999976900537995 
6.310000000000001e-07 4.075487269952804e-06 
6.335000000000001e-07 4.424736848144455e-06 
6.36e-07       4.641941889433555e-06 
6.385000000000001e-07 4.770317672595874e-06 
6.410000000000001e-07 4.492034058160028e-06 
6.435000000000001e-07 4.76528117263013e-06 
6.46e-07       4.293040873528051e-06 
6.485e-07      4.058602275773774e-06 
6.510000000000001e-07 4.015015787431713e-06 
6.535000000000001e-07 3.643897627072457e-06 
6.560000000000001e-07 0.8999973738154052 
6.585e-07      0.899997997685841 
6.610000000000001e-07 0.8999986416323965 
6.635000000000001e-07 0.8999988992946923 
6.660000000000001e-07 4.673737997147191e-06 
6.685e-07      0.8999986740629087 
6.71e-07       0.8999987546887034 
6.735000000000001e-07 4.792902152272795e-06 
6.760000000000001e-07 4.462969016305176e-06 
6.785e-07      0.8999985553557698 
6.81e-07       0.8999987192253333 
6.835000000000001e-07 4.792871918639703e-06 
6.860000000000001e-07 0.8999987682197138 
6.885000000000001e-07 0.8999987376383052 
6.91e-07       0.8999987830221823 
6.935e-07      4.920134040951711e-06 
6.960000000000001e-07 0.8999993137871943 
6.985000000000001e-07 6.21809929610637e-06 
7.01e-07       7.670409431863707e-06 
7.035e-07      -4.74163957910859e-06 
7.060000000000001e-07 -2.003639298787039e-05 
7.085000000000001e-07 0.8999967164545352 
7.110000000000001e-07 0.8999978324492627 
7.135e-07      4.520155820023797e-06 
7.160000000000001e-07 4.324541403845632e-06 
7.185000000000001e-07 4.344798350488272e-06 
7.210000000000001e-07 4.313194701421365e-06 
7.235e-07      4.364813271891143e-06 
7.26e-07       4.565585401093782e-06 
7.285000000000001e-07 0.8999985662112038 
7.310000000000001e-07 0.8999994021138146 
7.335e-07      2.710822322875277e-05 
7.36e-07       0.9000014172522399 
7.385000000000001e-07 6.833065017051438e-06 
7.410000000000001e-07 0.9000004745429946 
7.435000000000001e-07 0.9000002511466616 
7.46e-07       0.900000350074968 
7.485e-07      0.9000004423216393 
7.510000000000001e-07 0.9000007967797211 
7.535000000000001e-07 0.9000018772276128 
7.56e-07       0.9000032339535162 
7.585e-07      5.344592129346138e-06 
7.610000000000001e-07 1.834901427960259e-05 
7.635000000000001e-07 -1.375162478156385e-05 
7.660000000000001e-07 0.8999939135347375 
7.685e-07      0.8999964540424592 
7.710000000000001e-07 0.8999965033920679 
7.735000000000001e-07 0.8999970595496565 
7.760000000000001e-07 0.899996991167208 
7.785e-07      3.808660167204962e-06 
7.81e-07       3.742699429817701e-06 
7.835000000000001e-07 3.821612308519424e-06 
7.860000000000001e-07 0.8999977461334288 
7.885000000000001e-07 4.017617154527253e-06 
7.91e-07       0.8999977014871292 
7.935000000000001e-07 0.899997688533911 
7.960000000000001e-07 0.8999977191951926 
7.985000000000001e-07 3.96206299446355e-06 
8.01e-07       4.005355104459744e-06 
8.035e-07      0.8999977763904956 
8.060000000000001e-07 4.006234022643827e-06 
8.085000000000001e-07 3.96337739804412e-06 
8.11e-07       3.895335141727255e-06 
8.135e-07      3.856607873107051e-06 
8.160000000000001e-07 0.8999976055098856 
8.185000000000001e-07 0.8999975731079551 
8.210000000000001e-07 0.8999975451316667 
8.235e-07      0.8999975317055287 
8.26e-07       0.8999975390240358 
8.285000000000001e-07 0.8999975951138862 
8.310000000000001e-07 0.8999976234793775 
8.335e-07      0.8999976443157458 
8.36e-07       0.8999976958375064 
8.385000000000001e-07 3.990171874218323e-06 
8.410000000000001e-07 4.042495481413882e-06 
8.435000000000001e-07 4.004463730742386e-06 
8.46e-07       4.003474518011847e-06 
8.485000000000001e-07 3.96236028801459e-06 
8.510000000000001e-07 0.8999977180161424 
8.535000000000001e-07 3.961047830996411e-06 
8.56e-07       0.8999976751737389 
8.585e-07      0.899997701712275 
8.610000000000001e-07 4.085756730603277e-06 
8.635000000000001e-07 3.859985513550663e-06 
8.660000000000001e-07 0.8999974231170763 
8.685e-07      3.884145888932273e-06 
8.710000000000001e-07 3.421262715396429e-06 
8.735000000000001e-07 0.8999971532340854 
8.760000000000001e-07 0.8999966333225752 
8.785e-07      3.164178200436819e-06 
8.81e-07       0.8999946139888777 
8.835000000000001e-07 0.8999836191541102 
8.860000000000001e-07 0.9000062972792892 
8.885e-07      0.8999974133959012 
8.91e-07       8.727388194677627e-06 
8.935000000000001e-07 8.08717598394702e-06 
8.960000000000001e-07 0.900000909290098 
8.985000000000001e-07 6.672072054005779e-06 
9.01e-07       0.9000004264598787 
9.035000000000001e-07 0.9000003723641281 
9.060000000000001e-07 0.9000005022167221 
9.085000000000001e-07 6.889674379830287e-06 
9.11e-07       7.457797922359349e-06 
9.135e-07      0.9000023295237146 
9.160000000000001e-07 0.8999995276719006 
9.185000000000001e-07 0.8999976890889712 
9.210000000000001e-07 4.713428586782099e-06 
9.235e-07      4.303623403239179e-06 
9.260000000000001e-07 4.239038632848595e-06 
9.285000000000001e-07 0.8999978140422878 
9.310000000000001e-07 4.432505984201949e-06 
9.335e-07      4.527720490719689e-06 
9.36e-07       4.613272129075601e-06 
9.385000000000001e-07 3.668715513036078e-06 
9.410000000000001e-07 0.8999917015935379 
9.435000000000001e-07 2.260942715774441e-05 
9.46e-07       0.9000078866165397 
9.485000000000001e-07 6.432470660959165e-06 
9.510000000000001e-07 5.413371979470997e-06 
9.535000000000001e-07 4.88012991359273e-06 
9.56e-07       0.8999987659454932 
9.585e-07      4.765452970677593e-06 
9.61e-07       0.8999987640814762 
9.635e-07      0.8999988293735359 
9.659999999999999e-07 0.8999987112424496 
9.684999999999999e-07 4.566030060953826e-06 
9.710000000000001e-07 0.8999984974829801 
9.735000000000001e-07 0.8999987644252967 
9.760000000000001e-07 4.748118826133167e-06 
9.785e-07      4.696724024053122e-06 
9.81e-07       0.8999986342035252 
9.835e-07      0.8999988938404243 
9.860000000000002e-07 4.757964812372551e-06 
9.885000000000001e-07 0.8999981393636458 
9.910000000000001e-07 0.8999975267203295 
9.935000000000001e-07 0.89999741940907 
9.960000000000001e-07 3.969260057327925e-06 
9.985000000000001e-07 4.338106165289931e-06 
1.001e-06      4.596630738015909e-06 
1.0035e-06     4.727808859683658e-06 
1.006e-06      4.468845531352721e-06 
1.0085e-06     4.445601361519648e-06 
1.011e-06      4.694086857838177e-06 
1.0135e-06     4.470828203155763e-06 
1.016e-06      4.122099781052318e-06 
1.0185e-06     3.758366466842093e-06 
1.021e-06      3.3945680090504e-06 
1.0235e-06     0.8999975383184827 
1.026e-06      0.8999984626139177 
1.0285e-06     0.8999989252376929 
1.031e-06      0.8999987143475388 
1.0335e-06     4.666142391638895e-06 
1.036e-06      0.8999986966604512 
1.0385e-06     4.773423975906254e-06 
1.041e-06      4.499029269404793e-06 
1.0435e-06     4.489640581303265e-06 
1.046e-06      0.8999987059280657 
1.0485e-06     0.8999988571799205 
1.051e-06      0.8999987846053074 
1.0535e-06     0.8999987304472299 
1.056e-06      4.736391416768106e-06 
1.0585e-06     4.890788756220674e-06 
1.061e-06      5.196471354377813e-06 
1.0635e-06     0.8999997463597704 
1.066e-06      7.19961295720896e-06 
1.0685e-06     0.8999984309008607 
1.071e-06      -1.184278013060687e-05 
1.0735e-06     0.899995872435929 
1.076e-06      4.413135067358323e-06 
1.0785e-06     0.8999978482518908 
1.081e-06      0.899997842436606 
1.0835e-06     4.361949290208965e-06 
1.086e-06      4.309657932434884e-06 
1.0885e-06     4.322219997838353e-06 
1.091e-06      0.8999979198480426 
1.0935e-06     0.8999982695394717 
1.096e-06      6.506650043435334e-06 
1.0985e-06     -5.511611292046759e-06 
1.101e-06      1.256491260368414e-05 
1.1035e-06     0.9000009278023812 
1.106e-06      0.9000005374760981 
1.1085e-06     0.9000003606685896 
1.111e-06      6.327226650440754e-06 
1.1135e-06     0.900000481575337 
1.116e-06      6.709769195725555e-06 
1.1185e-06     0.9000015729356665 
1.121e-06      0.9000028411342933 
1.1235e-06     7.620026328290893e-06 
1.126e-06      0.8999917862987895 
1.1285e-06     1.33026724132186e-05 
1.131e-06      0.8999918258508529 
1.1335e-06     2.758017493921066e-06 
1.136e-06      0.8999965882582067 
1.1385e-06     3.516742261560155e-06 
1.141e-06      0.8999972411632211 
1.1435e-06     3.773006714058996e-06 
1.146e-06      0.899997416964235 
1.1485e-06     0.8999974639319425 
1.151e-06      0.8999977136700108 
1.1535e-06     3.941581345745241e-06 
1.156e-06      3.917137669813994e-06 
1.1585e-06     0.8999977014963756 
1.161e-06      3.940345807542004e-06 
1.1635e-06     3.921126846233524e-06 
1.166e-06      4.001411213498175e-06 
1.1685e-06     0.8999977763185968 
1.171e-06      4.0213880727772e-06 
1.1735e-06     3.976860664198001e-06 
1.176e-06      3.908567756100409e-06 
1.1785e-06     0.899997665836534 
1.181e-06      0.8999976183496694 
1.1835e-06     0.8999975849749714 
1.186e-06      0.8999975503886058 
1.1885e-06     0.8999975332426262 
1.191e-06      0.8999975755944851 
1.1935e-06     0.8999975889642662 
1.196e-06      0.8999975898216531 
1.1985e-06     0.8999976303237609 
1.201e-06      0.8999976787564468 
1.2035e-06     0.8999977493271488 
1.206e-06      4.018988143877665e-06 
1.2085e-06     4.016683947511441e-06 
1.211e-06      3.998835034719127e-06 
1.2135e-06     3.985249134385375e-06 
1.216e-06      0.8999977109679774 
1.2185e-06     3.954354231154604e-06 
1.221e-06      0.8999976885131551 
1.2235e-06     3.933408499177797e-06 
1.226e-06      0.8999976299124886 
1.2285e-06     3.974893820260082e-06 
1.231e-06      4.012069657815547e-06 
1.2335e-06     3.865185630415381e-06 
1.236e-06      3.596989581941338e-06 
1.2385e-06     0.8999972407249006 
1.241e-06      3.048710362461757e-06 
1.2435e-06     0.8999967132274894 
1.246e-06      2.342111492474139e-06 
1.2485e-06     0.8999883685218418 
1.251e-06      2.07431190511979e-05 
1.2535e-06     0.9000026154498577 
1.256e-06      8.687558011225378e-06 
1.2585e-06     0.9000025110965408 
1.261e-06      7.402866697350886e-06 
1.2635e-06     6.646072525263451e-06 
1.266e-06      6.481937815488754e-06 
1.2685e-06     6.363559994333096e-06 
1.271e-06      0.900000449740251 
1.2735e-06     6.64494082952708e-06 
1.276e-06      7.267036157339347e-06 
1.2785e-06     0.9000021349041947 
1.281e-06      4.117081012632253e-06 
1.2835e-06     0.8999972089374084 
1.286e-06      4.799108038291945e-06 
1.2885e-06     4.368211622404467e-06 
1.291e-06      4.163371194974535e-06 
1.2935e-06     4.260710580033705e-06 
1.296e-06      4.371325379017072e-06 
1.2985e-06     0.8999978962022841 
1.301e-06      4.588992293067201e-06 
1.3035e-06     0.8999974577187033 
1.306e-06      0.8999946220082767 
1.3085e-06     -1.270766686644316e-05 
1.311e-06      1.012666075607821e-05 
1.3135e-06     6.801162218476568e-06 
1.316e-06      0.8999995029043202 
1.3185e-06     0.8999990376766865 
1.321e-06      0.899998782030679 
1.3235e-06     4.684940397037884e-06 
1.326e-06      0.8999987382034894 
1.3285e-06     4.744514265451523e-06 
1.331e-06      0.8999988243634952 
1.3335e-06     0.8999986078297816 
1.336e-06      0.8999984781728254 
1.3385e-06     0.899998655744251 
1.341e-06      4.706314174485116e-06 
1.3435e-06     0.8999986830964866 
1.346e-06      4.671329148745383e-06 
1.3485e-06     0.8999988164068065 
1.351e-06      4.928537173195267e-06 
1.3535e-06     0.8999983002670632 
1.356e-06      0.899997598470836 
1.3585e-06     0.8999974407035913 
1.361e-06      3.855118972215891e-06 
1.3635e-06     4.239146967075908e-06 
1.366e-06      4.554886315760598e-06 
1.3685e-06     4.729730372168577e-06 
1.371e-06      4.796498022105492e-06 
1.3735e-06     4.800834936100248e-06 
1.376e-06      4.406457376545294e-06 
1.3785e-06     4.192994088832613e-06 
1.381e-06      4.235536126454332e-06 
1.3835e-06     3.870139661349705e-06 
1.386e-06      3.474844115609469e-06 
1.3885e-06     0.8999974417777041 
1.391e-06      0.8999983223441032 
1.3935e-06     0.8999989456609625 
1.396e-06      0.8999988053292852 
1.3985e-06     4.671842458591856e-06 
1.401e-06      0.8999986877628861 
1.4035e-06     4.71394066626997e-06 
1.406e-06      0.8999986685414205 
1.4085e-06     4.459020307731395e-06 
1.411e-06      0.8999986031638466 
1.4135e-06     0.8999988253888297 
1.416e-06      0.8999987974132814 
1.4185e-06     0.8999987364192539 
1.421e-06      4.687732408975861e-06 
1.4235e-06     0.8999988431225028 
1.426e-06      5.057535253647258e-06 
1.4285e-06     0.8999995067729191 
1.431e-06      0.900000608531018 
1.4335e-06     0.9000021577482943 
1.436e-06      1.287268491074406e-05 
1.4385e-06     0.899994014211758 
1.441e-06      4.168776145487909e-06 
1.4435e-06     0.8999978433592757 
1.446e-06      0.899997884396698 
1.4485e-06     4.373299902804948e-06 
1.451e-06      4.325683445909577e-06 
1.4535e-06     4.309176802612493e-06 
1.456e-06      0.8999979436618903 
1.4585e-06     4.895675656197846e-06 
1.461e-06      5.751127270340317e-06 
1.4635e-06     0.8999987712795334 
1.466e-06      9.186211971385102e-06 
1.4685e-06     0.9000011034521781 
1.471e-06      0.9000005078019753 
1.4735e-06     6.386375556189433e-06 
1.476e-06      6.185787930259291e-06 
1.4785e-06     0.9000003010113812 
1.481e-06      6.725111945900053e-06 
1.4835e-06     7.152832162561578e-06 
1.486e-06      8.293828757085824e-06 
1.4885e-06     8.651616890569864e-06 
1.491e-06      0.8999920424251966 
1.4935e-06     -3.540640909141387e-06 
1.496e-06      0.8999880585197435 
1.4985e-06     2.60381598881868e-06 
1.501e-06      0.8999967270380624 
1.5035e-06     3.193608462468868e-06 
1.506e-06      0.8999972327168537 
1.5085e-06     0.899997213627233 
1.511e-06      0.8999974631448511 
1.5135e-06     3.993721528915883e-06 
1.516e-06      3.948049805542338e-06 
1.5185e-06     3.913000123196199e-06 
1.521e-06      3.917708166305494e-06 
1.5235e-06     0.8999976909692153 
1.526e-06      3.948540128210583e-06 
1.5285e-06     0.8999976941257369 
1.531e-06      3.989912531792872e-06 
1.5335e-06     0.8999977727688104 
1.536e-06      4.005554498382604e-06 
1.5385e-06     3.989896689786889e-06 
1.541e-06      3.927801513078256e-06 
1.5435e-06     0.8999976821331431 
1.546e-06      0.8999976315955432 
1.5485e-06     0.8999975910330282 
1.551e-06      0.8999975580525541 
1.5535e-06     0.8999975379797814 
1.556e-06      0.8999975324422437 
1.5585e-06     0.8999975479189043 
1.561e-06      0.8999975806783704 
1.5635e-06     0.8999976172130921 
1.566e-06      0.8999976736092001 
1.5685e-06     0.8999977223531866 
1.571e-06      4.00485341772988e-06 
1.5735e-06     3.991404738606357e-06 
1.576e-06      4.001579110668107e-06 
1.5785e-06     3.993419344333753e-06 
1.581e-06      0.8999976889428513 
1.5835e-06     3.946933594452814e-06 
1.586e-06      0.8999976980627292 
1.5885e-06     0.8999976702989956 
1.591e-06      0.8999976610486413 
1.5935e-06     4.066278290354503e-06 
1.596e-06      3.768487755861018e-06 
1.5985e-06     0.8999974377507871 
1.601e-06      0.8999973712020591 
1.6035e-06     0.8999972507535361 
1.606e-06      3.364062726280747e-06 
1.6085e-06     0.8999967199612776 
1.611e-06      2.743601099524546e-06 
1.6135e-06     0.8999919220374947 
1.616e-06      0.8999862672130967 
1.6185e-06     0.9000102601645158 
1.621e-06      7.119483893747929e-06 
1.6235e-06     0.9000029366486805 
1.626e-06      7.655080596658291e-06 
1.6285e-06     0.9000008300386383 
1.631e-06      0.9000005242156944 
1.6335e-06     0.900000380046042 
1.636e-06      0.9000004026031957 
1.6385e-06     6.673729746246464e-06 
1.641e-06      0.9000009102803852 
1.6435e-06     0.9000018287188702 
1.646e-06      7.125684540992026e-06 
1.6485e-06     0.8999907834324418 
1.651e-06      4.877750183285586e-06 
1.6535e-06     4.450692135557926e-06 
1.656e-06      0.8999978236781596 
1.6585e-06     0.8999978258866663 
1.661e-06      4.338792355051537e-06 
1.6635e-06     4.472819744578987e-06 
1.666e-06      4.57078706416448e-06 
1.6685e-06     0.8999976224128003 
1.671e-06      0.8999960197483332 
1.6735e-06     -1.40412097302864e-05 
1.676e-06      0.9000050030801062 
1.6785e-06     7.250464754829153e-06 
1.681e-06      5.871374336972296e-06 
1.6835e-06     5.185629386487996e-06 
1.686e-06      0.8999988267826742 
1.6885e-06     4.734569904726035e-06 
1.691e-06      4.762910640861052e-06 
1.6935e-06     4.744789696439072e-06 
1.696e-06      0.8999988638748645 
1.6985e-06     0.8999987089150198 
1.701e-06      4.49083264333487e-06 
1.7035e-06     0.8999985220623199 
1.706e-06      4.770141617643627e-06 
1.7085e-06     0.8999986942602062 
1.711e-06      4.666191534048087e-06 
1.7135e-06     0.899998729254899 
1.716e-06      4.936265376428495e-06 
1.7185e-06     0.8999984719711355 
1.721e-06      0.8999978310156693 
1.7235e-06     0.8999974595642524 
1.726e-06      3.742115850469651e-06 
1.7285e-06     4.123650248341331e-06 
1.731e-06      4.477976991681898e-06 
1.7335e-06     4.682631971211332e-06 
1.736e-06      4.781258556849695e-06 
1.7385e-06     4.471061503455813e-06 
1.741e-06      4.430533602246241e-06 
1.7435e-06     4.253862371938743e-06 
1.746e-06      4.332809318047208e-06 
1.7485e-06     3.958872361838361e-06 
1.751e-06      3.586387579470537e-06 
1.7535e-06     0.8999973949749016 
1.756e-06      0.8999980803341577 
1.7585e-06     0.8999987324522646 
1.761e-06      0.8999988922022586 
1.7635e-06     4.659029752225719e-06 
1.766e-06      0.8999986893429764 
1.7685e-06     0.8999987751520385 
1.771e-06      4.742572826636813e-06 
1.7735e-06     4.452886225721968e-06 
1.776e-06      0.8999985852890221 
1.7785e-06     0.899998712356284 
1.781e-06      4.773285261569225e-06 
1.7835e-06     0.8999987616753186 
1.786e-06      4.763824119857503e-06 
1.7885e-06     0.8999988042075004 
1.791e-06      4.96081224504458e-06 
1.7935e-06     0.8999993563019634 
1.796e-06      6.396885829635672e-06 
1.7985e-06     7.522387119539914e-06 
1.801e-06      1.578283573243613e-05 
1.8035e-06     -1.552904630863109e-05 
1.806e-06      0.89999710862655 
1.8085e-06     0.8999978299616967 
1.811e-06      4.481600893860355e-06 
1.8135e-06     4.35426587840536e-06 
1.816e-06      4.333063084644755e-06 
1.8185e-06     4.309127711777568e-06 
1.821e-06      0.8999978871960549 
1.8235e-06     4.601820708926335e-06 
1.826e-06      5.636729967787834e-06 
1.8285e-06     0.899999372205492 
1.831e-06      -4.466749382867342e-06 
1.8335e-06     0.9000013030978423 
1.836e-06      6.776270150104328e-06 
1.8385e-06     6.344097501394698e-06 
1.841e-06      6.312199069989535e-06 
1.8435e-06     0.900000365543925 
1.846e-06      0.9000005988293029 
1.8485e-06     0.9000010604554498 
1.851e-06      7.99749809930194e-06 
1.8535e-06     0.9000033788287103 
1.856e-06      0.8999986598259705 
1.8585e-06     8.263088109954744e-06 
1.861e-06      -2.267125890413473e-05 
1.8635e-06     0.8999946359252917 
1.866e-06      0.899996606752288 
1.8685e-06     0.8999964606855828 
1.871e-06      0.8999971480452775 
1.8735e-06     0.8999970494878267 
1.876e-06      0.8999974590834759 
1.8785e-06     3.721394094193381e-06 
1.881e-06      3.854989914233986e-06 
1.8835e-06     0.8999976292917046 
1.886e-06      3.987090190788385e-06 
1.8885e-06     0.8999976684083908 
1.891e-06      0.8999976963796873 
1.8935e-06     0.8999976929776718 
1.896e-06      3.9718139548833e-06 
1.8985e-06     0.8999977566661002 
1.901e-06      4.01426278232683e-06 
1.9035e-06     4.001482785498942e-06 
1.906e-06      3.952300427632178e-06 
1.9085e-06     0.8999976995135455 
1.911e-06      3.81406886463398e-06 
1.9135e-06     0.8999975998054319 
1.916e-06      0.8999975675985644 
1.9185e-06     0.8999975424398821 
1.921e-06      0.8999975734499533 
1.9235e-06     0.8999975414540404 
1.926e-06      0.8999975986487417 
1.9285e-06     0.8999976288509507 
1.931e-06      0.8999976519074636 
1.9335e-06     0.899997704450631 
1.936e-06      4.00960037184959e-06 
1.9385e-06     3.996086594821135e-06 
1.941e-06      4.009660696029906e-06 
1.9435e-06     4.000125827448999e-06 
1.946e-06      0.8999977227239672 
1.9485e-06     3.972879900125534e-06 
1.951e-06      3.96381261000241e-06 
1.9535e-06     0.8999976797297324 
1.956e-06      0.8999976894559921 
1.9585e-06     4.088948069649272e-06 
1.961e-06      3.822227737949617e-06 
1.9635e-06     0.8999974196968895 
1.966e-06      3.877626153643603e-06 
1.9685e-06     3.341161983669514e-06 
1.971e-06      3.595230947144248e-06 
1.9735e-06     0.8999966662787655 
1.976e-06      2.975337424610566e-06 
1.9785e-06     0.8999938291900534 
1.981e-06      0.8999815584942724 
1.9835e-06     0.8999973091590093 
1.986e-06      0.9000005611727339 
1.9885e-06     8.757625563225296e-06 
1.991e-06      7.937392412256871e-06 
1.9935e-06     0.9000009991444942 
1.996e-06      0.9000004968330224 
1.9985e-06     0.9000004136283146 
2.001e-06      0.9000003841700309 
2.0035e-06     0.9000005393394626 
2.006e-06      6.957659614207167e-06 
2.0085e-06     7.438305074397169e-06 
2.011e-06      7.958729964867959e-06 
2.0135e-06     0.9000031355290997 
2.016e-06      5.184473987174468e-06 
2.0185e-06     0.8999980449523888 
2.021e-06      4.285415865809597e-06 
2.0235e-06     4.244171023286682e-06 
2.026e-06      0.8999978160685389 
2.0285e-06     4.472986188841199e-06 
2.031e-06      4.688296513462154e-06 
2.0335e-06     4.533918378734795e-06 
2.036e-06      3.216905958238769e-06 
2.0385e-06     0.8999898175659224 
2.041e-06      0.9000019829571603 
2.0435e-06     0.9000084679587574 
2.046e-06      6.250243677470367e-06 
2.0485e-06     5.33025967681112e-06 
2.051e-06      4.908015340843175e-06 
2.0535e-06     4.730033376706915e-06 
2.056e-06      4.771970364971893e-06 
2.0585e-06     0.899998769114905 
2.061e-06      0.899998845815258 
2.0635e-06     0.8999987210545041 
2.066e-06      4.537148359024633e-06 
2.0685e-06     0.8999984841854386 
2.071e-06      4.612884538042116e-06 
2.0735e-06     4.731085852386932e-06 
2.076e-06      4.685889364822402e-06 
2.0785e-06     0.8999986517035119 
2.081e-06      0.8999989017612198 
2.0835e-06     4.631162790548811e-06 
2.086e-06      0.8999980220913257 
2.0885e-06     0.8999975002957867 
2.091e-06      0.8999974295616517 
2.0935e-06     4.027919297233332e-06 
2.096e-06      4.381741779943488e-06 
2.0985e-06     4.627462831268475e-06 
2.101e-06      4.755849710439328e-06 
2.1035e-06     4.471807796833724e-06 
2.106e-06      4.460427082054467e-06 
2.1085e-06     4.29565791323624e-06 
2.111e-06      4.417898758097835e-06 
2.1135e-06     4.070356446260687e-06 
2.116e-06      3.700438954552957e-06 
2.1185e-06     0.8999973528735159 
2.121e-06      0.8999976017474666 
2.1235e-06     0.89999856308832 
2.126e-06      0.8999989106274037 
2.1285e-06     0.8999986651289633 
2.131e-06      4.675704036597187e-06 
2.1335e-06     0.8999987228276716 
2.136e-06      4.808432578238773e-06 
2.1385e-06     4.477514170215092e-06 
2.141e-06      0.899998532683102 
2.1435e-06     0.8999987358687428 
2.146e-06      4.808113503900139e-06 
2.1485e-06     0.8999987769401783 
2.151e-06      0.8999987406368583 
2.1535e-06     4.759553884141249e-06 
2.156e-06      4.915408371699853e-06 
2.1585e-06     0.8999992525673893 
2.161e-06      6.046349533785577e-06 
2.1635e-06     7.439260592398102e-06 
2.166e-06      -2.499635444610039e-06 
2.1685e-06     -1.979817260238094e-05 
2.171e-06      0.8999963080736791 
2.1735e-06     0.8999977099021844 
2.176e-06      4.497362157058708e-06 
2.1785e-06     0.8999978762856423 
2.181e-06      4.354069540672772e-06 
2.1835e-06     4.319803803762956e-06 
2.186e-06      4.345736584793558e-06 
2.1885e-06     0.899998031147097 
2.191e-06      0.8999983456929056 
2.1935e-06     6.748331488887257e-06 
2.196e-06      -7.32914508286802e-06 
2.1985e-06     1.324912297075577e-05 
2.201e-06      0.9000008475649098 
2.2035e-06     0.9000005221207753 
2.206e-06      0.9000003454100673 
2.2085e-06     6.338657010299669e-06 
2.211e-06      0.9000005148012334 
2.2135e-06     0.9000008534284952 
2.216e-06      0.900001730285806 
2.2185e-06     0.9000030632305671 
2.221e-06      6.566111930266514e-06 
2.2235e-06     0.9000056907701623 
2.226e-06      1.210326505714776e-06 
2.2285e-06     0.8999929305583495 
2.231e-06      0.8999963457447185 
2.2335e-06     0.8999965482548004 
2.236e-06      3.500099760768837e-06 
2.2385e-06     0.8999972256430371 
2.241e-06      3.806170029632893e-06 
2.2435e-06     3.748792556563013e-06 
2.246e-06      3.788817059321604e-06 
2.2485e-06     0.8999977342044662 
2.251e-06      3.958912835859232e-06 
2.2535e-06     0.8999977131265066 
2.256e-06      0.8999976907290591 
2.2585e-06     0.8999976926128203 
2.261e-06      3.940661773514468e-06 
2.2635e-06     4.003605941138998e-06 
2.266e-06      0.8999977736519071 
2.2685e-06     4.007552777675748e-06 
2.271e-06      3.970357107471253e-06 
2.2735e-06     3.895437632420771e-06 
2.276e-06      0.8999976572835979 
2.2785e-06     0.8999976120309993 
2.281e-06      0.8999975788363189 
2.2835e-06     0.899997548149257 
2.286e-06      0.8999975893820252 
2.2885e-06     0.8999975366086491 
2.291e-06      0.8999975603814947 
2.2935e-06     0.8999975949567244 
2.296e-06      0.8999976371875651 
2.2985e-06     0.8999976872259668 
2.301e-06      0.8999977595193929 
2.3035e-06     4.031477451759894e-06 
2.306e-06      4.013073228804833e-06 
2.3085e-06     4.00009409128208e-06 
2.311e-06      3.973883304981356e-06 
2.3135e-06     0.8999976896805796 
2.316e-06      3.966074860439023e-06 
2.3185e-06     0.8999976842726375 
2.321e-06      0.8999976547189174 
2.3235e-06     0.8999977410575118 
2.326e-06      3.952060704566614e-06 
2.3285e-06     3.762009651483128e-06 
2.331e-06      3.882732342574899e-06 
2.3335e-06     3.516238818654597e-06 
2.336e-06      0.8999972093549578 
2.3385e-06     0.8999966026666524 
2.341e-06      0.8999967198259347 
2.3435e-06     1.371199101897754e-06 
2.346e-06      0.8999862192738528 
2.3485e-06     2.615923634717962e-05 
2.351e-06      0.8999952649638863 
2.3535e-06     8.69041374324951e-06 
2.356e-06      0.9000022860715011 
2.3585e-06     7.299771592246926e-06 
2.361e-06      6.59622111977636e-06 
2.3635e-06     0.9000004480566794 
2.366e-06      0.9000003669139058 
2.3685e-06     0.9000004791556035 
2.371e-06      6.836659730577759e-06 
2.3735e-06     7.355095235669761e-06 
2.376e-06      0.9000023165157955 
2.3785e-06     0.8999912062261354 
2.381e-06      0.8999976020904896 
2.3835e-06     4.792269230238875e-06 
2.386e-06      4.341830495473913e-06 
2.3885e-06     4.237289317927284e-06 
2.391e-06      0.8999977879327553 
2.3935e-06     4.401518957179705e-06 
2.396e-06      0.8999978954833113 
2.3985e-06     4.610048971319357e-06 
2.401e-06      4.03707804718516e-06 
2.4035e-06     0.8999932459458039 
2.406e-06      4.402771721076033e-06 
2.4085e-06     0.9000069287325048 
2.411e-06      6.613891120693173e-06 
2.4135e-06     0.8999994199243039 
2.416e-06      4.914774543995881e-06 
2.4185e-06     0.8999987774400717 
2.421e-06      4.751812245518828e-06 
2.4235e-06     0.8999987429151728 
2.426e-06      4.75934134361299e-06 
2.4285e-06     4.676263206577916e-06 
2.431e-06      4.592878751020914e-06 
2.4335e-06     0.8999984731195659 
2.436e-06      0.8999987153962243 
2.4385e-06     4.758677881863982e-06 
2.441e-06      4.689158431631487e-06 
2.4435e-06     4.64878450761048e-06 
2.446e-06      0.8999988627457215 
2.4485e-06     4.849497128281812e-06 
2.451e-06      0.8999982455090721 
2.4535e-06     0.8999975673973634 
2.456e-06      0.8999974241273176 
2.4585e-06     3.911663090790308e-06 
2.461e-06      4.289425184648764e-06 
2.4635e-06     4.564211825178951e-06 
2.466e-06      4.747680608297446e-06 
2.4685e-06     4.801888740736796e-06 
2.471e-06      4.479747782704798e-06 
2.4735e-06     4.71770170718359e-06 
2.476e-06      4.509726627651723e-06 
2.4785e-06     4.174072806149798e-06 
2.481e-06      3.811829127073124e-06 
2.4835e-06     3.421018893727303e-06 
2.486e-06      0.8999974706483057 
2.4885e-06     0.8999984315952724 
2.491e-06      0.8999989330195101 
2.4935e-06     0.8999987642310829 
2.496e-06      4.666109955634432e-06 
2.4985e-06     0.8999987024355546 
2.501e-06      4.741518828276763e-06 
2.5035e-06     0.8999985565683128 
2.506e-06      4.471475379364513e-06 
2.5085e-06     0.8999986809752649 
2.511e-06      0.8999988507823617 
2.5135e-06     0.8999987924610193 
2.516e-06      0.899998734466715 
2.5185e-06     4.692710889203336e-06 
2.521e-06      0.8999988534296077 
2.5235e-06     5.117603394232373e-06 
2.526e-06      0.8999996211961772 
2.5285e-06     6.963673850999067e-06 
2.531e-06      0.9000007104712634 
2.5335e-06     8.727845285718724e-06 
2.536e-06      0.8999953715687127 
2.5385e-06     4.200743976825023e-06 
2.541e-06      0.8999978469422346 
2.5435e-06     0.8999978809240828 
2.546e-06      0.8999978595798112 
2.5485e-06     0.8999978655872466 
2.551e-06      4.31820361469585e-06 
2.5535e-06     0.899997971618009 
2.556e-06      0.8999982848216808 
2.5585e-06     6.229262655230522e-06 
2.561e-06      0.8999965888782562 
2.5635e-06     1.177576801120093e-05 
2.566e-06      0.9000010126942 
2.5685e-06     0.9000005808899245 
2.571e-06      0.9000003692082825 
2.5735e-06     0.9000003309560535 
2.576e-06      0.9000004395987579 
2.5785e-06     6.646952281499832e-06 
2.581e-06      0.9000014304188547 
2.5835e-06     8.455429946453925e-06 
