
time (s)       VT("/out") (V)


2.6e-08        0.6033792577822003 
2.85e-08       0.6210426683439064 
3.1e-08        0.6352012735854802 
3.35e-08       0.6212772938320508 
3.6e-08        0.6386972330410347 
3.85e-08       0.6598458073132786 
4.1e-08        0.6740165846194421 
4.35e-08       0.6916375256408508 
4.6e-08        0.705782166332572 
4.85e-08       0.7198984183866132 
5.1e-08        0.730517343993947 
5.35e-08       0.7516118239754787 
5.600000000000001e-08 0.7657796445344326 
5.85e-08       0.772890045611148 
6.1e-08        0.7729411764705882 
6.350000000000001e-08 0.7869564433626125 
6.600000000000001e-08 0.7905623907528981 
6.850000000000001e-08 0.8046024014134968 
7.1e-08        0.8117134812600783 
7.35e-08       0.8222751013589422 
7.599999999999999e-08 0.8293606519942172 
7.849999999999999e-08 0.8294117647058823 
8.1e-08        0.8399232685468798 
8.35e-08       0.8400000000000001 
8.6e-08        0.8435033753096665 
8.85e-08       0.8470327741461412 
9.100000000000001e-08 0.8505621836466583 
9.350000000000001e-08 0.8505882352941176 
9.600000000000001e-08 0.8505882352941176 
9.850000000000002e-08 0.8505882352941176 
1.01e-07       0.8470848847122374 
1.035e-07      0.8435554651801851 
1.06e-07       0.8400260550240025 
1.085e-07      0.8364966567339985 
1.11e-07       0.8294639033978746 
1.135e-07      0.8294117647058823 
1.16e-07       0.8259084004285522 
1.185e-07      0.811869024323876 
1.21e-07       0.8047579815486415 
1.235e-07      0.7906925502164067 
1.26e-07       0.7870848778860164 
1.285e-07      0.7730444325367547 
1.31e-07       0.7729411764705882 
1.335e-07      0.7659344476057103 
1.36e-07       0.7518689943121735 
1.385e-07      0.7377501683761527 
1.41e-07       0.7236335997601272 
1.435e-07      0.7060127370510443 
1.46e-07       0.6918689805889467 
1.485e-07      0.6742480118549944 
1.51e-07       0.6600970680402843 
1.535e-07      0.6389784137340015 
1.56e-07       0.621308784146486 
1.585e-07      0.6386931990370017 
1.61e-07       0.6212947926034856 
1.635e-07      0.6036597694843326 
1.66e-07       0.5825073567199749 
1.685e-07      0.5578294917438563 
1.71e-07       0.5436322785546781 
1.735e-07      0.5224957675070913 
1.76e-07       0.5118428931542721 
1.785e-07      0.4872244981239562 
1.81e-07       0.4660386586094294 
1.835e-07      0.4483639208845291 
1.86e-07       0.4272058661606862 
1.885e-07      0.5041326346338506 
1.91e-07       0.4346317613535243 
1.935e-07      0.4130973126864963 
1.96e-07       0.3884176514873181 
1.985e-07      0.3777246173617558 
2.01e-07       0.3636336165874683 
2.035e-07      0.338989092749082 
2.06e-07       0.3213053836448331 
2.085e-07      0.2966502634293177 
2.11e-07       0.2859596575897231 
2.135e-07      0.261358847264571 
2.16e-07       0.2786927483332086 
2.185e-07      0.2648091338086108 
2.21e-07       0.2471890722605137 
2.235e-07      0.229542013672147 
2.26e-07       0.2083917146236637 
2.285e-07      0.2012280426450675 
2.31e-07       0.1801564395178455 
2.335e-07      0.162481274096826 
2.36e-07       0.1483410624863642 
2.385e-07      0.1342218492987267 
2.41e-07       0.1271110857551876 
2.435e-07      0.1305621895096594 
2.46e-07       0.1130715294071429 
2.485e-07      0.1094378266217086 
2.51e-07       0.09890169731652115 
2.535e-07      0.08831447966317368 
2.56e-07       0.07772442109352769 
2.585e-07      0.07064018077359478 
2.61e-07       0.07058823529411765 
2.635e-07      0.0600784442708849 
2.66e-07       0.06           
2.685e-07      0.05649449398423796 
2.71e-07       0.05296724983371165 
2.735e-07      0.04943783624991924 
2.76e-07       0.04941176470588236 
2.785e-07      0.04941176470588236 
2.81e-07       0.04941176470588236 
2.835e-07      0.04941176470588236 
2.86e-07       0.05291511841713784 
2.885e-07      0.05994787306014112 
2.91e-07       0.06           
2.935e-07      0.07051004107402524 
2.96e-07       0.07058823529411765 
2.985e-07      0.07409323521394119 
3.01e-07       0.08462762024695038 
3.035e-07      0.09171256556892815 
3.06e-07       0.1057797738988653 
3.085e-07      0.1163923866792906 
3.11e-07       0.1269806366196992 
3.135e-07      0.137569678755506 
3.16e-07       0.1306403846299699 
3.185e-07      0.1481062224580199 
3.21e-07       0.1657520961052506 
3.235e-07      0.1763923891320588 
3.26e-07       0.1904839065512551 
3.285e-07      0.2081049160159721 
3.31e-07       0.2222486945014923 
3.335e-07      0.243372990410278 
3.36e-07       0.2575427329867362 
3.385e-07      0.2786669950761732 
3.41e-07       0.2613058492269598 
3.435e-07      0.2751911289536623 
3.46e-07       0.2963141825205871 
3.485e-07      0.3175029051854196 
3.51e-07       0.3421724683520563 
3.535e-07      0.3563663832842865 
3.56e-07       0.3774902067206182 
3.585e-07      0.3881570720532102 
3.61e-07       0.4057618614674093 
3.635e-07      0.4339118469076672 
3.66e-07       0.4481392527770504 
3.685e-07      0.4727800057100969 
3.71e-07       0.3958676240588777 
3.735e-07      0.4653607706678385 
3.76e-07       0.4834006737079085 
3.785e-07      0.511572646052689 
3.81e-07       0.5222747294838931 
3.835e-07      0.5293596655440443 
3.86e-07       0.5539371022060415 
3.885e-07      0.5751377809721471 
3.91e-07       0.5998282993020435 
3.935e-07      0.614013428628206 
3.96e-07       0.6386434635471886 
3.985e-07      0.621306870312509 
4.01e-07       0.631693470115046 
4.035e-07      0.6527848652016575 
4.06e-07       0.6704578727107681 
4.085e-07      0.6846016563637152 
4.11e-07       0.6987192125969898 
4.135e-07      0.7163401854838655 
4.16e-07       0.7374932621203554 
4.185e-07      0.7481571215138296 
4.21e-07       0.7587453435538691 
4.235e-07      0.7728368547280778 
4.26e-07       0.7694377730833232 
4.285e-07      0.7834261766218659 
4.31e-07       0.7870327500340201 
4.335e-07      0.8010738102861138 
4.36e-07       0.8116865193841913 
4.385e-07      0.8222747787105871 
4.41e-07       0.8293596158643347 
4.435e-07      0.8294117647058823 
4.46e-07       0.8399217959344376 
4.485e-07      0.8400000000000001 
4.51e-07       0.8435033578892335 
4.535e-07      0.847032743703991 
4.56e-07       0.8505621781869612 
4.585e-07      0.8505882352941176 
4.61e-07       0.8505882352941176 
4.635e-07      0.8505882352941176 
4.66e-07       0.8505882352941176 
4.685e-07      0.8470848985828883 
4.71e-07       0.840051819110032 
4.735e-07      0.8400000000000001 
4.76e-07       0.8294890517602705 
4.785000000000001e-07 0.8294117647058823 
4.81e-07       0.8294117647058823 
4.835e-07      0.8153983341103435 
4.86e-07       0.8082874504315836 
4.885000000000001e-07 0.7977252494203492 
4.91e-07       0.7836321284262839 
4.935e-07      0.7765222492264566 
4.96e-07       0.7659605483039781 
4.985000000000001e-07 0.7728890360293753 
5.010000000000001e-07 0.7554243838680401 
5.035e-07      0.7412806958564111 
5.060000000000001e-07 0.7236596741969424 
5.085000000000001e-07 0.709515971437446 
5.110000000000001e-07 0.6918951261379186 
5.135e-07      0.6812546732360428 
5.16e-07       0.6566530527701979 
5.185000000000001e-07 0.6424571786409895 
5.210000000000001e-07 0.6213329199694999 
5.235e-07      0.6211764705882353 
5.26e-07       0.6351955634134372 
5.285000000000001e-07 0.6037640577783457 
5.310000000000001e-07 0.5860111019486871 
5.335000000000001e-07 0.5613568846199032 
5.36e-07       0.5436596880573379 
5.385e-07      0.5225094071620217 
5.410000000000001e-07 0.5118428551802899 
5.435000000000001e-07 0.4977438139965208 
5.46e-07       0.4696180973393325 
5.485e-07      0.4553971105307834 
5.510000000000001e-07 0.4307706308315978 
5.535000000000001e-07 0.5041588271125064 
5.560000000000001e-07 0.4451440008421193 
5.585e-07      0.4201642219327079 
5.61e-07       0.3954640539669779 
5.635000000000001e-07 0.3777662792499633 
5.660000000000001e-07 0.3741433968875517 
5.685e-07      0.3495919448930007 
5.71e-07       0.3283901073708926 
5.735000000000001e-07 0.310718535439088 
5.760000000000001e-07 0.2860647282854383 
5.785000000000001e-07 0.2648607137974372 
5.81e-07       0.2787192923457424 
5.835000000000001e-07 0.2718168091741559 
5.860000000000001e-07 0.2507430789147088 
5.885000000000001e-07 0.2365737398962974 
5.91e-07       0.2154504161636013 
5.935e-07      0.2047840586798455 
5.960000000000001e-07 0.1871890886786771 
5.985000000000001e-07 0.1660369774441897 
6.01e-07       0.1553653012927764 
6.035e-07      0.1412807582460782 
6.060000000000001e-07 0.1271613095153 
6.085000000000001e-07 0.1305621656301299 
6.110000000000001e-07 0.1200782293320797 
6.135e-07      0.1129933198955579 
6.16e-07       0.0989277648854478 
6.185000000000001e-07 0.09181686514922488 
6.210000000000001e-07 0.08125468423554834 
6.235e-07      0.07066644614507774 
6.26e-07       0.07058823529411765 
6.285000000000001e-07 0.0635815128048255 
6.310000000000001e-07 0.06002606541009147 
6.335000000000001e-07 0.05649642968853753 
6.36e-07       0.05296725362790088 
6.385000000000001e-07 0.04943616826384208 
6.410000000000001e-07 0.04941176470588236 
6.435000000000001e-07 0.04941176470588236 
6.46e-07       0.04941176470588236 
6.485e-07      0.04941176470588236 
6.510000000000001e-07 0.05291510425891312 
6.535000000000001e-07 0.05644452662329863 
6.560000000000001e-07 0.05997393119893096 
6.585e-07      0.07051683552970027 
6.610000000000001e-07 0.07058823529411765 
6.635000000000001e-07 0.07058823529411765 
6.660000000000001e-07 0.0846015677539947 
6.685e-07      0.09171255927550526 
6.71e-07       0.1022747443554266 
6.735000000000001e-07 0.1163663273872354 
6.760000000000001e-07 0.1199739370793898 
6.785e-07      0.1340134046926131 
6.81e-07       0.1271111986104078 
6.835000000000001e-07 0.1445755716829264 
6.860000000000001e-07 0.1587193030967803 
6.885000000000001e-07 0.1693335592811903 
6.91e-07       0.1834261963382293 
6.935e-07      0.2080528794784355 
6.960000000000001e-07 0.2187453315920307 
6.985000000000001e-07 0.2398436202445156 
7.01e-07       0.2540134455016516 
7.035e-07      0.2751393162446403 
7.060000000000001e-07 0.2787974618546638 
7.085000000000001e-07 0.2613067685996373 
7.110000000000001e-07 0.2892211343694168 
7.135e-07      0.3104319336453779 
7.160000000000001e-07 0.3351334123852457 
7.185000000000001e-07 0.3528121159375585 
7.210000000000001e-07 0.3774646626805144 
7.235e-07      0.3776470588235294 
7.26e-07       0.4021813997127091 
7.285000000000001e-07 0.4198798909846251 
7.310000000000001e-07 0.4445235307674719 
7.335e-07      0.4692439994961617 
7.36e-07       0.3958418109470586 
7.385000000000001e-07 0.454876778930443 
7.410000000000001e-07 0.4728219550238751 
7.435000000000001e-07 0.4974857395461381 
7.46e-07       0.5221703575713303 
7.485e-07      0.5223529411764707 
7.510000000000001e-07 0.5468784762951961 
7.535000000000001e-07 0.5645771656419916 
7.56e-07       0.5892315348738758 
7.585e-07      0.6069361355791881 
7.610000000000001e-07 0.6315931741991851 
7.635000000000001e-07 0.6457852047607784 
7.660000000000001e-07 0.6213589509096895 
7.685e-07      0.6456999452905685 
7.710000000000001e-07 0.6598957853813542 
7.735000000000001e-07 0.6775284767272512 
7.760000000000001e-07 0.6916603980218475 
7.785e-07      0.7163027871368751 
7.81e-07       0.7304851064258772 
7.835000000000001e-07 0.7410982621803546 
7.860000000000001e-07 0.7551899076247258 
7.885000000000001e-07 0.7728108175243479 
7.91e-07       0.7694378244060832 
7.935000000000001e-07 0.7799269477483571 
7.960000000000001e-07 0.7835033471603886 
7.985000000000001e-07 0.7975441324822881 
8.01e-07       0.8081570880638772 
8.035e-07      0.8152419891484336 
8.060000000000001e-07 0.8293074970449478 
8.085000000000001e-07 0.8294117647058823 
8.11e-07       0.8364190035843351 
8.135e-07      0.839975383409781 
8.160000000000001e-07 0.8435033279890239 
8.185000000000001e-07 0.8470327495015864 
8.210000000000001e-07 0.8505621808930764 
8.235e-07      0.8505882352941176 
8.26e-07       0.8505882352941176 
8.285000000000001e-07 0.8505882352941176 
8.310000000000001e-07 0.8505882352941176 
8.335e-07      0.8470844453764326 
8.36e-07       0.8435554665803106 
8.385000000000001e-07 0.8435294117647059 
8.410000000000001e-07 0.8365226887681956 
8.435000000000001e-07 0.8294591934742804 
8.46e-07       0.8294117647058823 
8.485000000000001e-07 0.818901690782768 
8.510000000000001e-07 0.8083125775229976 
8.535000000000001e-07 0.8012286083589454 
8.56e-07       0.7836597444393475 
8.585e-07      0.7800260721650161 
8.610000000000001e-07 0.769489046014351 
8.635000000000001e-07 0.7729151032980101 
8.660000000000001e-07 0.7589277292532406 
8.685e-07      0.7448101494825005 
8.710000000000001e-07 0.7341958040354022 
8.735000000000001e-07 0.7130976517543143 
8.760000000000001e-07 0.6954245229733474 
8.785e-07      0.6812806813497231 
8.81e-07       0.6636596856321861 
8.835000000000001e-07 0.6495159648619133 
8.860000000000001e-07 0.6283916329629932 
8.885e-07      0.6212279466596515 
8.91e-07       0.6386946583843762 
8.935000000000001e-07 0.6107964104762692 
8.960000000000001e-07 0.5895661473974545 
8.985000000000001e-07 0.5718949550324508 
9.01e-07       0.5507430947878876 
9.035000000000001e-07 0.5260647362466887 
9.060000000000001e-07 0.5223790219636567 
9.085000000000001e-07 0.5048243537359345 
9.11e-07       0.4801823689840476 
9.135e-07      0.4659853267949214 
9.160000000000001e-07 0.4343521139595544 
9.185000000000001e-07 0.4166009343533781 
9.210000000000001e-07 0.4970484251875794 
9.235e-07      0.4345811860221678 
9.260000000000001e-07 0.4060905726867906 
9.285000000000001e-07 0.3813586691514701 
9.310000000000001e-07 0.3776731142539604 
9.335e-07      0.3566269192171156 
9.36e-07       0.3389523743201008 
9.385000000000001e-07 0.314298224013813 
9.410000000000001e-07 0.296600928279324 
9.435000000000001e-07 0.2754487819574691 
9.46e-07       0.2542738083398156 
9.485000000000001e-07 0.2786410847998895 
9.510000000000001e-07 0.257803382257247 
9.535000000000001e-07 0.243633677369899 
9.56e-07       0.2190059192219899 
9.585e-07      0.2083135480725194 
9.61e-07       0.1907185320104262 
9.635e-07      0.1695663965558722 
9.659999999999999e-07 0.1589017113294535 
9.684999999999999e-07 0.1448101311114711 
9.710000000000001e-07 0.1271871802878864 
9.735000000000001e-07 0.1340661206021265 
9.760000000000001e-07 0.1236076079562103 
9.785e-07      0.116522725797732 
9.81e-07       0.1024572805411712 
9.835e-07      0.09184292895681384 
9.860000000000002e-07 0.08475738306004536 
9.885000000000001e-07 0.0706925509538847 
9.910000000000001e-07 0.07058823529411765 
9.935000000000001e-07 0.07058823529411765 
9.960000000000001e-07 0.06007822091175634 
9.985000000000001e-07 0.06           
1.001e-06      0.05299333087572373 
1.0035e-06     0.04943550558232757 
1.006e-06      0.04941176470588236 
1.0085e-06     0.04941176470588236 
1.011e-06      0.04941176470588236 
1.0135e-06     0.04941176470588236 
1.016e-06      0.05291510053855047 
1.0185e-06     0.05644654012753784 
1.021e-06      0.05997392346087056 
1.0235e-06     0.06350334711802216 
1.026e-06      0.07053609182462194 
1.0285e-06     0.07058823529411765 
1.031e-06      0.07759489687191182 
1.0335e-06     0.09166171451505147 
1.036e-06      0.09877137695366101 
1.0385e-06     0.1128368959764782 
1.041e-06      0.1199478746370652 
1.0435e-06     0.1305099849326319 
1.046e-06      0.1270853140578272 
1.0485e-06     0.1375688431704755 
1.051e-06      0.1516604235273903 
1.0535e-06     0.1622747148475257 
1.056e-06      0.183373058327137 
1.0585e-06     0.2010461950990557 
1.061e-06      0.2151979163182655 
1.0635e-06     0.229307535441165 
1.066e-06      0.2469285655585788 
1.0685e-06     0.2645754816124728 
1.071e-06      0.2787191900383527 
1.0735e-06     0.2613068335133003 
1.076e-06      0.285714886245673 
1.0785e-06     0.3033991601861379 
1.081e-06      0.3245495340439585 
1.0835e-06     0.345727492347995 
1.086e-06      0.3704193730501325 
1.0885e-06     0.3775949107522502 
1.091e-06      0.3881579019233529 
1.0935e-06     0.4162645022951874 
1.096e-06      0.4339873818640165 
1.0985e-06     0.4621576157222309 
1.101e-06      0.4833732445064148 
1.1035e-06     0.3994418498590622 
1.106e-06      0.4653871825719838 
1.1085e-06     0.4904179731220019 
1.111e-06      0.5151225654141028 
1.1135e-06     0.5223005934257596 
1.116e-06      0.5433908145603318 
1.1185e-06     0.5575427899324384 
1.121e-06      0.5821870509818651 
1.1235e-06     0.6033729463658437 
1.126e-06      0.6210478499758013 
1.1285e-06     0.6421980439649456 
1.131e-06      0.6213345634732467 
1.1335e-06     0.6421966347978206 
1.136e-06      0.6563663094636545 
1.1385e-06     0.6774906875396709 
1.141e-06      0.6916604223779794 
1.1435e-06     0.7092814144609455 
1.146e-06      0.7234251174354906 
1.1485e-06     0.7340394951730935 
1.151e-06      0.7516358693679259 
1.1535e-06     0.7692815040116939 
1.156e-06      0.7729151031026329 
1.1585e-06     0.7834523496465774 
1.161e-06      0.7870331000084352 
1.1635e-06     0.7975688785240691 
1.166e-06      0.8081570652306086 
1.1685e-06     0.8152419807210212 
1.171e-06      0.8258041807236527 
1.1735e-06     0.8293853303455099 
1.176e-06      0.8294117647058823 
1.1785e-06     0.8399231472176187 
1.181e-06      0.8400000000000001 
1.1835e-06     0.847006716770026 
1.186e-06      0.8470588235294118 
1.1885e-06     0.850562179619953 
1.191e-06      0.8505882352941176 
1.1935e-06     0.8505882352941176 
1.196e-06      0.8505882352941176 
1.1985e-06     0.8470848821419147 
1.201e-06      0.8435554686045876 
1.2035e-06     0.8400260602961044 
1.206e-06      0.836496641093928 
1.2085e-06     0.8294639156094045 
1.211e-06      0.8294117647058823 
1.2135e-06     0.8224047180258875 
1.216e-06      0.8118429155214645 
1.2185e-06     0.8012546509017359 
1.221e-06      0.7906652352407676 
1.2235e-06     0.7870848749044819 
1.226e-06      0.7695420624642918 
1.2285e-06     0.772915337340917 
1.231e-06      0.7659344902417452 
1.2335e-06     0.7483656468654168 
1.236e-06      0.7377252583434929 
1.2385e-06     0.7201303054389182 
1.241e-06      0.7059866177438607 
1.2435e-06     0.6918609704780172 
1.246e-06      0.6707446827844706 
1.2485e-06     0.6530714721225165 
1.251e-06      0.6389277295217706 
1.2535e-06     0.6213067880743572 
1.256e-06      0.6386931832599553 
1.2585e-06     0.6142908140722716 
1.261e-06      0.6036075847554786 
1.2635e-06     0.5790038474958403 
1.266e-06      0.5612923789412781 
1.2685e-06     0.5366529851330356 
1.271e-06      0.5224572045084984 
1.2735e-06     0.5118420582499699 
1.276e-06      0.4907443838813456 
1.2785e-06     0.4660484393463966 
1.281e-06      0.4448603082833646 
1.2835e-06     0.4236842597451567 
1.286e-06      0.504176145868971 
1.2885e-06     0.4346389374656293 
1.291e-06      0.4130867572315328 
1.2935e-06     0.3919063426157642 
1.296e-06      0.3777513212596464 
1.2985e-06     0.3601287444961409 
1.301e-06      0.3424832703620806 
1.3035e-06     0.3178276430978141 
1.306e-06      0.2966269984231531 
1.3085e-06     0.2789537922342878 
1.311e-06      0.2648009000741002 
1.3135e-06     0.2787192575112714 
1.316e-06      0.2613055471775794 
1.3185e-06     0.2401443073091703 
1.321e-06      0.2259866090393326 
1.3235e-06     0.2083553935896843 
1.326e-06      0.1942202219496302 
1.3285e-06     0.1801042350604138 
1.331e-06      0.162483252615876 
1.3335e-06     0.1483395619175125 
1.336e-06      0.1342219323542143 
1.3385e-06     0.1271109855127931 
1.341e-06      0.1270588235294118 
1.3435e-06     0.1130454666661802 
1.346e-06      0.1094378215107545 
1.3485e-06     0.09539835856703421 
1.351e-06      0.08828744364190867 
1.3535e-06     0.077724359080011 
1.356e-06      0.07063619767096317 
1.3585e-06     0.07058823529411765 
1.361e-06      0.06007821261988325 
1.3635e-06     0.06           
1.366e-06      0.05649665051492634 
1.3685e-06     0.05296724896546171 
1.371e-06      0.04943783533352725 
1.3735e-06     0.04941176470588236 
1.376e-06      0.04941176470588236 
1.3785e-06     0.04941176470588236 
1.381e-06      0.05291510464367099 
1.3835e-06     0.05644452484702906 
1.386e-06      0.05997393024646171 
1.3885e-06     0.06350332852300523 
1.391e-06      0.07053610152150294 
1.3935e-06     0.07058823529411765 
1.396e-06      0.07409157945607429 
1.3985e-06     0.08813101429861729 
1.401e-06      0.09524198933221473 
1.4035e-06     0.1093075094669884 
1.406e-06      0.1129151108558497 
1.4085e-06     0.1269546001946714 
1.411e-06      0.1270588235294118 
1.4135e-06     0.1340655035293504 
1.416e-06      0.1481309774341879 
1.4185e-06     0.1622486057070474 
1.421e-06      0.1763662489825544 
1.4235e-06     0.1939873575044563 
1.426e-06      0.2081309763943284 
1.4285e-06     0.2257520363724548 
1.431e-06      0.2398971139174579 
1.4335e-06     0.2610219564244954 
1.436e-06      0.2786951308162053 
1.4385e-06     0.2613053031047815 
1.441e-06      0.278700319703893 
1.4435e-06     0.2963412058938598 
1.446e-06      0.3174907465112418 
1.4485e-06     0.3421705917151655 
1.451e-06      0.3563663586059799 
1.4535e-06     0.3774906506349248 
1.456e-06      0.388157082519364 
1.4585e-06     0.412774445068776 
1.461e-06      0.433962910132987 
1.4635e-06     0.45164629691206 
1.466e-06      0.4727959255303257 
1.4685e-06     0.3958675048758513 
1.471e-06      0.4654091449422159 
1.4735e-06     0.4869026487718507 
1.476e-06      0.5115842081144113 
1.4785e-06     0.5222759339077162 
1.481e-06      0.5363663651921344 
1.4835e-06     0.5610084366546058 
1.486e-06      0.5786932507261743 
1.4885e-06     0.6033490975519696 
1.491e-06      0.6140394564648233 
1.4935e-06     0.6386434050495544 
1.496e-06      0.6212952769017051 
1.4985e-06     0.6351898282951237 
1.501e-06      0.6528109315120162 
1.5035e-06     0.6704578575312365 
1.506e-06      0.6916082504427493 
1.5085e-06     0.698771413147886 
1.511e-06      0.719846055342479 
1.5135e-06     0.7375167657330588 
1.516e-06      0.7516604549818502 
1.5185e-06     0.7657792732583614 
1.521e-06      0.7728890150459632 
1.5235e-06     0.7694378267392813 
1.526e-06      0.7869285565400695 
1.5285e-06     0.7905621621311213 
1.531e-06      0.801098305594054 
1.5335e-06     0.8116873383807368 
1.536e-06      0.8222747515583825 
1.5385e-06     0.8293596181664118 
1.541e-06      0.8294117647058823 
1.5435e-06     0.8399217579161363 
1.546e-06      0.8400000000000001 
1.5485e-06     0.84350335059782 
1.551e-06      0.8470327598775376 
1.5535e-06     0.8505621779364078 
1.556e-06      0.8505882352941176 
1.5585e-06     0.8505882352941176 
1.561e-06      0.8505882352941176 
1.5635e-06     0.8505882352941176 
1.566e-06      0.8470848783305026 
1.5685e-06     0.8400523561739606 
1.571e-06      0.8400000000000001 
1.5735e-06     0.8294835936422618 
1.576e-06      0.8294117647058823 
1.5785e-06     0.8259084219180054 
1.581e-06      0.8153722660945566 
1.5835e-06     0.8082874072211925 
1.586e-06      0.7942218654711056 
1.5885e-06     0.7836076065449565 
1.591e-06      0.7730193336487986 
1.5935e-06     0.7624302844526203 
1.596e-06      0.7693596613450997 
1.5985e-06     0.7518811778137797 
1.601e-06      0.7342479322567347 
1.6035e-06     0.7236075776282973 
1.606e-06      0.7095160308423325 
1.6085e-06     0.6918951059994225 
1.611e-06      0.6777512583158926 
1.6135e-06     0.6566270222936004 
1.616e-06      0.6424482839718155 
1.6185e-06     0.6213318985739288 
1.621e-06      0.6386946591608389 
1.6235e-06     0.6248022322369856 
1.626e-06      0.6036858659145957 
1.6285e-06     0.5824972477743829 
1.631e-06      0.5578294699368282 
1.6335e-06     0.5436342725186976 
1.636e-06      0.5224969389643312 
1.6385e-06     0.5118428761606221 
1.641e-06      0.4942404091657218 
1.6435e-06     0.466090757378569 
1.646e-06      0.4518676409678278 
1.6485e-06     0.4272265193653187 
1.651e-06      0.5041327480242427 
1.6535e-06     0.4346390926995788 
1.656e-06      0.4165992307944553 
1.6585e-06     0.3884228353080204 
1.661e-06      0.3777269091489429 
1.6635e-06     0.3706397932337214 
1.666e-06      0.346064703725279 
1.6685e-06     0.3248621824198649 
1.671e-06      0.3001824192707499 
1.6735e-06     0.2859865569155986 
1.676e-06      0.2613571562393788 
1.6785e-06     0.2786909881630585 
1.681e-06      0.2683141779332558 
1.6835e-06     0.2472151440034877 
1.686e-06      0.2295420295303205 
1.6885e-06     0.215397297408128 
1.691e-06      0.2012806730074242 
1.6935e-06     0.1836597221631762 
1.696e-06      0.1625093964537025 
1.6985e-06     0.1518429130851464 
1.701e-06      0.1412547253484215 
1.7035e-06     0.1271636772807419 
1.706e-06      0.13056217082976 
1.7085e-06     0.116574800049921 
1.711e-06      0.1129672374451263 
1.7135e-06     0.09892781499314567 
1.716e-06      0.08831436632146002 
1.7185e-06     0.07772527636950392 
1.721e-06      0.07063976485957107 
1.7235e-06     0.07058823529411765 
1.726e-06      0.06007821248308544 
1.7285e-06     0.06           
1.731e-06      0.05649434291538361 
1.7335e-06     0.05296766122696114 
1.736e-06      0.04943767907041855 
1.7385e-06     0.04941176470588236 
1.741e-06      0.04941176470588236 
1.7435e-06     0.04941176470588236 
1.746e-06      0.04941176470588236 
1.7485e-06     0.052915105192286 
1.751e-06      0.05994756471206159 
1.7535e-06     0.06           
1.756e-06      0.07051571872915165 
1.7585e-06     0.07058823529411765 
1.761e-06      0.07058823529411765 
1.7635e-06     0.08460157080605621 
1.766e-06      0.09171255830879128 
1.7685e-06     0.102274696716302 
1.771e-06      0.1163663141629325 
1.7735e-06     0.123477296080431 
1.776e-06      0.1340394877027629 
1.7785e-06     0.1271109621800738 
1.781e-06      0.1445755686626828 
1.7835e-06     0.1587192964345797 
1.786e-06      0.1763405956527622 
1.7885e-06     0.1904840136630406 
1.791e-06      0.2081049224065947 
1.7935e-06     0.2187458491905521 
1.796e-06      0.2433470554903434 
1.7985e-06     0.2575427808762731 
1.801e-06      0.2786670559461858 
1.8035e-06     0.2788235294117647 
1.806e-06      0.2648087947455902 
1.8085e-06     0.2962359871472317 
1.811e-06      0.3139887510515402 
1.8135e-06     0.3386433260233071 
1.816e-06      0.3563403199922895 
1.8185e-06     0.3774906434412728 
1.821e-06      0.3881570799321584 
1.8235e-06     0.4022499848657682 
1.826e-06      0.4303955902188943 
1.8285e-06     0.4446016813258021 
1.831e-06      0.4692316240872911 
1.8335e-06     0.3958418217688 
1.836e-06      0.4548955179051311 
1.8385e-06     0.4798197091079323 
1.841e-06      0.5045397149107637 
1.8435e-06     0.5222225980851121 
1.846e-06      0.5258562904080301 
1.8485e-06     0.5504058520120538 
1.851e-06      0.571608376781118 
1.8535e-06     0.5892925904615807 
1.856e-06      0.6139352579085844 
1.8585e-06     0.6351466389418529 
1.861e-06      0.6528110387656062 
1.8635e-06     0.6214097219095136 
1.866e-06      0.6492032347200786 
1.8685e-06     0.663425213881761 
1.871e-06      0.6845511694566859 
1.8735e-06     0.6952159345684474 
1.876e-06      0.7128108125690724 
1.8785e-06     0.7339613193344231 
1.881e-06      0.744627631004355 
1.8835e-06     0.75871929895697 
1.886e-06      0.7728368831111638 
1.8885e-06     0.7694378246024191 
1.891e-06      0.7799218396175387 
1.8935e-06     0.787006683738496 
1.896e-06      0.8010721583128112 
1.8985e-06     0.8081831872962121 
1.901e-06      0.8187453465375675 
1.9035e-06     0.8293335637637189 
1.906e-06      0.8294117647058823 
1.9085e-06     0.8399224509648574 
1.911e-06      0.8435050012984984 
1.9135e-06     0.8435294117647059 
1.916e-06      0.8470329930342045 
1.9185e-06     0.850562176410688 
1.921e-06      0.8505882352941176 
1.9235e-06     0.8505882352941176 
1.926e-06      0.8505882352941176 
1.9285e-06     0.8505882352941176 
1.931e-06      0.8470849068123321 
1.9335e-06     0.8435552120904435 
1.936e-06      0.8400257769123072 
1.9385e-06     0.8294899924970786 
1.941e-06      0.8294117647058823 
1.9435e-06     0.8294117647058823 
1.946e-06      0.8153983696596482 
1.9485e-06     0.8082873969916673 
1.951e-06      0.7977252581567938 
1.9535e-06     0.7836337104062975 
1.956e-06      0.7800260587555781 
1.9585e-06     0.7659865539700494 
1.961e-06      0.7728890542655862 
1.9635e-06     0.7554244013718688 
1.966e-06      0.7412807425522532 
1.9685e-06     0.7306664221551398 
1.971e-06      0.7165678541040482 
1.9735e-06     0.691951136811925 
1.976e-06      0.6812546337986212 
1.9785e-06     0.6601563015646368 
1.981e-06      0.6459865752008705 
1.9835e-06     0.624862304406838 
1.986e-06      0.6212021056206831 
1.9885e-06     0.6386932628330566 
1.991e-06      0.6107841911120266 
1.9935e-06     0.5895680730409931 
1.996e-06      0.5648859514010958 
1.9985e-06     0.5471890716644134 
2.001e-06      0.5225355289633771 
2.0035e-06     0.5223529411764707 
2.006e-06      0.5048360224994634 
2.0085e-06     0.4801803365139974 
2.011e-06      0.455474810764204 
2.0135e-06     0.4307705800552815 
2.016e-06      0.5041587555401366 
2.0185e-06     0.4451432149364694 
2.021e-06      0.4271809717548752 
2.0235e-06     0.4025246943081442 
2.026e-06      0.3813222322840197 
2.0285e-06     0.377673108207674 
2.031e-06      0.3531212763902447 
2.0335e-06     0.3354243715591665 
2.036e-06      0.310770616145483 
2.0385e-06     0.2930599623042063 
2.041e-06      0.2684154640669128 
2.0435e-06     0.2542120023403664 
2.046e-06      0.2786411631458255 
2.0485e-06     0.2543000894847014 
2.051e-06      0.2401032107868995 
2.0535e-06     0.2224728104395753 
2.056e-06      0.208339537006424 
2.0585e-06     0.1837011831331269 
2.061e-06      0.1695160841680899 
2.0635e-06     0.1589017142203936 
2.066e-06      0.1448101799712054 
2.0685e-06     0.1271891572057825 
2.071e-06      0.1305621736616181 
2.0735e-06     0.1235815121023716 
2.076e-06      0.1165227293338564 
2.0785e-06     0.1024571747339678 
2.081e-06      0.09184290858553146 
2.0835e-06     0.08475750036734725 
2.086e-06      0.07069250120846084 
2.0885e-06     0.07058823529411765 
2.091e-06      0.07058823529411765 
2.0935e-06     0.06007203346468091 
2.096e-06      0.06           
2.0985e-06     0.0529933298607984 
2.101e-06      0.04943783799687911 
2.1035e-06     0.04941176470588236 
2.106e-06      0.04941176470588236 
2.1085e-06     0.04941176470588236 
2.111e-06      0.04941176470588236 
2.1135e-06     0.05291490839044602 
2.116e-06      0.05644409399225336 
2.1185e-06     0.05647058823529412 
2.121e-06      0.06347785185521242 
2.1235e-06     0.07053608226400211 
2.126e-06      0.07058823529411765 
2.1285e-06     0.08109829343620772 
2.131e-06      0.09168655629716561 
2.1335e-06     0.09877141240524992 
2.136e-06      0.1163402933478555 
2.1385e-06     0.1199739390175644 
2.141e-06      0.1305109211472835 
2.1435e-06     0.1270826021570843 
2.146e-06      0.1410721947259685 
2.1485e-06     0.1551898680231502 
2.151e-06      0.1658041667223946 
2.1535e-06     0.1869024095018687 
2.156e-06      0.2045755981023854 
2.1585e-06     0.2187192329015691 
2.161e-06      0.2363403369851967 
2.1635e-06     0.2504840221929385 
2.166e-06      0.2716101583022111 
2.1685e-06     0.2787717416521533 
2.171e-06      0.2613068345789362 
2.1735e-06     0.2892035456270077 
2.176e-06      0.3104335366626511 
2.1785e-06     0.3281062324366273 
2.181e-06      0.3492569682625528 
2.1835e-06     0.3739374030888717 
2.186e-06      0.3776227631932333 
2.1885e-06     0.3951718950930193 
2.191e-06      0.419827670052109 
2.1935e-06     0.4340133856798276 
2.196e-06      0.4656446734618789 
2.1985e-06     0.4834070723573018 
2.201e-06      0.4029447668062357 
2.2035e-06     0.4654190218984849 
2.206e-06      0.4939094579225118 
2.2085e-06     0.5186413408741229 
2.211e-06      0.5223268673292857 
2.2135e-06     0.5433731042059695 
2.216e-06      0.5610475925421224 
2.2185e-06     0.5857016316923676 
2.221e-06      0.6033990366164586 
2.2235e-06     0.6245593204021151 
2.226e-06      0.6457398587199954 
2.2285e-06     0.6213590479895362 
2.231e-06      0.6421971247002095 
2.2335e-06     0.6563663622640951 
2.236e-06      0.680995853721976 
2.2385e-06     0.691687678435755 
2.241e-06      0.7092813919183456 
2.2435e-06     0.7304319188310213 
2.246e-06      0.7410982189848114 
2.2485e-06     0.7551899064213002 
2.251e-06      0.7728108790071032 
2.2535e-06     0.7694378159052953 
2.256e-06      0.7764184635051902 
2.2585e-06     0.7834772567504975 
2.261e-06      0.7975427725264823 
2.2635e-06     0.8081570598935589 
2.266e-06      0.8152420048862 
2.2685e-06     0.8293075033681059 
2.271e-06      0.8294117647058823 
2.2735e-06     0.8294117647058823 
2.276e-06      0.8399217467746436 
2.2785e-06     0.8400000000000001 
2.281e-06      0.8470073342839488 
2.2835e-06     0.850562177893162 
2.286e-06      0.8505882352941176 
2.2885e-06     0.8505882352941176 
2.291e-06      0.8505882352941176 
2.2935e-06     0.8505882352941176 
2.296e-06      0.8470844543722542 
2.2985e-06     0.8435554691437184 
2.301e-06      0.8400262666286293 
2.3035e-06     0.8364966676764198 
2.306e-06      0.8294639131360917 
2.3085e-06     0.8294117647058823 
2.311e-06      0.822405061901749 
2.3135e-06     0.8118420922800247 
2.316e-06      0.8012546666519171 
2.3185e-06     0.7871630524686503 
2.321e-06      0.7800521592140649 
2.3235e-06     0.7694900049374599 
2.326e-06      0.7729146069476917 
2.3285e-06     0.7624311064767474 
2.331e-06      0.748338478296587 
2.3335e-06     0.7377252161688245 
2.336e-06      0.7166269079840761 
2.3385e-06     0.6989538156507304 
2.341e-06      0.684812029065317 
2.3435e-06     0.6706925229075018 
2.346e-06      0.6530714939808618 
2.3485e-06     0.6354227899179173 
2.351e-06      0.6212816358057037 
2.3535e-06     0.6386932280213479 
2.356e-06      0.6142981279248688 
2.3585e-06     0.596599253738571 
2.361e-06      0.5754489981445061 
2.3635e-06     0.55427241862522 
2.366e-06      0.5295918940710119 
2.3685e-06     0.5224044194578903 
2.371e-06      0.5118428558534629 
2.3735e-06     0.4837258160107938 
2.376e-06      0.4660127148456502 
2.3785e-06     0.4378554945148651 
2.381e-06      0.4166249331512907 
2.3835e-06     0.5005943461330715 
2.386e-06      0.4346129890304121 
2.3885e-06     0.4095939625589174 
2.391e-06      0.3848861107628061 
2.3935e-06     0.3776991756096831 
2.396e-06      0.3566212842093865 
2.3985e-06     0.3424561643204407 
2.401e-06      0.3178083965730595 
2.4035e-06     0.2966245941265947 
2.406e-06      0.2789538078796689 
2.4085e-06     0.2578017558794579 
2.411e-06      0.2786671585308334 
2.4135e-06     0.2578015843588107 
2.416e-06      0.243633741183435 
2.4185e-06     0.2225092359557099 
2.421e-06      0.2083396042055198 
2.4235e-06     0.1907185446236598 
2.426e-06      0.1765748665540621 
2.4285e-06     0.1659605043721612 
2.431e-06      0.1483655647703868 
2.4335e-06     0.130717528660198 
2.436e-06      0.1270849065681325 
2.4385e-06     0.1235551955999168 
2.441e-06      0.1165229949864639 
2.4435e-06     0.1094638630079665 
2.446e-06      0.09189659001144505 
2.4485e-06     0.08475804135044765 
2.451e-06      0.07419588901125271 
2.4535e-06     0.0706143175768091 
2.456e-06      0.07058823529411765 
2.4585e-06     0.06007821940206784 
2.461e-06      0.06           
2.4635e-06     0.05299280475896784 
2.466e-06      0.05294117647058823 
2.4685e-06     0.04943783615982907 
2.471e-06      0.04941176470588236 
2.4735e-06     0.04941176470588236 
2.476e-06      0.04941176470588236 
2.4785e-06     0.05291510489028464 
2.481e-06      0.0564445210104444 
2.4835e-06     0.05997427617076496 
2.486e-06      0.06350345392747074 
2.4885e-06     0.07053608103928814 
2.491e-06      0.07058823529411765 
2.4935e-06     0.07759489067700283 
2.496e-06      0.08815761945499473 
2.4985e-06     0.09874533008153617 
2.501e-06      0.1093335603550808 
2.5035e-06     0.1129151209106423 
2.506e-06      0.1304578362562378 
2.5085e-06     0.1270844590841959 
2.511e-06      0.1340655093550796 
2.5135e-06     0.1516343351983754 
2.516e-06      0.1622757704718978 
2.5185e-06     0.1798696850973198 
2.521e-06      0.1940144063444583 
2.5235e-06     0.2081310188040424 
2.526e-06      0.2292554197093701 
2.5285e-06     0.2469285700956361 
2.531e-06      0.261072224563587 
2.5335e-06     0.2786950739071831 
2.536e-06      0.2612952414405884 
2.5385e-06     0.2857117006228932 
2.541e-06      0.2963924051562745 
2.5435e-06     0.320996179300313 
2.546e-06      0.3387003808907915 
2.5485e-06     0.363348855347218 
2.551e-06      0.3775427595865434 
2.5535e-06     0.3881571180451321 
2.556e-06      0.4092676928377096 
2.5585e-06     0.433935129736017 
2.561e-06      0.4551515494780449 
2.5635e-06     0.4763294648237427 
2.566e-06      0.395893613748365 
2.5685e-06     0.4653608024528444 
2.571e-06      0.4869024905132867 
2.5735e-06     0.5080922790553497 
2.576e-06      0.5222486457833599 
2.5785e-06     0.5398710243069399 
2.581e-06      0.5575166644758006 
2.5835e-06     0.5821705674843061 
