
time (s)       VT("/VIP") - V VT("/VOUTP") - VT("/VOUTP") ( VT("/VOUTN") (


2.82e-08       0.3719991408656989 0.334325879306838 0.546569604359307 0.212243725052469
3.07e-08       0.4020670108685053 0.3607538077429143 0.5592642033650813 0.198510395622167
3.32e-08       0.4313932677857552 0.3867063649922344 0.5715645221724017 0.1848581571801673
3.57e-08       0.4599238018563411 0.411848693318599 0.583430428142113 0.1715817348235139
3.82e-08       0.4876059863644344 0.436147966942134 0.5948495892484473 0.1587016223063133
4.07e-08       0.5143887549092084 0.4595163607952018 0.6058137521646236 0.1462973913694219
4.32e-08       0.5402227007131953 0.4819373906133689 0.6163185718903164 0.1343811812769475
4.570000000000001e-08 0.5650601902013793 0.5034217310857632 0.6263506162352248 0.1229288851494616
4.82e-08       0.5888554010680408 0.5239497279844924 0.6359073378057085 0.1119576098212162
5.07e-08       0.6115644422785615 0.543494678132049 0.644983498471366 0.1014888203393171
5.32e-08       0.6331454288167535 0.562027051283877 0.6535738315123698 0.09154678022849289
5.57e-08       0.653558558742818 0.5795328065949106 0.6616705516719129 0.08213774507700235
5.82e-08       0.6727661799748864 0.5959854546110102 0.6692690922524003 0.07328363764139002
6.070000000000001e-08 0.6907328636914321 0.611360658061345 0.6763633314797163 0.06500267341837125
6.320000000000001e-08 0.7074255080814936 0.625632384554436 0.6829446689347342 0.05731228438029805
6.57e-08       0.7228131773071065 0.638792429023629 0.6890089946166761 0.05021656559304708
6.82e-08       0.7368675795497354 0.6508159292674617 0.6945459506342369 0.04373002136677517
7.07e-08       0.7495628186081931 0.6616867373035275 0.6995477920904734 0.03786105478694589
7.319999999999999e-08 0.7608754540658874 0.6713813251739613 0.704008327914126 0.0326270027401647
7.57e-08       0.7707846320699761 0.6798797902913114 0.7079201885987232 0.02804039830741186
7.82e-08       0.7792720816824248 0.6871687049485539 0.7112767577384802 0.02410805278992637
8.07e-08       0.7863221260752989 0.6932410168178751 0.7140725420658141 0.02083152524793897
8.32e-08       0.7919217592514769 0.6980844352796036 0.7163025971927705 0.01821816191316677
8.570000000000001e-08 0.7960606538242326 0.7016894488765778 0.7179627677018258 0.01627331882524798
8.820000000000001e-08 0.7987311762719905 0.7040492118750352 0.7190499964719332 0.01500078459689801
9.07e-08       0.7999284008115806 0.7051591368235511 0.7195622570347037 0.01440312021115253
9.32e-08       0.7996501196107867 0.7050173694475433 0.7194985569015215 0.01448118745397818
9.57e-08       0.7978968432347534 0.7036232873450673 0.718859125517001 0.01523583817193382
9.820000000000001e-08 0.7946718056551723 0.700979594697794 0.7176451653913741 0.01666557069358006
1.007e-07      0.7899809545916825 0.6970914601581233 0.7158589405314268 0.01876748037330359
1.032e-07      0.7838329412330535 0.6919666610922816 0.7135037309737511 0.0215370698814695
1.057e-07      0.7762391106337384 0.6856161678537646 0.7105837281876192 0.02496756033385455
1.082e-07      0.7672134779169808 0.6780512962782871 0.707103474004141 0.02905217772585392
1.107e-07      0.756772704157695 0.6692748665343076 0.7030698203286865 0.03379495379437897
1.132e-07      0.7449360271018834 0.6593098026221076 0.698489236259113 0.03917943363700534
1.157e-07      0.7317252785721405 0.6481740058098718 0.6933690844043148 0.0451950785944429
1.182e-07      0.7171648527285304 0.6358904685378394 0.6877152449593118 0.05182477642147252
1.207e-07      0.7012815853737807 0.622474528053646 0.6815365092083322 0.05906198115468616
1.232e-07      0.6841047851690389 0.6079452890073459 0.6748393340942299 0.06689404508688394
1.257e-07      0.6656661110557245 0.5923246968108178 0.6676329813394388 0.07530828452862096
1.282e-07      0.6459995883943833 0.5756363521536305 0.6599239594627483 0.08428760730911773
1.307e-07      0.6251414918444476 0.5579063582257109 0.6517177642600166 0.0938114060343057
1.332e-07      0.6031302563915993 0.5391419197946467 0.6430188604043527 0.103876940609706
1.357e-07      0.5800065118001627 0.5193778089510854 0.6338373116529742 0.1144595027018887
1.382e-07      0.5558129257107566 0.4986331618829148 0.6241764085872901 0.1255432467043753
1.407e-07      0.5305941241453285 0.476932051387399 0.6140431999453903 0.1371111485579913
1.432e-07      0.5043966329860486 0.454295342507687 0.6034416671962194 0.1491463246885323
1.457e-07      0.4772687838834359 0.4307491438292341 0.5923757074805157 0.1616265636512816
1.482e-07      0.4492606210279379 0.4063345897645415 0.5808556849049563 0.1745210951404148
1.507e-07      0.4204236796603286 0.3810957593265255 0.5688952633260363 0.1877995039995109
1.532e-07      0.390811258549297 0.3550468253445287 0.5564979702153438 0.201451144870815
1.557e-07      0.3604779990693674 0.3281919014291058 0.5436666243398369 0.2154747229107311
1.582e-07      0.3294798149810843 0.3005367859088776 0.5304697135381878 0.2299329276293103
1.607e-07      0.2978739033509664 0.2722960405936086 0.5168549659745457 0.2445589253809372
1.632e-07      0.2657185510287355 0.2434477469020583 0.5028820947528408 0.2594343478507825
1.657e-07      0.2330730837403522 0.2145099283653624 0.4886784877356264 0.2741685593702641
1.682e-07      0.1999977123347164 0.1846601809126652 0.4741103244058781 0.2894501434932129
1.707e-07      0.1665533781964148 0.1541664152593206 0.4593092608054097 0.3051428455460892
1.732e-07      0.1328018611141628 0.1235236479058029 0.4442539394301089 0.3207302915243059
1.757e-07      0.09880538603403079 0.09254281574540872 0.4289930765831236 0.3364502608377148
1.782e-07      0.06462666050040199 0.06134412596140554 0.4135697990141581 0.3522256730527525
1.807e-07      0.03032872845405858 0.03003414188930179 0.3980214298873464 0.3679872879980446
1.832e-07      -0.004025147733622733 -0.001300022732141924 0.3821502746813247 0.3834502974134666
1.857e-07      -0.03837159928295346 -0.03262837969926502 0.3666811786096659 0.3993095583089309
1.882e-07      -0.07264727125123868 -0.0639324088506045 0.3509133627408503 0.4148457715914548
1.907e-07      -0.106788942459718 -0.09511712115560186 0.3351367871545653 0.4302539083101672
1.932e-07      -0.1407336371877696 -0.1260744560626869 0.3194219336045232 0.4454963896672101
1.957e-07      -0.1744187593921636 -0.1568664289408251 0.3036526062879286 0.4605190352287538
1.982e-07      -0.2077821627704345 -0.1871507005512653 0.2881589972877952 0.4753096978390605
2.007e-07      -0.2407622504493954 -0.2169562764023349 0.2728943756580553 0.4898506520603902
2.032e-07      -0.2732982584812598 -0.2458566890135906 0.2581711748989238 0.5040278639125145
2.057e-07      -0.3053301692781636 -0.2746581912976468 0.2433125678981646 0.5179707591958115
2.082e-07      -0.3367988856767493 -0.3028459157918851 0.2287067656809823 0.5315526814728674
2.107e-07      -0.3676463746545439 -0.3304442983157866 0.2142712405178101 0.5447155388335967
2.132e-07      -0.3978157178393918 -0.3572367693943608 0.2002739879228118 0.5575107573171725
2.157e-07      -0.4272513036110484 -0.3832179655455308 0.1866527366642821 0.569870702209813
2.182e-07      -0.4558988032952401 -0.4083904450873179 0.173403647650535 0.5817940927378529
2.207e-07      -0.4837052932776409 -0.4327352938222867 0.1605407868339598 0.5932760806562465
2.232e-07      -0.5106195950665443 -0.4562084969849519 0.1480952923578495 0.6043037893428014
2.257e-07      -0.5365920627213105 -0.4787678155227926 0.1360975691967629 0.6148653847195555
2.282e-07      -0.5615747725203915 -0.5003930668957202 0.1245682766368201 0.6249613435325403
2.307e-07      -0.585521640587333 -0.5210577249817319 0.1135252002788631 0.6345829252605949
2.332e-07      -0.6083884945266934 -0.5407403012964462 0.1029847872888525 0.6437250885852988
2.357e-07      -0.6301331345734694 -0.5594209711944148 0.0929635137242126 0.6523844849186274
2.382e-07      -0.6507154328882466 -0.5770658221694039 0.08348500250606943 0.6605508246754733
2.407e-07      -0.6700974596686254 -0.5936669554676409 0.0745527227245211 0.668219678192162
2.432e-07      -0.6882434630524547 -0.6091982902156668 0.06618724280100627 0.6753855330166731
2.457e-07      -0.7051199587260905 -0.623636210104631 0.05840557544808651 0.6820417855527175
2.482e-07      -0.7206958420650899 -0.6369589960151377 0.05121992713242585 0.6881789231475636
2.507e-07      -0.7349423724415163 -0.6491478642814421 0.04464288027545035 0.6937907445568924
2.532e-07      -0.7478332889824646 -0.6601870170194241 0.03868147205309556 0.6988684890725195
2.557e-07      -0.7593447903265732 -0.6700537559017155 0.03335237151266444 0.7034061274143799
2.582e-07      -0.7694556439318923 -0.678730354062741 0.02866604127468663 0.7073963953374275
2.607e-07      -0.7781472232227247 -0.6861936457599161 0.02463917171012449 0.7108328174700406
2.632e-07      -0.785403478246113 -0.6924423028034672 0.02126635840221052 0.7137086612056777
2.657e-07      -0.7912110187701106 -0.6974641688011304 0.01855523994246618 0.7160194087435965
2.682e-07      -0.7955591281268958 -0.7012485508292751 0.01651236918938252 0.7177609200186577
2.707e-07      -0.7984397873769167 -0.7037878839049572 0.0151420642699686 0.7189299481749257
2.732e-07      -0.7998476839175495 -0.705077239775548 0.01444708923319861 0.7195243290087466
2.757e-07      -0.7997802212453732 -0.7051142932615658 0.01442863161044647 0.7195429248720123
2.782e-07      -0.7982375239647145 -0.70389903914427 0.01508664847741789 0.7189856876216879
2.807e-07      -0.7952224370516396 -0.7014336048720496 0.01642008412676732 0.717853688998817
2.832e-07      -0.790740521158195 -0.697722839594944 0.01842619847505437 0.7161490380699984
2.857e-07      -0.7848000420739131 -0.6927741108808603 0.02110076253235424 0.7138748734132145
2.882e-07      -0.7774119611896907 -0.6865979128036475 0.02443734815588052 0.711035260959528
2.907e-07      -0.7685899103252971 -0.6792070863744424 0.02842758482158359 0.707634671196026
2.932e-07      -0.7583501839614989 -0.6706017974652881 0.03307790347131709 0.7036797009366051
2.957e-07      -0.7467116444931495 -0.6608055028544814 0.03837133929010576 0.6991768421445871
2.982e-07      -0.7336957588697303 -0.6498357498088368 0.04429752896233605 0.6941332787711729
3.007e-07      -0.7193265569891034 -0.6377151094435908 0.05084011759081081 0.6885552270344016
3.032e-07      -0.7036305292044978 -0.6244598115210305 0.05799139094800866 0.6824512024690391
3.057e-07      -0.6866366366192801 -0.6100883002533497 0.06573908651906309 0.6758273867724128
3.082e-07      -0.6683762005515281 -0.5946221291068893 0.074071225148422 0.6686933542553113
3.107e-07      -0.6488829148186462 -0.5780849085809678 0.08297088967249203 0.6610557982534598
3.132e-07      -0.6281927384942707 -0.5605030310105861 0.09241731406523719 0.6529203450758233
3.157e-07      -0.6063438024797528 -0.5418841619124209 0.1024069004728193 0.6442910623852403
3.182e-07      -0.5833764208967945 -0.5222617830018425 0.1129166681221431 0.6351784511239855
3.207e-07      -0.5593329824510631 -0.5016559634367305 0.1239297499763953 0.6255857134131257
3.232e-07      -0.534257836817817 -0.4800883923072115 0.1354298181050946 0.615518210412306
3.257e-07      -0.5081972383946326 -0.45758568313483 0.1473989386776414 0.6049846218124714
3.282e-07      -0.481199273659446 -0.4341670881851165 0.159817363597466 0.5939844517825825
3.307e-07      -0.4533137413201913 -0.4098737628972418 0.1726551515932773 0.582528914490519
3.332e-07      -0.4245919786696011 -0.3847504080516336 0.1858803183736425 0.5706307264252761
3.357e-07      -0.3950870268715621 -0.3588184228636959 0.1994772083355493 0.5582956311992451
3.382e-07      -0.3648533493623894 -0.332073828182885 0.2134512608746904 0.5455250890575754
3.407e-07      -0.3339466799593369 -0.3045180560057876 0.2278658099210668 0.5323838659268545
3.432e-07      -0.3024240441000545 -0.2763691398514538 0.242453476318968 0.5188226161704219
3.457e-07      -0.2703435740934535 -0.2476021601138224 0.2572959924655163 0.5048981525793386
3.482e-07      -0.2377644557176555 -0.2187298249856229 0.2720059472038445 0.4907357721894675
3.507e-07      -0.2047467914107832 -0.1889572521554342 0.2872531031350058 0.47621035529044
3.532e-07      -0.1713514061616174 -0.1586996086635276 0.3027303322149712 0.4614299408784989
3.557e-07      -0.1376399612870767 -0.1279252046297883 0.3184936086878347 0.446418813317623
3.582e-07      -0.103674650319021 -0.09698469213657845 0.3341993988589549 0.4311840909955334
3.607e-07      -0.06951810727837031 -0.06581015348004342 0.349971565000758 0.4157817184808015
3.632e-07      -0.03523333530314384 -0.03451051454173952 0.3657380716900046 0.4002485862317441
3.657e-07      -0.0008835726026484602 -0.003188157547156809 0.3812030403112591 0.3843911978584159
3.682e-07      0.03346782014503513 0.02815225426292865 0.3970818577084067 0.3689296034454781
3.707e-07      0.06775747835555042 0.05946546413905991 0.4126332429153665 0.3531677787763066
3.732e-07      0.1019221551750829 0.09067338358172231 0.4280619221227234 0.3373885385410011
3.757e-07      0.135898832566834 0.1216704426837633 0.4433306614852258 0.3216602188014625
3.782e-07      0.1696248394676676 0.1523373832854275 0.4583966678306433 0.3060592845452158
3.807e-07      0.2030379964828458 0.1828495524221612 0.4732077313278217 0.2903581789056605
3.832e-07      0.2360765878107255 0.2127310670025992 0.4877911917242985 0.2750601247216993
3.857e-07      0.268679729518962 0.2416978256261701 0.5020093373249761 0.260311511698806
3.882e-07      0.300787295962732 0.2705791538849729 0.5160003063685098 0.245421152483537
3.907e-07      0.3323400480035889 0.2988588512278144 0.5296354739807512 0.2307766227529367
3.932e-07      0.3632797967985365 0.3265559407517303 0.5428537380368993 0.216297797285169
3.957e-07      0.3935494518598622 0.3534566656609726 0.5557089058049659 0.2022522401439933
3.982e-07      0.4230932178744514 0.3795563472252935 0.5681316082147928 0.1885752609894994
4.007e-07      0.4518565878092937 0.4048441404047505 0.5801171892056736 0.175273048800923
4.032e-07      0.4797863815977546 0.4293097983168324 0.5916635024547046 0.1623537041378722
4.057e-07      0.5068312186501311 0.4529101958477466 0.6027568284902355 0.149846632642489
4.082e-07      0.5329412075713174 0.4756033659179555 0.6133863674433703 0.1377830015254147
4.107e-07      0.5580681781731477 0.4973619474850263 0.6235479347729489 0.1261859872879226
4.132e-07      0.5821657737319443 0.5181652098329416 0.633237581829428 0.1150723719964865
4.157e-07      0.6051895448768847 0.5379893853032359 0.6424486321382663 0.1044592468350304
4.182e-07      0.627097018140916 0.5568138119615499 0.6511763273636191 0.09436251540206919
4.207e-07      0.647847729240375 0.5746082287111097 0.6594145573622509 0.0848063286511411
4.232e-07      0.667403463427096 0.5913603175549572 0.6671548008571779 0.07579448330222083
4.257e-07      0.6857281456309938 0.6070458960498932 0.6743928923381572 0.06734699628826397
4.282e-07      0.7027879592073893 0.621641393361921 0.6811224362953561 0.05948104293343499
4.307e-07      0.7185514609808429 0.6351246237548087 0.6873342357119575 0.05220961195714875
4.332e-07      0.7329895637072366 0.6474764182476257 0.693021691025433 0.04554527277780717
4.357e-07      0.7460756564201731 0.6586813328452013 0.6981759609946376 0.03949462814943631
4.382e-07      0.7577855766530655 0.6687167053894597 0.7027912458204036 0.03407454043094389
4.407e-07      0.7680977252672511 0.6775643257686613 0.70686012407514 0.02929579830647864
4.432e-07      0.7769930997982989 0.6852016193358885 0.7103761462036104 0.02517452686772189
4.457e-07      0.7844552838365322 0.691624459746675 0.7133323131824381 0.02170785343576302
4.482e-07      0.7904705019083702 0.6968235151085782 0.7157252184363831 0.01890170332780493
4.507e-07      0.7950276557500033 0.7007840041261602 0.7175471194173568 0.01676311529119672
4.532e-07      0.7981183392388986 0.703501561134797 0.7187980875343012 0.01529652639950419
4.557e-07      0.7997368529776425 0.7049697304354452 0.7194746486166138 0.01450491818116873
4.582e-07      0.7998802114811254 0.7051856456210662 0.7195755406939254 0.01438989507285913
4.607e-07      0.7985481513579489 0.7041492584913286 0.7191005200649605 0.01495126157363185
4.632e-07      0.7957431285985134 0.7018621774804289 0.7180505264876165 0.01618834900718765
4.657e-07      0.7914703165859768 0.6983289331432866 0.7164275139793302 0.01809858083604372
4.682e-07      0.7857375954689528 0.693556489594061 0.7142344772840952 0.02067798769003423
4.707e-07      0.7785555425205036 0.6875549172294032 0.7114753430878159 0.02392042585841276
4.732e-07      0.7699374083898269 0.6803370344230039 0.7081544967451134 0.02781746232210955
4.757e-07      0.7598991123205708 0.6719044411750454 0.7042783863017722 0.03237394512672684
4.782e-07      0.7484591486521117 0.6622772448873122 0.6998533862492798 0.03757614136196755
4.807e-07      0.7356386158129639 0.6514739421966961 0.6948865961062124 0.04341265390951634
4.832e-07      0.7214611788283172 0.6395165180877361 0.6893845403536467 0.04986802226591055
4.857000000000001e-07 0.7059529817403544 0.6264223047547343 0.6833553009990638 0.05693299624432958
4.882e-07      0.6891426279801436 0.6122086017987812 0.6768053226988349 0.06459672090005364
4.907e-07      0.6710611261219487 0.5968977069124839 0.6697434435780237 0.07284573666553984
4.932e-07      0.6517418110560476 0.5805120601775526 0.6621774886684042 0.08166542849085159
4.957e-07      0.6312203342578985 0.563078917039265 0.6541130634494586 0.09103414641019361
4.981999999999999e-07 0.6095345214113038 0.5446059905037468 0.6455534357936017 0.1009474452898549
5.007e-07      0.5867243661384881 0.5251256048531739 0.6365097239991482 0.1113841191459743
5.032e-07      0.562831981033592 0.5046591757439025 0.6269853295473564 0.1223261538034539
5.057e-07      0.5379014340631953 0.4832274764903672 0.6169851503049766 0.1337576738146095
5.082000000000001e-07 0.5119787105333719 0.4608553338870245 0.6065168104030708 0.1456614765160463
5.107e-07      0.48511164723599 0.4375671332818821 0.5955838768387721 0.15801674355689
5.132e-07      0.457349796362597 0.4133959392027702 0.5841929853206417 0.1707970461178715
5.157e-07      0.4287442926873344 0.3883886286153359 0.572357190717344 0.1839685621020082
5.182e-07      0.3993479216051177 0.3625722109853135 0.5600839664518888 0.1975117554665754
5.207000000000001e-07 0.3692149631197993 0.3359406627402201 0.5473751544270931 0.2114344916868729
5.232e-07      0.3384009720093312 0.3084854406948854 0.5342901316604848 0.2258046909655993
5.257e-07      0.3069627987486078 0.2804294591270907 0.5207828774611658 0.2403534183340751
5.282e-07      0.2749584189627888 0.2517464577472311 0.5069088169529953 0.2551623592057642
5.307000000000001e-07 0.2424468766639716 0.2229383824749214 0.4927869444465744 0.2698485619716531
5.332e-07      0.2094881630769738 0.193242973109157 0.4783031155293337 0.2850601424201767
5.357e-07      0.1761429681783188 0.163050625948514 0.4635565616420242 0.3005059356935102
5.382e-07      0.1424728793961378 0.1323193118166698 0.448579277316922 0.3162599655002523
5.407e-07      0.1085400113205189 0.1014218042363753 0.4333717147969209 0.3319499105605456
5.432e-07      0.07440693675096106 0.07027357053179958 0.4179909584741685 0.3477173879423689
5.457e-07      0.04013661563572124 0.03898577868214807 0.4024741123840508 0.3634883337019027
5.482e-07      0.00579225964802058 0.007676481788090056 0.3866281878285278 0.3789517060404378
5.507e-07      -0.02856278094474945 -0.02367575369212877 0.3711767165511448 0.3948524702432735
5.532000000000001e-07 -0.06286513444754176 -0.05499572969216222 0.3554227451955334 0.4104184748876957
5.557e-07      -0.09705153059247157 -0.0862253211456652 0.3396413461031728 0.425866667248838
5.582e-07      -0.1310589114364585 -0.1172596541125911 0.3239012002763378 0.4411608543889289
5.607e-07      -0.1648245488197034 -0.1479817285771075 0.3082774061468168 0.4562591347239243
5.632e-07      -0.1982861859220205 -0.1785389105943295 0.2925612871441021 0.4711001977384316
5.657e-07      -0.2313820383720594 -0.2084939579944043 0.2772317877482062 0.4857257457426104
5.682e-07      -0.2640510850021165 -0.2375283628649346 0.2624556446932998 0.4999840075582345
5.707e-07      -0.2962330981115056 -0.266487756011613 0.2475349574241857 0.5140227134357988
5.732e-07      -0.3278686979674694 -0.2948582872454567 0.2328524194772563 0.527710706722713
5.757000000000001e-07 -0.3588995416303598 -0.3226530036822204 0.2183307022285908 0.5409837059108112
5.782e-07      -0.3892683698387593 -0.3496597443552719 0.2042383358761479 0.5538980802314198
5.807e-07      -0.4189192039814764 -0.3758784812391934 0.1905051667553408 0.5663836479945341
5.832e-07      -0.447797342755166 -0.4012810681771559 0.1771508830148828 0.5784319511920387
5.857000000000001e-07 -0.4758494070435209 -0.4258666150084154 0.1641750386960956 0.5900416537045111
5.882e-07      -0.5030237605992973 -0.4495933489033084 0.1516070605849404 0.6012004094882488
5.907e-07      -0.5292702899228706 -0.4724179888560062 0.1394782050565729 0.6118961939125791
5.932e-07      -0.5545405732360438 -0.494311326440166 0.1278135408368996 0.6221248672770656
5.957e-07      -0.5787879889357544 -0.5152527211029003 0.1166297416886024 0.6318824627915027
5.982e-07      -0.6019678103447149 -0.5352181180194262 0.105944178149627 0.6411622961690532
6.007e-07      -0.6240372873256126 -0.5541869716145779 0.09577225454359817 0.649959226158176
6.032e-07      -0.6449556343735351 -0.572129348146438 0.08613884234617794 0.6582681904926159
6.057e-07      -0.6646843397168044 -0.5890319194281849 0.07704775947820594 0.6660796789063909
6.082000000000001e-07 -0.6831870109473401 -0.6048712690795786 0.06851859324969316 0.6733898623292718
6.107e-07      -0.7004295000726021 -0.6196238676246302 0.06056867941576469 0.6801925470403949
6.132e-07      -0.7163800268695232 -0.6332671499009255 0.05321169399342009 0.6864788438943455
6.157e-07      -0.731009160299426 -0.6457818857962991 0.04645983281107113 0.6922417186073703
6.182e-07      -0.7442899342853027 -0.6571517578942725 0.04032070353796741 0.6974724614322398
6.207e-07      -0.7561978327004349 -0.667355396672237 0.03480981508759492 0.7021652117598319
6.232e-07      -0.7667108880808607 -0.6763737158123004 0.02993885003137135 0.7063125658436717
6.257e-07      -0.7758097231395196 -0.6841848770461078 0.02572318295219262 0.7099080599983003
6.282e-07      -0.7834775553026949 -0.6907816015441262 0.02216284036881068 0.7129444419129368
6.307000000000001e-07 -0.7897002244399253 -0.6961564364887041 0.01926185096235797 0.715418287451062
6.332e-07      -0.7944662508506628 -0.7002940429971439 0.01702760003782709 0.717321643034971
6.357e-07      -0.7977668422377125 -0.7031897187400901 0.01546478614324666 0.7186545048833367
6.382e-07      -0.7995959121987241 -0.704836633919305 0.0145765881229559 0.7194132220422608
6.407000000000001e-07 -0.7999500865901554 -0.7052314352542018 0.01436496653106314 0.7195964017852651
6.432e-07      -0.7988287137547645 -0.7043739487435712 0.01482966833114239 0.7192036170747136
6.457e-07      -0.7962338607233593 -0.7022653038959014 0.0159703652477389 0.7182356691436402
6.482e-07      -0.7921703134329944 -0.6989096901164028 0.01778466648143246 0.7166943565978352
6.507e-07      -0.786645566077986 -0.69431375933315 0.02026876503634013 0.7145825243694901
6.532000000000001e-07 -0.779669811326966 -0.6884870486861465 0.02341694238921189 0.7119039910753584
6.557e-07      -0.7712559181488847 -0.681442440472669 0.02722109246744554 0.7086635329401145
6.582e-07      -0.7614194307385056 -0.67318268936323 0.03168320033676181 0.7048658896999918
6.607e-07      -0.7501784736836403 -0.6637249741985008 0.03679390021608924 0.7005188744145902
6.632000000000001e-07 -0.7375537762433664 -0.6530885413267943 0.04254047502155879 0.6956290163483531
6.657e-07      -0.7235686380732883 -0.6412946816825279 0.04890842251006945 0.6902031041925973
6.682e-07      -0.7082488568539268 -0.6283613156915389 0.05588704748128613 0.684248363172825
6.707e-07      -0.6916226812135289 -0.6143068466789422 0.06346563940238009 0.6777724860813222
6.732e-07      -0.6737207865182445 -0.5991513259007304 0.07163196356898154 0.6707832894697119
6.757e-07      -0.6545761694901977 -0.5829177552778196 0.08037126459052064 0.6632890198683402
6.782e-07      -0.6342241656840452 -0.5656295765336707 0.08966595884104343 0.6552955353747142
6.807e-07      -0.6127022969561692 -0.5473076501232598 0.0994984842480454 0.6468061343713052
6.832e-07      -0.5900502218021828 -0.5279693812637449 0.1098618746895383 0.6378312559532832
6.857000000000001e-07 -0.5663097900082648 -0.5076427073963855 0.1207325149083861 0.6283752223047716
6.882e-07      -0.5415247786438905 -0.48634730372152 0.1320953425733525 0.6184426462948724
6.907e-07      -0.5157409083616903 -0.4641089666448477 0.1439325831972778 0.6080415498421254
6.932e-07      -0.4890057531026915 -0.440949161398477 0.1562261678355204 0.5971753292339974
6.957e-07      -0.4613686338227698 -0.4169012226823307 0.1689466778831532 0.585847900565484
6.982e-07      -0.4328804653313557 -0.3920109675456661 0.1820639701665021 0.5740749377121682
7.007e-07      -0.4035937820188874 -0.3663100788391832 0.1955540837366042 0.5618641625757874
7.032e-07      -0.3735626761393117 -0.3397925464052905 0.2094242781798302 0.5492168245851207
7.057e-07      -0.3428425234493583 -0.3124388026880679 0.2237496692863253 0.5361884719743932
7.082000000000001e-07 -0.3114899964218423 -0.2844770384214065 0.2382585743723526 0.5227356127937591
7.107e-07      -0.2795629120559959 -0.2558795196647244 0.2530329202429388 0.5089124399076632
7.132e-07      -0.247120170032136 -0.2271360033354509 0.2676959077865144 0.4948319111219653
7.157e-07      -0.2142216301771368 -0.1975170865449188 0.2828726835999364 0.4803897701448551
7.182000000000001e-07 -0.1809278985241924 -0.1673928241392324 0.2982855976081276 0.46567842174736
7.207e-07      -0.1473004334849069 -0.1367058509683057 0.3140295906381256 0.4507354416064313
7.232e-07      -0.1134012856437762 -0.1058536678795551 0.3297022121637335 0.4355558800432885
7.257e-07      -0.07929296485628336 -0.07473417328834314 0.3454632990884355 0.4201974723767787
7.282e-07      -0.04503838484089624 -0.04346022778771848 0.3612374845663106 0.404697712354029
7.307000000000001e-07 -0.01070072919824452 -0.01212837795447076 0.3769670564231081 0.3890954343775789
7.332e-07      0.02365666633722078 0.01919923350655171 0.3926215341693104 0.3734223006627587
7.357e-07      0.05797042370948619 0.05052480172884756 0.4082010480436085 0.3576762463147609
7.382e-07      0.09217725228626379 0.08177314592124676 0.4236688020866609 0.3418956561654141
7.407000000000001e-07 0.1262140560184817 0.112842363220887 0.4389869836949287 0.3261446204740417
7.432e-07      0.1600180530636342 0.1436170459396352 0.4541164546772959 0.3104994087376606
7.457e-07      0.193526912660042 0.174218806935064 0.4689860746675456 0.2947672677324816
7.482e-07      0.2266787788182669 0.2042464447392539 0.4836543710815113 0.2794079263422575
7.507e-07      0.2594124991958495 0.233348549265234 0.4979518456445152 0.2646032963792812
7.532e-07      0.2916677472836314 0.2623844185067138 0.51203791522909 0.2496534967223762
7.557e-07      0.3233850037749186 0.2908441977132273 0.5257779697555638 0.2349337720423365
7.582e-07      0.3545057617454031 0.3186546850798102 0.5391423015834897 0.2204876165036796
7.607e-07      0.384972633005585 0.3458468800534482 0.5520785168013614 0.2062316367479132
7.632000000000001e-07 0.4147294184590922 0.3721827111058759 0.564626570411723 0.1924438593058472
7.657e-07      0.4437212380323579 0.3977013999770846 0.5767376968726902 0.1790362968956055
7.682e-07      0.471894517729344 0.4224058714511664 0.5884105463302256 0.1660046748790592
7.707e-07      0.499197364263918 0.446258114076871 0.5996346099266185 0.1533764958497476
7.732000000000001e-07 0.5255794448275071 0.4692135838419172 0.6103966594636437 0.1411830756217265
7.757e-07      0.5509920904772648 0.4912412651423776 0.6206921576515229 0.1294508925091452
7.782e-07      0.5753884133846544 0.5123206594843972 0.6305178495203823 0.118197190035985
7.807e-07      0.5987234123449695 0.5324265007369677 0.6398660925171002 0.1074395917801324
7.832e-07      0.6209540618922761 0.5515391276352135 0.6487320684459468 0.09719294081073325
7.857000000000001e-07 0.6420392571554672 0.5696292595246645 0.6571117336668717 0.08748247414220729
7.882e-07      0.6619401911177412 0.5866818142561711 0.664994317056548 0.07831250280037687
7.907e-07      0.6806201559114462 0.6026745279281852 0.6723764433301916 0.06970191540200639
7.932e-07      0.6980446700965302 0.6175836828034946 0.6792521392580799 0.06166845645458543
7.957000000000001e-07 0.7141816218479821 0.631386692061657 0.6856126701087064 0.05422597804704952
7.982e-07      0.7290012352613167 0.644063978532653 0.6914507345890579 0.04738675605640491
8.007e-07      0.7424761899577266 0.6555983594393734 0.6967579844254232 0.04115962498604987
8.032e-07      0.7545816182704338 0.6659698860225698 0.7015280427214107 0.03555815669884079
8.057e-07      0.7652951845998002 0.6751585740663321 0.7057537389842671 0.03059516491793502
8.082000000000001e-07 0.7745971382428688 0.6831434782687368 0.7094285686730928 0.02628509040435596
8.107e-07      0.7824703291051041 0.6899137693415269 0.7125450670316227 0.0226312976900957
8.132e-07      0.7889002155244099 0.6954628844931363 0.7150985702429723 0.01963568574983601
8.157e-07      0.7938749345889226 0.6997786963995417 0.7170844987478827 0.01730580234834103
8.182000000000001e-07 0.7973853096313641 0.7028523774165601 0.7184992045232702 0.01564682710671007
8.207e-07      0.7994248667951631 0.7046779295175332 0.7193400558945178 0.01466212637698466
8.232e-07      0.7999898440294555 0.7052516878648417 0.7196055042696353 0.01435381640479364
8.257e-07      0.7990792006503876 0.7045731187160551 0.7192949716590555 0.01472185294300046
8.282e-07      0.7966946150217485 0.7026429901827275 0.7184091079520699 0.01576611776934238
8.307e-07      0.7928404854297357 0.6994651764659607 0.7169495524934397 0.01748437602747902
8.332e-07      0.7875239198066144 0.69504592652525 0.7149190081085249 0.01987308158327496
8.357e-07      0.7807547258838606 0.689394328412454 0.7123211688318447 0.02292684041939077
8.382e-07      0.7725453921586937 0.6825227762912621 0.7091606637379081 0.02663788744664598
8.407000000000001e-07 0.7629110821234204 0.6744365485675868 0.7054421702372737 0.03100562166968691
8.432e-07      0.7518695548819883 0.6651486524582559 0.7011732833107227 0.03602463085246669
8.457e-07      0.7394411681236597 0.6546794914198996 0.696360511509887 0.04168102008998739
8.482e-07      0.7256488554017622 0.6430495365772596 0.6910108811977348 0.0479613446204752
8.507000000000001e-07 0.7105180657247125 0.6302780519123432 0.6851311047438862 0.05485305283154292
8.532e-07      0.694076695222141 0.6163826068492649 0.6787292589967538 0.06234665214748896
8.557e-07      0.6763550814534737 0.6013829966569162 0.6718128024809331 0.07042980582401703
8.582e-07      0.6573858835660013 0.5853019296033314 0.6643903660641535 0.079088436460822
8.607e-07      0.6372041181510741 0.5681630769848866 0.656467818247798 0.08830474126291146
8.632000000000001e-07 0.6158470019696447 0.5499881455707613 0.6480484552969598 0.09806030972619846
8.657e-07      0.5933538626462185 0.5307929582151104 0.6391429466588744 0.108349988443764
8.682e-07      0.5697662761398166 0.5106061945246686 0.6297552920666724 0.1191490975420037
8.707e-07      0.5451277353260402 0.4894478421348644 0.6198905347898214 0.130442692654957
8.732000000000001e-07 0.5194836892432808 0.4673434577118868 0.6095564988145475 0.1422130411026607
8.757e-07      0.492881452747688 0.4443132032767214 0.5987560134263773 0.154442810149656
8.782e-07      0.4653701003401687 0.4203893358394937 0.5874938308632995 0.1671044950238059
8.807e-07      0.4370003399976723 0.3956167545289209 0.5757836079893044 0.1801668534603834
8.832e-07      0.4078244464857523 0.3700314791368383 0.5636351703126471 0.1936036911758088
8.857e-07      0.3778963247181282 0.3436293436529538 0.5510500635148818 0.207420719861928
8.882e-07      0.3472711670171227 0.3163779720014579 0.53807875938864 0.2217007873871822
8.907e-07      0.316005466672688 0.288511754073483 0.5246807429521992 0.2361689888787162
8.932e-07      0.2841568798106182 0.2600011971468003 0.5109089408775273 0.2509077437307269
8.957000000000001e-07 0.2517841557652807 0.2309216203987766 0.4967929001934542 0.2658712797946776
8.982e-07      0.2189470332841004 0.2017806137753823 0.4824707111043097 0.2806900973289274
9.007e-07      0.1857060178659704 0.1717120677341974 0.4677756391508083 0.2960635714166109
9.032e-07      0.15212244180345 0.1410842197199473 0.4528864641205907 0.3118022444006434
9.057000000000001e-07 0.1182582906880343 0.1102802140177037 0.437736240272237 0.3274560262545333
9.082e-07      0.08417600763855997 0.07919170739284129 0.4224011076824561 0.3432094002896149
9.107e-07      0.04993845837494458 0.04793354543168651 0.4069191919931386 0.3589856465614521
9.132e-07      0.01560879535819404 0.0166046151176307 0.3913292106029609 0.3747245954853302
9.157e-07      -0.01874966101634557 -0.01472283323905245 0.3756662240327896 0.390389057271842
9.182000000000001e-07 -0.05307353042565845 -0.04605234112065638 0.3599289824992646 0.405981323619921
9.207e-07      -0.08729950337547071 -0.07731747396618383 0.3441498651112798 0.4214673390774636
9.232e-07      -0.1213644487209651 -0.1084191024179069 0.3283901558931088 0.4368092583110156
9.257e-07      -0.1552055327215827 -0.1392437777196006 0.3127255238370396 0.4519693015566402
9.282000000000001e-07 -0.1887603540372334 -0.1699040863310874 0.2969851962381959 0.4668892825692832
9.307e-07      -0.2219669865773332 -0.1999885568112866 0.2815885816072337 0.4815771384185202
9.332e-07      -0.2547641508643298 -0.2295631920048479 0.2664289134217765 0.4959921054266244
9.357e-07      -0.2870914153703381 -0.2582696063680678 0.2517763923885841 0.510045998756652
9.382e-07      -0.3188891343134446 -0.2868169549792079 0.2370205922862963 0.5238375472655042
9.407000000000001e-07 -0.3500986477495642 -0.3147237000441076 0.2225332182158128 0.5372569182599204
9.432e-07      -0.3806624031549377 -0.3420190010439735 0.2082315385296344 0.5502505395736079
9.457e-07      -0.4105240184497102 -0.3684706210985147 0.1943901390599958 0.5628607601585106
9.482e-07      -0.4396284271865096 -0.3941050820604864 0.1809292752513872 0.5750343573118736
9.507000000000001e-07 -0.4679218618565271 -0.4189277018604337 0.1678425390651814 0.586770240925615
9.532e-07      -0.4953521737803804 -0.4429045817372085 0.1551548409602589 0.5980594226974674
9.557e-07      -0.5218688130848117 -0.4659902275646528 0.1428972740002807 0.6088875015649335
9.582e-07      -0.5474228634391536 -0.4881518228668682 0.1310979969850941 0.6192498198519624
9.607e-07      -0.5719671753956089 -0.5093685631907708 0.1197747852657558 0.6291433484565266
9.631999999999999e-07 -0.59545647297235 -0.5296145860924949 0.1089454520257741 0.638560038118269
9.656999999999999e-07 -0.6178474440618853 -0.5488705809417507 0.09862484674489019 0.6474954276866409
9.681999999999999e-07 -0.6390987072485464 -0.5671080214331047 0.08883720179170922 0.6559452232248139
9.706999999999999e-07 -0.6591711215864791 -0.5843100886507143 0.07958863976801966 0.663898728418734
9.732000000000001e-07 -0.6780276745338646 -0.600455603696719 0.07089709776943641 0.6713527014661554
9.757e-07      -0.6956335591514522 -0.6155209463973585 0.06278028738487568 0.6783012337822343
9.782e-07      -0.7119563283298228 -0.629483234516288 0.05525259368776277 0.6847358282040507
9.807e-07      -0.726965863775087 -0.6423226590233149 0.04832626178822914 0.6906489208115439
9.832e-07      -0.7406344917462842 -0.6540212068620658 0.04201134595105587 0.6960325528131216
9.856999999999999e-07 -0.7529369942235127 -0.6645602410271207 0.03631952560030202 0.7008797666274228
9.882000000000001e-07 -0.7638506681689772 -0.6739189622806445 0.03126469766684909 0.7051836599474937
9.907000000000001e-07 -0.7733553900939127 -0.6820774805602132 0.02686021703446946 0.7089376975946826
9.932000000000001e-07 -0.7814336432463967 -0.6890210217876006 0.02311317799471197 0.7121341997823126
9.957000000000001e-07 -0.7880705043657791 -0.6947454019982717 0.02002303869214443 0.7147684406904161
9.982e-07      -0.7932537293031643 -0.6992380109361028 0.01759768336715504 0.7168356943032579
1.0007e-06     -0.7969737558676976 -0.7024895766983034 0.01584261095515969 0.7183321876534631
1.0032e-06     -0.7992237234837557 -0.7044936938209807 0.01476144791997908 0.7192551417409598
1.0057e-06     -0.7999994822828508 -0.7052463955425766 0.01435645214419343 0.71960284768677
1.0082e-06     -0.7992996026513335 -0.7047467581183799 0.01462782188198244 0.7193745800003624
1.0107e-06     -0.79712537415537 -0.7029952224445412 0.01557561151008718 0.7185708339546283
1.0132e-06     -0.7934808073363994 -0.699995333232699 0.01719775925523452 0.7171930924879335
1.0157e-06     -0.7883726235780816 -0.6957529485453631 0.01949096348885626 0.7152439120342193
1.0182e-06     -0.781810245345258 -0.6902767133876057 0.02245014820530759 0.7127268615929133
1.0207e-06     -0.7738057801542072 -0.6835785406144347 0.02606788268570012 0.7096464233001348
1.0232e-06     -0.7643740103142191 -0.6756659637565233 0.03034124337298522 0.7060072071295086
1.0257e-06     -0.7535323285738063 -0.666548225279686 0.03526836667126017 0.7018165919509463
1.0282e-06     -0.7413007203711235 -0.6562467208096108 0.04083434326842917 0.6970810640780399
1.0307e-06     -0.7277017524936521 -0.6447810474823225 0.04702682493642799 0.6918078724187504
1.0332e-06     -0.712760524002 -0.6321718457734884 0.05383136247699061 0.686003208250479
1.0357e-06     -0.6965045784200564 -0.61843585820141 0.06123966911070455 0.6796755273121146
1.0382e-06     -0.6789639104306257 -0.6035925621840449 0.06923947457494221 0.6728320367589871
1.0407e-06     -0.6601708490324069 -0.5876645329215933 0.07781694120623094 0.6654814741278242
1.0432e-06     -0.6401600800994955 -0.5706753634012706 0.08695459263022233 0.657629956031493
1.0457e-06     -0.6189685157395973 -0.5526480346128151 0.09663301439057652 0.6492810490033917
1.0482e-06     -0.5966351642266704 -0.5335962774790076 0.1068485094458245 0.6404447869248321
1.0507e-06     -0.5732013111780172 -0.5135499073813471 0.1175757761560793 0.6311256835374264
1.0532e-06     -0.5487101685065801 -0.4925290393257347 0.1287997644293784 0.621328803755113
1.0557e-06     -0.5232069119583248 -0.4705587367383906 0.14050294330487 0.6110616800432606
1.0582e-06     -0.4967385959852899 -0.4476589581511838 0.152668339178194 0.6003272973293778
1.0607e-06     -0.4693540485735684 -0.4238601411063133 0.1652702207087829 0.5891303618150961
1.0632e-06     -0.441103761567221 -0.3992060109902169 0.1782772420079557 0.5774832529981725
1.0657e-06     -0.412039756388572 -0.3737368619256304 0.1916606726342472 0.5653975345598776
1.0682e-06     -0.382215745743401 -0.3474507416954635 0.2054238880466148 0.5528746297420783
1.0707e-06     -0.3516867359945231 -0.3203028061975511 0.2196581727254548 0.5399609789230059
1.0732e-06     -0.3205090394918549 -0.2925334149025967 0.2340847981106466 0.5266182130132433
1.0757e-06     -0.2887401492606845 -0.2641112885043481 0.2487869626799374 0.5128982511842856
1.0782e-06     -0.2564386671997715 -0.2351071851448572 0.2637225595160272 0.4988297446608844
1.0807e-06     -0.2236641953816099 -0.206034106498619 0.2785117526873396 0.4845458591859586
1.0832e-06     -0.1904771445929748 -0.1760375105829091 0.2938552936482009 0.46989280423111
1.0857e-06     -0.1569387228057385 -0.1454538535376443 0.3095783335816781 0.4550321871193224
1.0882e-06     -0.1231108433832235 -0.1147009905182356 0.325211820153865 0.4399128106721005
1.0907e-06     -0.08905588107108879 -0.08364598498463582 0.3409552281745755 0.4246012131592113
1.0932e-06     -0.05483665175741073 -0.05240547248188231 0.3567329723022238 0.4091384447841062
1.0957e-06     -0.02051627377793962 -0.02108114166094869 0.3724804096756092 0.3935615513365579
1.0982e-06     0.01384194889932379 0.01027652915592176 0.3879231717957808 0.3776466426398591
1.1007e-06     0.04817463895825167 0.041578612282471 0.4037594199972943 0.3621808077148233
1.1032e-06     0.08241846770156115 0.07285861553461057 0.4192629447499536 0.346404329215343
1.1057e-06     0.1165102721299152 0.1039902221039613 0.4346277911545087 0.3306375690505474
1.1082e-06     0.1503871689915551 0.1348617243042443 0.449816123289246 0.3149543989850017
1.1107e-06     0.1839866894463533 0.165567025225083 0.4647706575434094 0.2992036323183264
1.1132e-06     0.2172468399478729 0.195720522009717 0.4794940761550572 0.2837735541453403
1.1157e-06     0.2501062083845018 0.225371767001306 0.4939512866971612 0.2685795196958551
1.1182e-06     0.2825042746721217 0.2541430792041217 0.5080468147543287 0.2539037355502069
1.1207e-06     0.3143812588536285 0.2827767373268968 0.52188949035734 0.2391127530304432
1.1232e-06     0.3456783526892213 0.3107784200644128 0.5353634615229538 0.224585041458541
1.1257e-06     0.3763378414568241 0.3381757691138477 0.5484139351589554 0.2102381660451077
1.1282e-06     0.4063031615426401 0.364742068188294 0.5610857720385738 0.1963437038502797
1.1307e-06     0.4355190642779265 0.3904923534823941 0.5733220688451286 0.1828297153627345
1.1332e-06     0.4639315920874596 0.4154323059130073 0.5851205530643404 0.1696882471513331
1.1357e-06     0.4914883379927424 0.4395326310739156 0.5964732945941393 0.1569406635202237
1.1382e-06     0.5181385333062959 0.4627473217045044 0.607368191948402 0.1446208702438975
1.1407e-06     0.5438330264689029 0.48504306197086 0.6177978735509613 0.1327548115801013
1.1432e-06     0.5685244025566716 0.5063965528990864 0.6277591092053074 0.1213625563062209
1.1457e-06     0.5921671151763575 0.526782500553873 0.6372442070537684 0.1104617064998954
1.1482e-06     0.6147175626953534 0.5461810089337964 0.6462485871535738 0.1000675782197775
1.1507e-06     0.6361340961050329 0.5645654041787743 0.6547684205355665 0.09020301635679212
1.1532e-06     0.6563772355875808 0.5819168067128178 0.6627929242907059 0.08087611757788814
1.1557e-06     0.6754096654093518 0.5982146533558964 0.6703186549273348 0.07210400157143834
1.1582e-06     0.6931962596350199 0.6134357322423635 0.6773398197084127 0.06390408746604924
1.1607e-06     0.7097042287996422 0.6275575070910302 0.6838487678740581 0.05629126078302806
1.1632e-06     0.7249031224658213 0.6405580254481897 0.6898363437195417 0.04927831827135196
1.1657e-06     0.7387649089931917 0.6524203574145672 0.6952961867557576 0.04287582934119041
1.1682e-06     0.7512640224801821 0.6631265103233822 0.700220401705325 0.0370938913819427
1.1707e-06     0.7623773931665693 0.6726549247213497 0.7046023484769524 0.03194742375560252
1.1732e-06     0.7720845270921836 0.6809863843023786 0.7084349182308992 0.02744853392852071
1.1757e-06     0.7803675367227828 0.6881033950580649 0.711711854748143 0.02360845969007809
1.1782e-06     0.7872111226679032 0.6940027866100013 0.7144267380654158 0.02042395145541449
1.1807e-06     0.7926026583664194 0.6986720036149388 0.7165752383600107 0.01790323474507192
1.1832e-06     0.7965321964102675 0.7021013227063697 0.7181534639328965 0.01605214122652687
1.1857e-06     0.7989924898132981 0.7042839299038989 0.7191584835888375 0.01487455368493858
1.1882e-06     0.7999790009452484 0.7052155455271724 0.7195884338670461 0.01437288833987375
1.1907e-06     0.7994899113470803 0.7048948380384551 0.7194424429374174 0.01454760489896238
1.1932e-06     0.797526121862828 0.7033219734194387 0.7187208441569998 0.01539887073756104
1.1957e-06     0.7940912550107034 0.700500127715198 0.7174249690038454 0.0169248412886475
1.1982e-06     0.7891916449340145 0.6964360060431865 0.7155583956480537 0.01912238960486712
1.2007e-06     0.7828363299558234 0.6911341562529767 0.7131210571767673 0.02198690092379055
1.2032e-06     0.7750370347586228 0.6846096757705304 0.7101207948617406 0.02551111909121026
1.2057e-06     0.7658081602084821 0.676870880793125 0.7065609831999603 0.02969010240683531
1.2082e-06     0.7551667321316277 0.6679236342981669 0.702448782359256 0.03452514806108914
1.2107e-06     0.7431323629783161 0.6577901656153159 0.6977906485413301 0.04000048292601422
1.2132e-06     0.7297272522033996 0.6464891930660526 0.6925939888957632 0.04610479582971063
1.2157e-06     0.7149761474077285 0.634042663002034 0.6868646140923017 0.05282195109026771
1.2182e-06     0.6989062386187798 0.6204665290969549 0.6806112854496263 0.06014475635267148
1.2207e-06     0.6815471774700752 0.6057800100522499 0.6738408842950576 0.06806087424280773
1.2232e-06     0.6629309594593021 0.5900054734606469 0.6665623549068098 0.07655688144616289
1.2257e-06     0.643091940263257 0.573166485497527 0.6587820131690925 0.08561552767156543
1.2282e-06     0.6220667154090096 0.5552871483570011 0.6505039757492874 0.09521682739228632
1.2307e-06     0.5998940031182557 0.536379269616289 0.6417367623838016 0.1053574927675126
1.2332e-06     0.5766147660341772 0.5164738283986408 0.6324863870313228 0.1160125586326821
1.2357e-06     0.5522719433509387 0.4955908352823816 0.6227574371873769 0.1271666019049953
1.2382e-06     0.5269104373783365 0.4737547766828225 0.6125570228227425 0.13880224613992
1.2407e-06     0.5005770375977234 0.4509863873703294 0.6018892029055796 0.1509028155352501
1.2432e-06     0.4733203259689892 0.427313466966111 0.5907576817449386 0.1634442147788276
1.2457e-06     0.4451905754993903 0.4027786925513352 0.5791738721289563 0.1763951795776211
1.2482e-06     0.4162395534214602 0.3774249081241357 0.5671508971660122 0.1897259890418765
1.2507e-06     0.386520777902872 0.3512570735813091 0.5546907099687945 0.2034336363874855
1.2532e-06     0.3560890769687921 0.3242951872750854 0.5417998531013142 0.2175046658262288
1.2557e-06     0.325000545316174 0.2965418226272748 0.5285479904891983 0.2320061678619236
1.2582e-06     0.2933125478431548 0.2682095705392886 0.5148803837059301 0.2466708131666415
1.2607e-06     0.261083523897337 0.2392826516670635 0.5008593261086457 0.2615766744415822
1.2632e-06     0.2283729380723323 0.210277227459599 0.4866151165416152 0.2763378890820162
1.2657e-06     0.1952411033965137 0.180353629692736 0.4720047995348789 0.291651169842143
1.2682e-06     0.161749095162106 0.1498148177968236 0.4571731799992267 0.3073583622024031
1.2707e-06     0.1279587610320254 0.1191155612761769 0.4420854387372047 0.3229698774610278
1.2732e-06     0.09393240179615404 0.08809636714314822 0.4267987834955853 0.338702416352437
1.2757e-06     0.05973278057784193 0.05687571467971066 0.4113553748661817 0.3544796601864711
1.2782e-06     0.02542297971712197 0.02555766005564872 0.3957923306027188 0.3702346705470701
1.2807e-06     -0.008933716501297853 -0.005788274230509776 0.3798990239962456 0.3856872982267555
1.2832e-06     -0.04327393374414643 -0.03710389695339864 0.3644316367195005 0.4015355336728991
1.2857e-06     -0.07753432903233048 -0.06839677860287489 0.3486589556770492 0.417055734279924
1.2882e-06     -0.1116517092126533 -0.09955611672417022 0.3328864497918695 0.4324425665160398
1.2907e-06     -0.145563143272522 -0.130471912702886 0.3171866703232446 0.4476585830261305
1.2932e-06     -0.1792060979078391 -0.161221042362411 0.3014261668617578 0.4626472092241689
1.2957e-06     -0.2125185062374868 -0.1914421966701281 0.2859638643297824 0.4774060609999106
1.2982e-06     -0.2454388495097294 -0.2211694946047603 0.2707345610946027 0.491904055699363
1.3007e-06     -0.2779064980101616 -0.2500052195095452 0.2560353262258518 0.506040545735397
1.3032e-06     -0.3098615471167385 -0.278723700885592 0.2412101691007059 0.5199338699862979
1.3057e-06     -0.3412450430305047 -0.306819050468647 0.2266430001945464 0.5334620506631934
1.3082e-06     -0.3719991108248165 -0.3343175105137502 0.2122514102769476 0.5465689207906977
1.3107e-06     -0.402067008342664 -0.360997528471963 0.1983050393754228 0.5593025678473859
1.3132e-06     -0.4313933041587805 -0.3868631774524257 0.1847376580328572 0.5716008354852828
1.3157e-06     -0.45992385493277 -0.4119199456352596 0.1715419676678666 0.5834619133031262
1.3182e-06     -0.4876059944122893 -0.4361429597246462 0.1587363969220973 0.5948793566467435
1.3207e-06     -0.5143887470056772 -0.4594861307065888 0.1463538319398619 0.6058399626464507
1.3232e-06     -0.5402227147158514 -0.4819150425820967 0.1344212949708266 0.6163363375529233
1.3257e-06     -0.5650602243554704 -0.5034046253067614 0.1229604520845834 0.6263650773913447
1.3282e-06     -0.5888554629034251 -0.5239301753722423 0.1119883031324548 0.635918478504697
1.3307e-06     -0.6115645391251638 -0.5434707451149847 0.1015209116681102 0.644991656783095
1.3332e-06     -0.6331455333657944 -0.562005579627146 0.09157582459918204 0.6535814042263282
1.3357e-06     -0.6535586372824519 -0.5795020300590633 0.08217492350876289 0.6616769535678263
1.3382e-06     -0.6727662270833182 -0.5959517601888688 0.07332253120998926 0.6692742913988581
1.3407e-06     -0.6907328684093674 -0.6113283883094297 0.06503938738242651 0.6763677756918562
1.3432e-06     -0.7074254108334833 -0.6256082559175918 0.05734230916505172 0.6829505650826436
1.3457e-06     -0.722813088984215 -0.6387701126497541 0.05024289235990313 0.6890130050096572
1.3482e-06     -0.736867512035327 -0.6507958858676178 0.0437530269318645 0.6945489127994823
1.3507e-06     -0.7495627660143692 -0.6616687396423493 0.03788123077068412 0.6995499704130334
1.3532e-06     -0.7608754149354668 -0.6713664744006453 0.03264337008049146 0.7040098444811368
1.3557e-06     -0.77078459376411 -0.6798713193249332 0.02805003270316147 0.7079213520280947
1.3582e-06     -0.7792720496190583 -0.6871609219485894 0.02411712987949336 0.7112780518280827
1.3607e-06     -0.7863221027399682 -0.6932350595478366 0.020838416826473 0.7140734763743096
1.3632e-06     -0.7919217462485505 -0.698080719153973 0.01822242312570274 0.7163031422796756
1.3657e-06     -0.7960606478526008 -0.7016876291492502 0.01627541536928749 0.7179630445185377
1.3682e-06     -0.7987311744373796 -0.704048637361815 0.01500144962825437 0.7190500869900693
1.3707e-06     -0.7999284007906854 -0.7051591400428758 0.01440312331798075 0.7195622633608566
1.3732e-06     -0.7996501194172069 -0.7050173104027455 0.01448125432468671 0.7194985647274323
1.3757e-06     -0.7978968430585031 -0.7036232311056413 0.01523590230097359 0.7188591334066149
1.3782e-06     -0.7946718054734589 -0.7009795395419729 0.01666563370710231 0.7176451732490753
1.3807e-06     -0.7899809544018821 -0.697091407575087 0.01876754076505901 0.715858948340146
1.3832e-06     -0.7838329410689474 -0.6919666141391762 0.02153712384155695 0.7135037379807331
1.3857e-06     -0.7762391104630152 -0.6856161304409312 0.0249676044589042 0.7105837348998354
1.3882e-06     -0.7672134778135621 -0.6780512558246671 0.02905222348633127 0.7071034793109984
1.3907e-06     -0.7567727040519736 -0.6692748286151579 0.03379499714810004 0.7030698257632579
1.3932e-06     -0.7449360269946788 -0.6593097691213278 0.03917947264140674 0.6984892417627345
1.3957e-06     -0.731725278529012 -0.6481739861230589 0.04519510255957111 0.69336908868263
1.3982e-06     -0.7171648526790744 -0.6358904513253183 0.05182479814749892 0.6877152494728171
1.4007e-06     -0.7012815853184735 -0.6224745115485776 0.05906200232223569 0.6815365138708133
1.4032e-06     -0.6841047850991233 -0.6079452749247285 0.06689406450690209 0.6748393394316307
1.4057e-06     -0.6656661109570464 -0.59232468794518 0.07530829969017089 0.6676329876353509
1.4082e-06     -0.6459995882915205 -0.5756363506500187 0.08428761574959455 0.6599239663996133
1.4107e-06     -0.6251414917352341 -0.5579063614203552 0.09381141367446157 0.6517177750948168
1.4132e-06     -0.6031302565220634 -0.53914192053103 0.1038769445206081 0.6430188650516383
1.4157e-06     -0.5800065119027845 -0.5193778126276445 0.1144595045187872 0.6338373171464317
1.4182e-06     -0.5558129257883259 -0.4986331652296505 0.1255432497338637 0.6241764149635142
1.4207e-06     -0.5305941241917391 -0.4769320508203839 0.1371111564807068 0.6140432073010907
1.4232e-06     -0.504396633025939 -0.4542953458243943 0.1491463317702405 0.6034416775946349
1.4257e-06     -0.4772687839662345 -0.4307491642768383 0.1616265533071938 0.5923757175840321
1.4282e-06     -0.4492606211877362 -0.4063346359593933 0.1745210581605709 0.5808556941199642
1.4307e-06     -0.4204236795877893 -0.3810958250295032 0.1877994579317703 0.5688952829612736
1.4332e-06     -0.3908112585077949 -0.355046881080374 0.2014511093780821 0.5564979904584562
1.4357e-06     -0.3604779990623856 -0.328191951639672 0.2154746916547164 0.5436666432943884
1.4382e-06     -0.3294798149703153 -0.3005366163612406 0.229933128863603 0.5304697452248436
1.4407e-06     -0.2978739033445302 -0.2722959072027859 0.2445590966653065 0.5168550038680924
1.4432e-06     -0.2657185510341246 -0.2434476554831317 0.2594344765616967 0.5028821320448285
1.4457e-06     -0.2330730837686479 -0.2145100207961056 0.2741684717092751 0.4886784925053806
1.4482e-06     -0.1999977122923559 -0.184660237784585 0.2894501378740528 0.4741103756586378
1.4507e-06     -0.1665533781937991 -0.154166396119742 0.3051428697064729 0.4593092658262148
1.4532e-06     -0.1328018611119671 -0.123523539931224 0.3207304441967817 0.4442539841280057
1.4557e-06     -0.09880538603319075 -0.09254266600024179 0.3364504653693475 0.4289931313695892
1.4582e-06     -0.06462666050198927 -0.06134399494907849 0.3522258688236113 0.4135698637726898
1.4607e-06     -0.03032872845747258 -0.03003407044066164 0.3679874288468719 0.3980214992875335
1.4632e-06     0.004025147733783268 0.001300022330183534 0.3834503867834053 0.3821503644532218
1.4657e-06     0.03837159928680073 0.03262830299331356 0.3993096275950108 0.3666813246016972
1.4682e-06     0.07264727125267924 0.06393227524461216 0.4148458357912714 0.3509135605466593
1.4707e-06     0.1067889424586039 0.0951169728885702 0.4302539622732863 0.3351369893847161
1.4732e-06     0.1407336371853755 0.126074354486177 0.4454964335000215 0.3194220790138445
1.4757e-06     0.1744187593784077 0.1568663356308893 0.4605190488176769 0.3036527131867876
1.4782e-06     0.2077821627279601 0.1871507626922602 0.4753097474547961 0.2881589847625359
1.4807e-06     0.2407622504920754 0.2169563038596566 0.489850657972478 0.2728943541128214
1.4832e-06     0.2732982584858046 0.2458565933823821 0.5040279006006527 0.2581713072182706
1.4857e-06     0.3053301692710764 0.2746580548939189 0.5179707965991306 0.2433127417052117
1.4882e-06     0.3367988856655225 0.3028457435772474 0.531552712775838 0.2287069691985907
1.4907e-06     0.3676463746475915 0.3304443485097454 0.5447155577459956 0.2142712092362501
1.4932e-06     0.3978157177956161 0.3572368222069219 0.5575107757417544 0.2002739535348325
1.4957e-06     0.4272513035379262 0.3832180302117523 0.5698707215320579 0.1866526913203055
1.4982e-06     0.455898803446086 0.408390489072561 0.5817941022937981 0.1734036132212372
1.5007e-06     0.4837052933569325 0.4327353129566755 0.5932760910590883 0.1605407781024128
1.5032e-06     0.5106195951051729 0.4562084995429879 0.6043037997533502 0.1480953002103623
1.5057e-06     0.5365920627742043 0.4787678163909622 0.6148653917213913 0.1360975753304291
1.5082e-06     0.5615747726016187 0.5003930701343027 0.6249613495264664 0.1245682793921638
1.5107e-06     0.5855216406932156 0.5210577284719288 0.6345829305991213 0.1135252021271926
1.5132e-06     0.6083884946609501 0.5407403018846357 0.6437250932225997 0.1029847913379641
1.5157e-06     0.630133134463977 0.5594209740162724 0.6523844957817132 0.09296352176544069
1.5182e-06     0.6507154327853715 0.5770658201956917 0.6605508316765697 0.08348501148087793
1.5207e-06     0.6700974595701816 0.5936669461741914 0.6682196845842178 0.07455273841002641
1.5232e-06     0.68824346298271 0.6091982759285096 0.6753855384471443 0.06618726251863473
1.5257e-06     0.7051199586710994 0.6236361935820227 0.682041790226173 0.05840559664415022
1.5282e-06     0.7206958420160396 0.6369589784452598 0.6881789276528405 0.05121994920758064
1.5307e-06     0.734942372333289 0.6491478372779812 0.6937907500721937 0.04464291279421252
1.5332e-06     0.7478332888751379 0.6601869831671048 0.6988684945373739 0.03868151137026903
1.5357e-06     0.7593447902207914 0.6700537177169624 0.7034061328114751 0.03335241509451276
1.5382e-06     0.7694556438284662 0.6787303134883423 0.7073964006145131 0.02866608712617076
1.5407e-06     0.7781472230522924 0.6861936074267151 0.7108328241986696 0.0246392167719545
1.5432e-06     0.7854034780467 0.6924422546883444 0.7137086686863841 0.02126641399803973
1.5457e-06     0.791211018580871 0.6974641156034406 0.7160194162581034 0.01855530065466286
1.5482e-06     0.7955591279455875 0.7012484953200677 0.7177609276788883 0.01651243235882061
1.5507e-06     0.7984397872009115 0.7037878274922965 0.718929955949918 0.01514212845762149
1.5532e-06     0.7998476837240245 0.7050771811180635 0.7195243371622214 0.01444715604415782
1.5557e-06     0.799780221051935 0.7051142346543522 0.7195429330783316 0.01442869842397933
1.5582e-06     0.7982375237887144 0.703898982809969 0.71898569551464 0.01508671270467102
1.5607e-06     0.795222436870864 0.7014335494865807 0.7178536968593253 0.01642014737274464
1.5632e-06     0.7907405209696999 0.6977227865138573 0.7161490458905112 0.01842625937665383
1.5657e-06     0.7848000418754341 0.6927740624938731 0.7138748810608427 0.02110081856696966
1.5682e-06     0.7774119610199862 0.6865978737199676 0.7110352677174732 0.02443739399750555
1.5707e-06     0.7685899102222197 0.6792070456998927 0.7076346764915242 0.02842763079163159
1.5732e-06     0.758350183856092 0.6706017590813977 0.7036797063553356 0.03307794727393785
1.5757e-06     0.7467116443862112 0.6608054686708684 0.699176847639338 0.03837137896846948
1.5782e-06     0.7336957587618094 0.6498357222327753 0.6941332842742268 0.04429756204145153
1.5807e-06     0.7193265569405436 0.6377150917503447 0.6885552314621205 0.0508401397117758
1.5832e-06     0.7036305291500101 0.624459794909261 0.6824512070661936 0.05799141215693259
1.5857e-06     0.6866366365500688 0.6100882855491417 0.6758273920460013 0.06573910649685956
1.5882e-06     0.6683762004536697 0.5946221191808841 0.6686933604594575 0.0740712412785733
1.5907e-06     0.648882914716373 0.5780849059989006 0.6610558050739694 0.08297089907506892
1.5932e-06     0.6281927383854216 0.5605030333349518 0.6529203557811865 0.0924173224462347
1.5957e-06     0.6063438026147669 0.5418841621702466 0.6442910669121262 0.1024069047418795
1.5982e-06     0.5833764210033707 0.522261786440349 0.6351784564951981 0.1129166700548491
1.6007e-06     0.5593329825337997 0.5016559671800347 0.6255857196295462 0.1239297524495115
1.6032e-06     0.5342578368718184 0.4800883935563888 0.6155182175553335 0.1354298239989448
1.6057e-06     0.5081972384315929 0.4575856850240743 0.604984632204019 0.1473989471799447
1.6082e-06     0.481199273734601 0.4341671058006576 0.5939844619833894 0.1598173561827318
1.6107e-06     0.4533137414615368 0.409873804986193 0.5825289240095497 0.1726551190233567
1.6132e-06     0.4245919785973424 0.3847504727088755 0.5706307458581068 0.1858802731492313
1.6157e-06     0.3950870268252126 0.3588184781113281 0.5582956497552382 0.19947717164391
1.6182e-06     0.3648533493559298 0.3320738771893227 0.5455251071753531 0.2134512299860304
1.6207e-06     0.3339466799481666 0.3045178820956273 0.5323838968096307 0.2278660147140034
1.6232e-06     0.3024240440928068 0.2763690007904274 0.5188226530318882 0.2424536522414608
1.6257e-06     0.270343574097524 0.2476020657998692 0.5048981973684343 0.2572961315685652
1.6282e-06     0.2377644557564421 0.2187298550209794 0.4907357781809422 0.2720059231599627
1.6307e-06     0.2047467913658679 0.1889573408069083 0.4762104266454098 0.2872530858385015
1.6332e-06     0.1713514061481243 0.1586995196081231 0.4614299543714516 0.3027304347633284
1.6357e-06     0.1376399612847524 0.1279251054220118 0.4464188541910998 0.318493748769088
1.6382e-06     0.1036746503162254 0.0969845449420038 0.4311841443097398 0.334199599367736
1.6407e-06     0.06951810727962367 0.06581001673374334 0.4157817821538239 0.3499717654200805
1.6432e-06     0.03523333530640121 0.03451043308614204 0.4002486555192754 0.3657382224331333
1.6457e-06     0.0008835726027161353 0.003188155702405876 0.3843912868393976 0.3812031311369917
1.6482e-06     -0.03346782014907736 -0.02815218776950198 0.3689297395390441 0.3970819273085461
1.6507e-06     -0.06775747835736591 -0.05946533662401156 0.3531679715366817 0.4126333081606933
1.6532e-06     -0.101922155174275 -0.09067323399935737 0.3373887435951671 0.4280619775945245
1.6557e-06     -0.1358988325645622 -0.1216703306596296 0.3216603762262223 0.4433307068858519
1.6582e-06     -0.1696248394649386 -0.1523373567950892 0.3060593162863275 0.4583966730814167
1.6607e-06     -0.2030379964387778 -0.1828496043132027 0.290358179587025 0.4732077839002277
1.6632e-06     -0.2360765878423343 -0.2127311552427798 0.2750600411882378 0.4877911964310176
1.6657e-06     -0.2686797295251056 -0.2416977380206936 0.2603116373824478 0.5020093754031415
1.6682e-06     -0.3007872959565884 -0.2705790230327301 0.2454213220058483 0.5160003450385784
1.6707e-06     -0.332340047992789 -0.298858683468112 0.2307768226346086 0.5296355061027206
1.6732e-06     -0.363279796791327 -0.3265559903524332 0.2162977667640061 0.5428537571164394
1.6757e-06     -0.3935494518208739 -0.3534567199975149 0.2022522060178528 0.5557089260153678
1.6782e-06     -0.4230932178187018 -0.3795564127646145 0.1885752140056153 0.5681316267702298
1.6807e-06     -0.4518565877336008 -0.4048441873259871 0.1752730207937703 0.5801172081197574
1.6832e-06     -0.4797863816852433 -0.4293098203005794 0.1623536923808749 0.5916635126814543
1.6857e-06     -0.5068312186918584 -0.4529101998731441 0.1498466390305011 0.6027568389036452
1.6882e-06     -0.5329412076169119 -0.4756033649959067 0.1377830096646522 0.6133863746605589
1.6907e-06     -0.5580681782493531 -0.4973619503417504 0.1261859905873176 0.623547940929068
1.6932e-06     -0.5821657738338879 -0.5181652135291474 0.115072373761973 0.6332375872911203
1.6957e-06     -0.6051895450065593 -0.537989386517959 0.1044592503735301 0.642448636891489
1.6982e-06     -0.6270970180351724 -0.5568138130121704 0.09436252518514091 0.6511763381973114
1.7007e-06     -0.647847729136908 -0.5746082277701179 0.08480633667817461 0.6594145644482925
1.7032e-06     -0.6674034633275789 -0.5913603093205827 0.07579449802563402 0.6671548073462167
1.7057e-06     -0.6857281455605418 -0.6070458823951642 0.06734701543985015 0.6743928978350143
1.7082e-06     -0.7027879591515787 -0.621641376969721 0.05948106407071211 0.6811224410404331
1.7107e-06     -0.7185514609309125 -0.6351246068588877 0.05220963340636375 0.6873342402652515
1.7132e-06     -0.7329895636636683 -0.6474763991356746 0.04554529620117094 0.6930216953368454
1.7157e-06     -0.7460756563125834 -0.6586812997479413 0.03949466676432632 0.6981759665122677
1.7182e-06     -0.7577855765469684 -0.6687166676862626 0.03407458354617569 0.7027912512324382
1.7207e-06     -0.7680977251634774 -0.677564285434611 0.02929584393561074 0.7068601293702218
1.7232e-06     -0.7769930996268611 -0.6852015827374506 0.02517457016151642 0.7103761528989671
1.7257e-06     -0.7844552836717428 -0.6916244131211458 0.0217079069133617 0.7133323200345074
1.7282e-06     -0.7904705017171285 -0.6968234629659872 0.01890176311582673 0.7157252260818139
1.7307e-06     -0.7950276555677228 -0.7007839488320506 0.01676317821922529 0.717547127051276
1.7332e-06     -0.7981183390622997 -0.7035015048070705 0.01529659049343532 0.7187980953005059
1.7357e-06     -0.7997368527839475 -0.7049696717957975 0.01450498497016687 0.7194746567659643
1.7382e-06     -0.799880211353332 -0.7051856071809756 0.01438993912472519 0.7195755463057008
1.7407e-06     -0.7985481512341502 -0.7041492185119762 0.0149513070193627 0.719100525531339
1.7432e-06     -0.7957431284753177 -0.701862139426038 0.0161883924562365 0.7180505318822745
1.7457e-06     -0.7914703164577478 -0.6983288964856503 0.01809862285586477 0.7164275193415151
1.7482e-06     -0.7857375953340773 -0.6935564558583799 0.02067802668096958 0.7142344825393494
1.7507e-06     -0.7785555424049315 -0.687554889322995 0.02392045842960963 0.7114753477526046
1.7532e-06     -0.7699374082969793 -0.6803370159487141 0.0278174847656299 0.708154500714344
1.7557e-06     -0.7598991122486016 -0.6719044145708714 0.03237397542280938 0.7042783899936808
1.7582e-06     -0.7484591485790695 -0.6622772209705966 0.03757616903393888 0.6998533900045355
1.7607e-06     -0.7356386157390851 -0.6514739225105898 0.04341267736539054 0.6948865998759803
1.7632e-06     -0.7214611787956767 -0.6395165058901737 0.04986803748059985 0.6893845433707736
1.7657e-06     -0.70595298170362 -0.6264222933316751 0.05693301077333574 0.6833553041050109
1.7682e-06     -0.6891426279323737 -0.6122085920711272 0.06459673417163496 0.6768053262427621
1.7707e-06     -0.6710611260556781 -0.5968976993755819 0.07284574835895409 0.669743447734536
1.7732e-06     -0.6517418109864299 -0.5805120577027577 0.08166543557850331 0.6621774932812611
1.7757e-06     -0.6312203341839503 -0.5630789180354036 0.09103415266691038 0.6541130707023139
1.7782e-06     -0.6095345215075263 -0.5446059904768055 0.1009474482476933 0.6455534387244989
1.7807e-06     -0.5867243662138729 -0.5251256069509953 0.1113841206491273 0.6365097276001226
1.7832e-06     -0.562831981094105 -0.5046591785955843 0.1223261550952644 0.6269853336908487
1.7857e-06     -0.5379014341032782 -0.4832274776054316 0.1337576775151672 0.6169851551205987
1.7882e-06     -0.5119787105570547 -0.460855333915888 0.1456614832285189 0.6065168171444069
1.7907e-06     -0.4851116472829459 -0.4375671435759733 0.1580167402976159 0.5955838838735893
1.7932e-06     -0.4573497964488131 -0.4133959653474349 0.1707970266576941 0.5841929920051291
1.7957e-06     -0.4287442926323741 -0.3883886715526552 0.1839685327796532 0.5723572043323084
1.7982e-06     -0.3993479215701246 -0.3625722514231366 0.197511727766937 0.5600839791900737
1.8007e-06     -0.3692149631156308 -0.3359406970731127 0.2114344696100241 0.5473751666831368
1.8032e-06     -0.3384009720014488 -0.3084853186882095 0.22580483357947 0.5342901522676795
1.8057e-06     -0.3069627987431401 -0.2804293599625898 0.24035354208864 0.5207829020512299
1.8082e-06     -0.2749584189645553 -0.2517463877888204 0.2551624589237717 0.5069088467125922
1.8107e-06     -0.2424468766866317 -0.2229384062098523 0.2698485423582814 0.4927869485681337
1.8132e-06     -0.2094881630476462 -0.1932430029862817 0.2850601210744639 0.4783031240607457
1.8157e-06     -0.1761429681688552 -0.1630505714409722 0.3005059992231007 0.4635565706640729
1.8182e-06     -0.14247287939448 -0.1323192519280683 0.3162600519925989 0.4485793039206672
1.8207e-06     -0.1085400113195738 -0.1014217053309159 0.331950045074859 0.4333717504057749
1.8232e-06     -0.07440693675159281 -0.07027347357960578 0.3477175276925148 0.4179910012721206
1.8257e-06     -0.04013661563782787 -0.03898571625033433 0.3634884432124095 0.4024741594627438
1.8282e-06     -0.005792259648164387 -0.007676479344810857 0.3789517693339953 0.3866282486788061
1.8307e-06     0.02856278094758554 0.02367571528220845 0.3948525180221703 0.3711768027399618
1.8332e-06     0.06286513444906572 0.05499564691080021 0.4104185200311027 0.3554228731203025
1.8357e-06     0.09705153059214008 0.08622521863866309 0.4258667062122942 0.3396414875736312
1.8382e-06     0.1310589114350073 0.1172595710851284 0.4411608865314648 0.3239013154463364
1.8407e-06     0.1648245488180403 0.1479816994592063 0.45625913860304 0.3082774391438337
1.8432e-06     0.1982861858909398 0.1785389389038309 0.4711002358092958 0.292561296905465
1.8457e-06     0.2313820383987938 0.2084940123273991 0.4857257488949664 0.2772317365675674
1.8482e-06     0.2640510850075123 0.2375283086954112 0.4999840346048828 0.2624557259094716
1.8507e-06     0.2962330981080162 0.2664876701641675 0.5140227406863901 0.2475350705222226
1.8532e-06     0.3278686979603611 0.2948581755092776 0.5277107293396552 0.2328525538303776
1.8557e-06     0.3588995416252513 0.3226530371561089 0.5409837190849617 0.2183306819288528
1.8582e-06     0.3892683698173403 0.349659780454492 0.5538980940398835 0.2042383135853915
1.8607e-06     0.4189192039433689 0.3758785259483143 0.5663836608209472 0.1905051348726328
1.8632e-06     0.4477973427023618 0.4012811029940669 0.5784319643349832 0.1771508613409163
1.8657e-06     0.4758494071099319 0.4258666322485732 0.5900416606174876 0.1641750283689145
1.8682e-06     0.503023760630371 0.4495933528216787 0.6012004166350239 0.1516070638133452
1.8707e-06     0.5292702899521724 0.4724179879934601 0.6118961989387729 0.1394782109453128
1.8732e-06     0.5545405732850769 0.4943113281477127 0.6221248715981911 0.1278135434504784
1.8757e-06     0.5787879890030433 0.5152527237651436 0.631882466614089 0.1166297428489453
1.8782e-06     0.6019678104309022 0.5352181191543048 0.6411622994926252 0.1059441803383203
1.8807e-06     0.6240372872540954 0.5541869722987286 0.6499592335697917 0.0957722612710631
1.8832e-06     0.6449556343022931 0.5721293482061933 0.6582681954028036 0.08613884719661026
1.8857e-06     0.6646843396479298 0.5890319145232401 0.6660796834151611 0.077047768891921
1.8882e-06     0.6831870108928081 0.6048712600874205 0.6733898662685542 0.06851860618113374
1.8907e-06     0.7004295000349743 0.6196238571481805 0.6801925503057475 0.06056869315756707
1.8932e-06     0.7163800268346465 0.6332671388114123 0.6864788470651964 0.05321170825378408
1.8957e-06     0.7310091602689777 0.6457818734447176 0.6922417215766374 0.0464598481319199
1.8982e-06     0.7442899342114749 0.6571517358227681 0.6974724652153677 0.04032072939259959
1.9007e-06     0.7561978326275788 0.6673553712165229 0.7021652154748844 0.03480984425836157
1.9032e-06     0.7667108880095647 0.6763736883799654 0.7063125694816571 0.02993888110169185
1.9057e-06     0.7758097230455411 0.6841848534701271 0.7099080641981035 0.02572321072797629
1.9082e-06     0.7834775551891475 0.6907815703949487 0.7129444465974966 0.02216287620254796
1.9107e-06     0.7897002243080498 0.6961564012640173 0.7154182927241572 0.01926189146013987
1.9132e-06     0.7944662507251706 0.7002940053251048 0.717321648249578 0.01702764292447324
1.9157e-06     0.7977668421163557 0.7031896802471458 0.7186545101938822 0.01546482994673636
1.9182e-06     0.7995959120651936 0.7048365935770844 0.7194132276529505 0.01457663407586614
1.9207e-06     0.7999500865570847 0.705231425695897 0.7195964034774257 0.01436497778152865
1.9232e-06     0.7988287137174098 0.7043739366226393 0.7192036187157997 0.01482968209316042
1.9257e-06     0.7962338606862617 0.7022652923513192 0.7182356707762164 0.01597037842489714
1.9282e-06     0.7921703133944521 0.6989096789489795 0.7166943582220676 0.01778467927308807
1.9307e-06     0.7866455660374866 0.6943137489739758 0.7145825259724851 0.02026877699850924
1.9332e-06     0.7796698112922184 0.688487039949591 0.711903992496505 0.02341695254691404
1.9357e-06     0.7712559181203323 0.6814424344409014 0.7086635341973503 0.02722109975644898
1.9382e-06     0.7614194307168008 0.6731826812371599 0.7048658908138717 0.03168320957671184
1.9407e-06     0.7501784736615078 0.6637249668228021 0.7005188755502141 0.03679390872741192
1.9432e-06     0.7375537762210022 0.6530885351640148 0.695629017494235 0.04254048233022019
1.9457e-06     0.7235686380636008 0.6412946779724075 0.6902031050995475 0.04890842712714014
1.9482e-06     0.7082488568429435 0.628361312403577 0.6842483641415648 0.05588705173798773
1.9507e-06     0.6916226811992083 0.6143068435980452 0.6777724871390822 0.06346564354103706
1.9532e-06     0.6737207864984085 0.5991513234659652 0.670783290705054 0.07163196723908882
1.9557e-06     0.654576169469265 0.5829177543136159 0.6632890212451146 0.08037126693149865
1.9582e-06     0.6342241656614634 0.5656295777522647 0.6552955375226819 0.08966595977041715
1.9607e-06     0.6127022969883517 0.5473076503522071 0.6468061352047187 0.09949848485251159
1.9632e-06     0.5900502218257787 0.527969381815485 0.6378312570171133 0.1098618752016283
1.9657e-06     0.5663097900270498 0.5076427083534785 0.6283752235396308 0.1207325151861523
1.9682e-06     0.5415247786567423 0.4863473041278693 0.6184426477287167 0.1320953436008474
1.9707e-06     0.5157409083690481 0.4641089666013108 0.6080415518360087 0.1439325852346979
1.9732e-06     0.4890057531141607 0.4409491636532764 0.5971753313930412 0.1562261677397649
1.9757e-06     0.4613686338463924 0.4169012297727956 0.585847902616508 0.1689466728437124
1.9782e-06     0.4328804653148519 0.3920109799117155 0.5740749417627858 0.1820639618510703
1.9807e-06     0.4035937820078607 0.3663100916558541 0.5618641664642893 0.1955540748084352
1.9832e-06     0.3735626761381205 0.3397925569980485 0.5492168282437812 0.2094242712457327
1.9857e-06     0.342842523446899 0.3124387648947313 0.5361884780414411 0.2237497131467099
1.9882e-06     0.3114899964200526 0.2844770072857956 0.5227356200361264 0.2382586127503308
1.9907e-06     0.2795629120556039 0.255879496980488 0.508912448690116 0.2530329517096279
1.9932e-06     0.2471201700381133 0.2271360113042464 0.4948319123592563 0.2676959010550099
1.9957e-06     0.2142216301911355 0.1975170976412354 0.4803897709833464 0.282872673342111
1.9982e-06     0.1809278985212709 0.1673928095931914 0.4656784244165661 0.2982856148233747
2.0007e-06     0.1473004334843911 0.1367058354996398 0.450735449215684 0.3140296137160442
2.0032e-06     0.1134012856434673 0.1058536389228121 0.4355558904828877 0.3297022515600756
2.0057e-06     0.0792929648564047 0.07473414315896129 0.4201974850602329 0.3454633419012715
2.0082e-06     0.04503838484148236 0.04346020699700329 0.4046977264671995 0.3612375194701963
2.0107e-06     0.01070072919874994 0.0121283719478476 0.3890954487832549 0.3769670768354073
2.0132e-06     -0.02365666633807235 -0.01919922410924991 0.3734223245266187 0.3926215486358686
2.0157e-06     -0.05797042371001938 -0.05052477828295107 0.3576762835878669 0.4082010618708179
2.0182e-06     -0.09217725228626973 -0.0817731150738692 0.3418956992326661 0.4236688143065353
2.0207e-06     -0.1262140560180748 -0.1128423363281916 0.326144657271358 0.4389869935995496
2.0232e-06     -0.1600180530631045 -0.1436170335400598 0.3104994239182547 0.4541164574583145
2.0257e-06     -0.1935269126576207 -0.1742188131126915 0.2947672728508756 0.4689860859635671
2.0282e-06     -0.2266787788283245 -0.2042464591794152 0.2794079128231167 0.483654372002532
2.0307e-06     -0.2594124991979979 -0.2333485342004434 0.2646033212081047 0.4979518554085481
2.0332e-06     -0.2916677472828058 -0.2623843937715247 0.249653529936023 0.5120379237075476
2.0357e-06     -0.3233850037728781 -0.2908441649239145 0.2349338117987861 0.5257779767227005
2.0382e-06     -0.3545057617428294 -0.3186546458663744 0.2204876615480768 0.5391423074144512
2.0407e-06     -0.3849726330044809 -0.3458468908956543 0.206231629506055 0.5520785204017093
2.0432e-06     -0.4147294184474958 -0.3721827243338461 0.1924438499035685 0.5646265742374146
2.0457e-06     -0.4437212380160565 -0.3977014112682555 0.1790362896231991 0.5767377008914546
2.0482e-06     -0.4718945177493081 -0.4224058773713628 0.1660046711084385 0.5884105484798013
2.0507e-06     -0.4991973642739763 -0.4462581156528428 0.1533764964456105 0.5996346120984534
2.0532e-06     -0.5255794448356209 -0.4692135835155185 0.1411830775004318 0.6103966610159504
2.0557e-06     -0.5509920904912299 -0.4912412655864198 0.1294508934024338 0.6206921589888537
2.0582e-06     -0.5753884134043238 -0.5123206602768998 0.1181971903840497 0.6305178506609496
2.0607e-06     -0.5987234123702105 -0.5324265011703817 0.1074395923747589 0.6398660935451406
2.0632e-06     -0.6209540619281025 -0.5515391279688556 0.09719294127034919 0.6487320692392049
2.0657e-06     -0.6420392571337942 -0.5696292597502096 0.08748247541861325 0.6571117351688228
2.0682e-06     -0.6619401910966897 -0.5866818129869669 0.07831250545295203 0.6649943184399189
2.0707e-06     -0.6806201558918515 -0.6026745252996354 0.06970191930886788 0.6723764446085032
2.0732e-06     -0.6980446700849932 -0.6175836796809741 0.06166846058045204 0.6792521402614261
2.0757e-06     -0.7141816218372495 -0.6313866887331235 0.05422598234282628 0.6856126710759498
2.0782e-06     -0.7290012352519061 -0.6440639748058216 0.04738676068913997 0.6914507354949615
2.0807e-06     -0.7424761899353495 -0.6555983529548273 0.0411596326166432 0.6967579855714705
2.0832e-06     -0.7545816182483313 -0.6659698784420069 0.03555816540649979 0.7015280438485068
2.0857e-06     -0.765295184578163 -0.6751585658346584 0.03059517425472607 0.7057537400893845
2.0882e-06     -0.7745971382143477 -0.6831434715471139 0.0262850983896962 0.70942856993681
2.0907e-06     -0.7824703290706642 -0.6899137601688856 0.02263130827410534 0.7125450684429909
2.0932e-06     -0.7889002154843493 -0.6954628738559179 0.01963569794901377 0.7150985718049316
2.0957e-06     -0.793874934550707 -0.6997786850608706 0.01730581526444036 0.7170845003253109
2.0982e-06     -0.7973853095944894 -0.702852365793763 0.01564684033464065 0.7184992061284036
2.1007e-06     -0.7994248667546784 -0.7046779173206156 0.01466214027081171 0.7193400575914272
2.1032e-06     -0.7999898440325132 -0.7052516889988676 0.01435381526549598 0.7196055042643635
2.1057e-06     -0.7990792006504245 -0.7045731187241795 0.01472185292704092 0.7192949716512204
2.1082e-06     -0.7966946150217881 -0.7026429901991804 0.01576611775172796 0.7184091079509083
2.1107e-06     -0.7928404854297628 -0.6994651764772911 0.01748437601529085 0.716949552492582
2.1132e-06     -0.7875239198066598 -0.6950459265398931 0.01987308156751875 0.7149190081074118
2.1157e-06     -0.7807547258838895 -0.6893943284225209 0.02292684040859977 0.7123211688311206
2.1182e-06     -0.7725453921587283 -0.6825227762997633 0.02663788743738607 0.7091606637371495
2.1207e-06     -0.7629110821234391 -0.6744365485763431 0.03100562166059116 0.7054421702369342
2.1232e-06     -0.7518695548820109 -0.6651486524673771 0.03602463084296285 0.70117328331034
2.1257e-06     -0.7394411681236779 -0.6546794914266552 0.04168102008284724 0.6963605115095024
2.1282e-06     -0.7256488554017669 -0.6430495365810336 0.04796134461638839 0.6910108811974219
2.1307e-06     -0.7105180657247201 -0.6302780519159082 0.05485305282740266 0.685131104743311
2.1332e-06     -0.6940766952221503 -0.6163826068526974 0.06234665214289102 0.6787292589955884
2.1357e-06     -0.6763550814534852 -0.6013829966589794 0.07042980582052698 0.6718128024795065
2.1382e-06     -0.6573858835660145 -0.5853019296029209 0.07908843645946692 0.6643903660623879
2.1407e-06     -0.6372041181510911 -0.5681630769820644 0.08830474126377932 0.6564678182458437
2.1432e-06     -0.6158470019696477 -0.5499881455711051 0.09806030972467483 0.6480484552957799
2.1457e-06     -0.5933538626462136 -0.5307929582137062 0.108349988443414 0.6391429466571202
2.1482e-06     -0.56976627613981 -0.5106061945224236 0.1191490975422971 0.6297552920647207
2.1507e-06     -0.5451277353260343 -0.48944784213268 0.1304426926548802 0.6198905347875602
2.1532e-06     -0.5194836892432818 -0.4673434577103492 0.1422130411020153 0.6095564988123645
2.1557e-06     -0.4928814527476873 -0.444313203272637 0.1544428101505437 0.5987560134231807
2.1582e-06     -0.465370100340161 -0.4203893358288816 0.1671044950304574 0.587493830859339
2.1607e-06     -0.437000339997687 -0.3956167545157253 0.1801668534690634 0.5757836079847887
2.1632e-06     -0.4078244464857634 -0.3700314791202182 0.193603691187473 0.5636351703076912
2.1657e-06     -0.3778963247181347 -0.343629343634331 0.2074207198751848 0.5510500635095158
2.1682e-06     -0.3472711670171293 -0.3163779720398437 0.2217007873396195 0.5380787593794633
2.1707e-06     -0.3160054666726874 -0.2885117540979857 0.236168988844684 0.5246807429426698
2.1732e-06     -0.2841568798106184 -0.2600011971692606 0.2509077436940851 0.5109089408633457
2.1757e-06     -0.2517841557652818 -0.2309216204021975 0.2658712797805767 0.4967929001827742
2.1782e-06     -0.218947033284095 -0.2017806137615994 0.2806900973425581 0.4824707111041575
2.1807e-06     -0.1857060178659717 -0.1717120677299831 0.2960635714133975 0.4677756391433806
2.1832e-06     -0.1521224418034516 -0.1410842197342143 0.3118022443832136 0.4528864641174279
2.1857e-06     -0.1182582906880349 -0.1102802140554375 0.327456026201479 0.4377362402569165
2.1882e-06     -0.08417600763855979 -0.07919170742460109 0.3432094002421346 0.4224011076667357
2.1907e-06     -0.04993845837494661 -0.04793354544950588 0.3589856465301549 0.4069191919796608
2.1932e-06     -0.01560879535819482 -0.01660461512492337 0.3747245954614293 0.3913292105863527
2.1957e-06     0.01874966101634169 0.0147228332480547 0.3903890572509997 0.375666224002945
2.1982e-06     0.05307353042565773 0.04605234113472671 0.4059813236074314 0.3599289824727048
2.2007e-06     0.08729950337546766 0.07731747400107261 0.4214673390610729 0.3441498650600002
2.2032e-06     0.1213644487209625 0.1084191024339832 0.4368092583018039 0.3283901558678207
2.2057e-06     0.1552055327215811 0.1392437777337561 0.4519693015475161 0.31272552381376
2.2082e-06     0.1887603540372297 0.1699040863402576 0.4668892825681719 0.2969851962279143
2.2107e-06     0.2219669865773202 0.1999885567975597 0.4815771384180967 0.2815885816205371
2.2132e-06     0.2547641508643296 0.2295631919988011 0.4959921054276924 0.2664289134288914
2.2157e-06     0.2870914153703403 0.2582696063885968 0.5100459987431025 0.2517763923545057
2.2182e-06     0.3188891343134478 0.2868169550039042 0.5238375472560863 0.2370205922521822
2.2207e-06     0.3500986477495636 0.3147237000789576 0.5372569182512437 0.2225332181722862
2.2232e-06     0.3806624031549394 0.342019001020646 0.5502505395668947 0.2082315385462488
2.2257e-06     0.410524018449724 0.368470621076909 0.5628607601523079 0.1943901390753989
2.2282e-06     0.4396284271865268 0.3941050820438834 0.5750343573068664 0.1809292752629831
2.2307e-06     0.4679218618565141 0.4189277018507844 0.5867702409220965 0.167842539071312
2.2332e-06     0.4953521737803824 0.4429045817358185 0.5980594226957866 0.1551548409599681
2.2357e-06     0.5218688130848103 0.4659902275628905 0.6088875015627417 0.1428972739998512
2.2382e-06     0.54742286343915 0.48815182286465 0.6192498198497201 0.13109799698507
2.2407e-06     0.5719671753956032 0.5093685631886914 0.6291433484546153 0.1197747852659239
2.2432e-06     0.5954564729723434 0.5296145860909187 0.6385600381164327 0.1089454520255141
2.2457e-06     0.6178474440618802 0.5488705809413059 0.6474954276850933 0.09862484674378738
2.2482e-06     0.6390987072485614 0.5671080214302007 0.6559452232228354 0.08883720179263482
2.2507e-06     0.6591711215864929 0.5843100886504888 0.6638987284171435 0.07958863976665466
2.2532e-06     0.6780276745338765 0.6004556036990756 0.6713527014647814 0.07089709776570588
2.2557e-06     0.6956335591514582 0.6155209464007686 0.678301233781022 0.06278028738025342
2.2582e-06     0.7119563283298328 0.6294832345204713 0.6847358282035467 0.05525259368307545
2.2607e-06     0.7269658637750933 0.6423226590277298 0.690648920811282 0.04832626178355229
2.2632e-06     0.7406344917463054 0.6540212068694583 0.6960325528126781 0.04201134594321976
2.2657e-06     0.7529369942235333 0.6645602410363415 0.7008797666269737 0.03631952559063215
2.2682e-06     0.7638506681689876 0.6739189622866785 0.7051836599472988 0.03126469766062042
2.2707e-06     0.7733553900939325 0.6820774805662664 0.7089376975941861 0.0268602170279197
2.2732e-06     0.7814336432464172 0.6890210217959466 0.7121341997817416 0.02311317798579497
2.2757e-06     0.788070504365823 0.6947454020127781 0.7147684406893382 0.02002303867656011
2.2782e-06     0.7932537293031914 0.6992380109477961 0.7168356943024322 0.01759768335463601
2.2807e-06     0.7969737558677196 0.7024895767089168 0.7183321876526786 0.01584261094376188
2.2832e-06     0.7992237234837817 0.7044936938333584 0.7192551417400838 0.0147614479067255
2.2857e-06     0.7999994822828875 0.7052463955572406 0.7196028476856166 0.01435645212837602
2.2882e-06     0.7992996026513689 0.7047467581326372 0.7193745799992437 0.0146278218666064
2.2907e-06     0.797125374155402 0.7029952224584842 0.7185708339536455 0.01557561149516133
2.2932e-06     0.7934808073364273 0.6999953332443845 0.7171930924870594 0.01719775924267497
2.2957e-06     0.7883726235781214 0.6957529485586625 0.7152439120331933 0.01949096347453073
2.2982e-06     0.7818102453452916 0.6902767133989348 0.7127268615920752 0.02245014819314038
2.3007e-06     0.773805780154226 0.6835785406206273 0.7096464232996803 0.02606788267905293
2.3032e-06     0.7643740103142393 0.6756659637668 0.7060072071290889 0.03034124336228891
2.3057e-06     0.7535323285738205 0.666548225286705 0.7018165919506131 0.03526836666390804
2.3082e-06     0.741300720371145 0.6562467208172227 0.6970810640776129 0.04083434326039018
2.3107e-06     0.7277017524936581 0.6447810474864606 0.6918078724184195 0.04702682493195887
2.3132e-06     0.7127605240020082 0.632171845777344 0.6860032082499273 0.05383136247258326
2.3157e-06     0.6965045784200674 0.6184358582050058 0.6796755273111627 0.06123966910615686
2.3182e-06     0.6789639104306394 0.6035925621865248 0.6728320367575027 0.06923947457097783
2.3207e-06     0.6601708490324176 0.5876645329213508 0.6654814741261559 0.07781694120480509
2.3232e-06     0.6401600800995136 0.5706753633988565 0.657629956029536 0.08695459263067955
2.3257e-06     0.6189685157396004 0.5526480346133228 0.6492810490022286 0.09663301438890581
2.3282e-06     0.5966351642266666 0.5335962774775397 0.6404447869230124 0.1068485094454728
2.3307e-06     0.5732013111780132 0.513549907379222 0.6311256835353608 0.1175757761561389
2.3332e-06     0.5487101685065787 0.4925290393238624 0.621328803752926 0.1287997644290635
2.3357e-06     0.5232069119583298 0.4705587367367244 0.6110616800411578 0.1405029433044333
2.3382e-06     0.4967385959852908 0.4476589581469229 0.6003272973258149 0.1526683391788921
2.3407e-06     0.4693540485735634 0.4238601410979366 0.5891303618114491 0.1652702207135124
2.3432e-06     0.4411037615672413 0.3992060109700584 0.577483252991858 0.1782772420217995
2.3457e-06     0.4120397563885833 0.3737368619039906 0.5653975345540129 0.1916606726500223
2.3482e-06     0.3822157457434077 0.3474507416764699 0.5528746297357534 0.2054238880592835
2.3507e-06     0.3516867359945233 0.3203028062239713 0.5399609789160728 0.2196581726921014
2.3532e-06     0.3205090394918577 0.2925334149281842 0.526618213003936 0.2340847980757518
2.3557e-06     0.288740149260688 0.2641112885182757 0.5128982511750463 0.2487869626567706
2.3582e-06     0.2564386671997765 0.2351071851543478 0.498829744648115 0.2637225594937672
2.3607e-06     0.2236641953816073 0.2060341064880886 0.4845458591865419 0.2785117526984534
2.3632e-06     0.1904771445929818 0.1760375105771041 0.4698928042239444 0.2938552936468402
2.3657e-06     0.1569387228057416 0.1454538535464447 0.4550321871156964 0.3095783335692518
2.3682e-06     0.1231108433832296 0.1147009905318213 0.4399128106642534 0.3252118201324322
2.3707e-06     0.08905588107109566 0.08364598501437387 0.4246012131455242 0.3409552281311504
2.3732e-06     0.05483665175741548 0.05240547250198947 0.4091384447696048 0.3567329722676154
2.3757e-06     0.02051627377794385 0.02108114167242779 0.3935615513186253 0.3724804096461975
2.3782e-06     -0.01384194889932132 -0.01027652915627266 0.3776466426185768 0.3879231717748495
2.3807e-06     -0.04817463895824391 -0.04157861230230746 0.3621808076784327 0.4037594199807402
2.3832e-06     -0.08241846770155371 -0.07285861556573572 0.3464043291671318 0.4192629447328675
2.3857e-06     -0.116510272129911 -0.1039902221363306 0.3306375690049476 0.4346277911412782
2.3882e-06     -0.1503871689915458 -0.1348617243124584 0.3149543989695977 0.4498161232820562
2.3907e-06     -0.1839866894463548 -0.1655670252377426 0.2992036323045998 0.4647706575423424
2.3932e-06     -0.2172468399478674 -0.195720522003293 0.2837735541513794 0.4794940761546725
2.3957e-06     -0.2501062083844984 -0.2253717669938618 0.2685795197035414 0.4939512866974031
2.3982e-06     -0.2825042746721223 -0.2541430792102927 0.2539037355365247 0.5080468147468173
2.4007e-06     -0.3143812588536253 -0.28277673735836 0.2391127529869868 0.5218894903453467
2.4032e-06     -0.3456783526892196 -0.3107784200952821 0.2245850414191594 0.5353634615144415
2.4057e-06     -0.376337841456826 -0.3381757690966694 0.2102381660568914 0.5484139351535607
2.4082e-06     -0.4063031615426472 -0.3647420681724224 0.1963437038613156 0.561085772033738
2.4107e-06     -0.4355190642779368 -0.3904923534631475 0.1828297153763437 0.5733220688394912
2.4132e-06     -0.4639315920874408 -0.4154323059018832 0.1696882471587201 0.5851205530606032
2.4157e-06     -0.4914883379927326 -0.4395326310671482 0.1569406635230084 0.5964732945901565
2.4182e-06     -0.5181385333062939 -0.4627473217028226 0.1446208702432109 0.6073681919460335
2.4207e-06     -0.5438330264689003 -0.4850430619688488 0.1327548115799165 0.6177978735487653
2.4232e-06     -0.568524402556661 -0.5063965528966254 0.121362556306543 0.6277591092031685
2.4257e-06     -0.5921671151763473 -0.526782500552272 0.1104617064995433 0.6372442070518154
2.4282e-06     -0.6147175626953505 -0.5461810089337289 0.1000675782183099 0.6462485871520388
2.4307e-06     -0.6361340961050492 -0.5645654041750005 0.09020301635831472 0.6547684205333152
2.4332e-06     -0.6563772355875933 -0.5819168067121974 0.08087611757685741 0.6627929242890548
2.4357e-06     -0.6754096654093669 -0.5982146533579509 0.07210400156797775 0.6703186549259287
2.4382e-06     -0.6931962596350262 -0.6134357322454755 0.06390408746183854 0.6773398197073141
2.4407e-06     -0.7097042287996501 -0.6275575070948519 0.05629126077823868 0.6838487678730906
2.4432e-06     -0.7249031224658267 -0.6405580254524323 0.04927831826680498 0.6898363437192373
2.4457e-06     -0.7387649089932103 -0.6524203574213335 0.04287582933396527 0.6952961867552988
2.4482e-06     -0.7512640224801995 -0.6631265103311829 0.03709389137380282 0.7002204017049858
2.4507e-06     -0.7623773931665923 -0.672654924733314 0.03194742374309125 0.7046023484764052
2.4532e-06     -0.7720845270922069 -0.6809863843087911 0.02744853392162647 0.7084349182304176
2.4557e-06     -0.7803675367228076 -0.6881033950670643 0.02360845968044458 0.711711854747509
2.4582e-06     -0.7872111226679317 -0.6940027866203167 0.02042395144433587 0.7144267380646525
2.4607e-06     -0.7926026583664419 -0.6986720036249536 0.01790323473434834 0.7165752383593019
2.4632e-06     -0.7965321964102884 -0.7021013227165112 0.01605214121563478 0.7181534639321459
2.4657e-06     -0.7989924898133274 -0.7042839299172993 0.01487455367064015 0.7191584835879394
2.4682e-06     -0.7999790009452822 -0.7052155455407891 0.01437288832512409 0.7195884338659133
2.4707e-06     -0.7994899113471188 -0.7048948380535228 0.01454760488267586 0.7194424429361987
2.4732e-06     -0.7975261218628672 -0.7033219734361293 0.01539887071970207 0.7187208441558315
2.4757e-06     -0.7940912550107346 -0.7005001277280085 0.01692484127484038 0.7174249690028488
2.4782e-06     -0.789191644934051 -0.6964360060562853 0.01912238959064466 0.7155583956469299
2.4807e-06     -0.7828363299558548 -0.6911341562647663 0.02198690091117705 0.7131210571759433
2.4832e-06     -0.7750370347586568 -0.6846096757793991 0.02551111908154252 0.7101207948609416
2.4857e-06     -0.765808160208498 -0.676870880801813 0.0296901023978374 0.7065609831996503
2.4882e-06     -0.755166732131643 -0.6679236343054745 0.034525148053496 0.7024487823589706
2.4907e-06     -0.7431323629783353 -0.6577901656222683 0.04000048291871188 0.6977906485409802
2.4932e-06     -0.7297272522034076 -0.6464891930705662 0.04610479582503618 0.6925939888956024
2.4957e-06     -0.7149761474077376 -0.6340426630060598 0.05282195108588297 0.6868646140919428
2.4982e-06     -0.69890623861879 -0.6204665291005677 0.06014475634794979 0.6806112854485173
2.5007e-06     -0.6815471774700836 -0.605780010055001 0.06806087423886044 0.6738408842938616
2.5032e-06     -0.6629309594593162 -0.5900054734608261 0.07655688144431398 0.66656235490514
2.5057e-06     -0.6430919402632752 -0.5731664854953393 0.08561552767176393 0.6587820131671033
2.5082e-06     -0.6220667154090178 -0.555287148355467 0.09521682739192358 0.6505039757473906
2.5107e-06     -0.5998940031182561 -0.5363792696150027 0.1053574927670367 0.6417367623820395
2.5132e-06     -0.5766147660341729 -0.5164738283965694 0.1160125586327601 0.6324863870293296
2.5157e-06     -0.5522719433509385 -0.4955908352804459 0.1271666019047301 0.622757437185176
2.5182e-06     -0.5269104373783441 -0.4737547766811257 0.1388022461394716 0.6125570228205973
2.5207e-06     -0.5005770375977279 -0.4509863873676079 0.1509028155353591 0.6018892029029671
2.5232e-06     -0.4733203259689799 -0.4273134669569361 0.1634442147840112 0.5907576817409472
2.5257e-06     -0.445190575499406 -0.4027786925353634 0.1763951795880596 0.579173872123423
2.5282e-06     -0.4162395534214669 -0.3774249081076125 0.189725989053655 0.5671508971612674
2.5307e-06     -0.3865207779028801 -0.3512570735565863 0.2034336364041711 0.5546907099607573
2.5332e-06     -0.3560890769687954 -0.3242951872571791 0.2175046658380213 0.5417998530952004
2.5357e-06     -0.3250005453161778 -0.2965418226554418 0.2320061678243094 0.5285479904797512
2.5382e-06     -0.2933125478431546 -0.2682095705575812 0.2466708131380246 0.5148803836956057
2.5407e-06     -0.2610835238973416 -0.2392826516793893 0.2615766744165824 0.5008593260959718
2.5432e-06     -0.2283729380723354 -0.2102772274496917 0.2763378890926249 0.4866151165423166
2.5457e-06     -0.1952411033965243 -0.1803536296835707 0.2916511698425122 0.4720047995260828
2.5482e-06     -0.1617490951621074 -0.149814817802679 0.3073583621976391 0.457173180000318
2.5507e-06     -0.1279587610320276 -0.1191155613011335 0.3229698774243593 0.4420854387254928
2.5532e-06     -0.09393240179615356 -0.08809636715893381 0.338702416327379 0.4267987834863128
2.5557e-06     -0.05973278057784662 -0.05687571470905941 0.3544796601390744 0.4113553748481339
2.5582e-06     -0.0254229797171298 -0.02555766006769356 0.3702346705181482 0.3957923305858418
2.5607e-06     0.008933716501292032 0.005788274230816117 0.385687298202641 0.3798990239718249
2.5632e-06     0.04327393374414298 0.0371038969646436 0.4015355336597377 0.3644316366950941
2.5657e-06     0.07753432903232797 0.0683967786322987 0.4170557342638335 0.3486589556315348
2.5682e-06     0.1116517092126549 0.09955611675541377 0.4324425665020027 0.3328864497465889
2.5707e-06     0.1455631432725203 0.1304719127195167 0.4476585830174503 0.3171866702979336
2.5732e-06     0.1792060979078423 0.1612210423688246 0.462647209222554 0.3014261668537294
2.5757e-06     0.2125185062374918 0.1914421966611281 0.4774060609987007 0.2859638643375726
2.5782e-06     0.2454388495097231 0.2211694946013357 0.4919040557000169 0.2707345610986813
2.5807e-06     0.2779064980101588 0.2500052195244215 0.5060405457221092 0.2560353261976878
2.5832e-06     0.3098615471167356 0.2787237009083699 0.5199338699759871 0.2412101690676172
2.5857e-06     0.3412450430305036 0.3068190504953468 0.5334620506550332 0.2266430001596863
