
time (s)       VT("/out") (V)


2.78e-08       0.6231699286128439 
3.03e-08       0.6387567894069679 
3.28e-08       0.6534246575342466 
3.530000000000001e-08 0.6692759295499021 
3.78e-08       0.6833659491193738 
4.03e-08       0.6974559686888455 
4.28e-08       0.7115459882583171 
4.53e-08       0.7232373542103773 
4.78e-08       0.7379647749510764 
5.03e-08       0.7485322896281801 
5.28e-08       0.7619495508292139 
5.53e-08       0.7687801976944058 
5.78e-08       0.7819960861056752 
6.03e-08       0.7925636007827789 
6.280000000000001e-08 0.7990616414271239 
6.53e-08       0.8101761252446184 
6.78e-08       0.8172211350293542 
7.03e-08       0.8230255733991532 
7.28e-08       0.8313111545988259 
7.530000000000001e-08 0.8341110897266303 
7.78e-08       0.8417776335279339 
8.03e-08       0.846983008977001 
8.28e-08       0.8493279960472289 
8.53e-08       0.8524461839530333 
8.780000000000001e-08 0.8545643650430047 
9.029999999999999e-08 0.8559686888454012 
9.28e-08       0.8566450665489139 
9.53e-08       0.8577299412915852 
9.78e-08       0.8570548677919413 
1.003e-07      0.8545251025604198 
1.028e-07      0.8535255295578883 
1.053e-07      0.8489236790606653 
1.078e-07      0.8467583364694069 
1.103e-07      0.83901690237136 
1.128e-07      0.8358265905355372 
1.153e-07      0.8294428376237128 
1.178e-07      0.8238202171505487 
1.203e-07      0.8154598825831703 
1.228e-07      0.809662821271099 
1.253e-07      0.7996086105675148 
1.278e-07      0.7915976474489577 
1.303e-07      0.7783408717864708 
1.328e-07      0.7696673189823875 
1.353e-07      0.7578168473842023 
1.378e-07      0.7495064580535411 
1.403e-07      0.7344422700587084 
1.428e-07      0.7203522504892368 
1.453e-07      0.7080234833659491 
1.478e-07      0.6939334637964776 
1.503e-07      0.6798434442270059 
1.528e-07      0.6657534246575342 
1.553e-07      0.6499021526418787 
1.578e-07      0.63516025743812 
1.603e-07      0.6181996086105676 
1.628e-07      0.6030086614267257 
1.653e-07      0.5864970645792563 
1.678e-07      0.5711182805232978 
1.703e-07      0.5530332681017613 
1.728e-07      0.5363616321353472 
1.753e-07      0.5184600427464258 
1.778e-07      0.5033704090962189 
1.803e-07      0.4843444227005871 
1.828e-07      0.4667318982387476 
1.853e-07      0.449119373776908 
1.878e-07      0.4324093710219815 
1.903e-07      0.413894324853229 
1.928e-07      0.3971561735485766 
1.953e-07      0.3786692759295499 
1.978e-07      0.363942655513675 
2.003e-07      0.3459809692297039 
2.028e-07      0.3275929549902153 
2.053e-07      0.3117416829745597 
2.078e-07      0.2969769479761938 
2.103e-07      0.2800391389432485 
2.128e-07      0.2647426720136361 
2.153e-07      0.2483365949119374 
2.178e-07      0.2328645745936543 
2.203e-07      0.2183953033268102 
2.228e-07      0.2043052837573386 
2.253e-07      0.1902152641878669 
2.278e-07      0.1778864970645793 
2.303e-07      0.165211411024746 
2.328e-07      0.1532289628180039 
2.353e-07      0.1445710213372633 
2.378e-07      0.1303326810176125 
2.403e-07      0.1197651663405088 
2.428e-07      0.1085230431320937 
2.453e-07      0.1018981443171389 
2.478e-07      0.09158512720156557 
2.503e-07      0.08253018646004374 
2.528e-07      0.07696548944141668 
2.553e-07      0.07294757434492599 
2.578e-07      0.06340508806262231 
2.603e-07      0.05816317252638894 
2.628e-07      0.05459882583170255 
2.653e-07      0.05242089476214608 
2.678000000000001e-07 0.04755381604696673 
2.703e-07      0.04686942395621375 
2.728e-07      0.04430411220158367 
2.753e-07      0.04333193388335813 
2.778e-07      0.04227005870841487 
2.803e-07      0.04296844054480124 
2.828e-07      0.04549174985105041 
2.853e-07      0.0464859124377954 
2.878e-07      0.04932970677112125 
2.903000000000001e-07 0.05217419856389629 
2.928e-07      0.05812133072407045 
2.953e-07      0.06331494878648697 
2.978e-07      0.06624177030377369 
3.003e-07      0.07573385518590998 
3.028e-07      0.08157713531345223 
3.053e-07      0.0922259786388237 
3.078e-07      0.1003913894324853 
3.103e-07      0.1077158907620462 
3.128e-07      0.1211548785514108 
3.153e-07      0.1285714285714286 
3.178000000000001e-07 0.1419739999438166 
3.203e-07      0.1488556277338237 
3.228e-07      0.1637964774951076 
3.253e-07      0.1772358278164123 
3.278e-07      0.1902152641878669 
3.303e-07      0.2043052837573386 
3.328e-07      0.2183953033268102 
3.353e-07      0.2324853228962818 
3.378e-07      0.2478881662792148 
3.403e-07      0.262426614481409 
3.428e-07      0.2782778864970646 
3.453000000000001e-07 0.2958904109589041 
3.478e-07      0.3106387881717725 
3.503e-07      0.3275929549902153 
3.528e-07      0.3457331851903057 
3.553e-07      0.3605188067743812 
3.578e-07      0.3786692759295499 
3.603e-07      0.3962818003913894 
3.628e-07      0.4130132368785284 
3.653e-07      0.4315068493150685 
3.678000000000001e-07 0.4473581213307241 
3.703e-07      0.4649706457925636 
3.728000000000001e-07 0.4843444227005871 
3.753e-07      0.5019569471624267 
3.778e-07      0.5175118551210267 
3.803e-07      0.5354207436399218 
3.828e-07      0.5521576253747629 
3.853e-07      0.5677886887652224 
3.878e-07      0.5864970645792563 
3.903e-07      0.6023483365949119 
3.928e-07      0.6175810182753042 
3.953000000000001e-07 0.6340508806262231 
3.978e-07      0.6488070163456549 
4.003000000000001e-07 0.6639921722113503 
4.028e-07      0.6798434442270059 
4.053e-07      0.6939334637964776 
4.078e-07      0.7080234833659491 
4.103e-07      0.7203522504892368 
4.128e-07      0.7337919067178603 
4.153e-07      0.7410448885572682 
4.178e-07      0.7573385518590998 
4.203e-07      0.7679060665362036 
4.228000000000001e-07 0.7784735812133072 
4.253e-07      0.7898710253500839 
4.278e-07      0.7955498321407667 
4.303e-07      0.8066536203522505 
4.328e-07      0.8131230150109217 
4.353e-07      0.8225048923679061 
4.378e-07      0.8283159129598914 
4.403e-07      0.8351663841241788 
4.428e-07      0.8392415540731094 
4.453000000000001e-07 0.8464681609367921 
4.478e-07      0.8475623041435754 
4.503000000000001e-07 0.8524461839530333 
4.528e-07      0.8531266860441247 
4.553e-07      0.855681912287356 
4.578e-07      0.8566430069681208 
4.603e-07      0.8577299412915852 
4.628e-07      0.8570654349708648 
4.653e-07      0.8559686888454012 
4.678e-07      0.8538179459595141 
4.703e-07      0.8506849315068493 
4.728000000000001e-07 0.8485192880253535 
4.753e-07      0.8425026843870698 
4.778e-07      0.8368246307819134 
4.803e-07      0.8337879453615362 
4.828e-07      0.82426614481409 
4.853e-07      0.8184450741815391 
4.878e-07      0.8101761252446184 
4.903e-07      0.8013698630136986 
4.928e-07      0.7948410152344485 
4.953e-07      0.7819960861056752 
4.978e-07      0.7714285714285714 
5.003e-07      0.7635269668186038 
5.028e-07      0.7502935420743641 
5.053e-07      0.7379647749510764 
5.078e-07      0.7257911379713039 
5.103e-07      0.7115459882583171 
5.128e-07      0.6974559686888455 
5.153e-07      0.6833659491193738 
5.177999999999999e-07 0.6692759295499021 
5.203e-07      0.6551859099804306 
5.228e-07      0.6382669408729638 
5.253e-07      0.6240408653599669 
5.277999999999999e-07 0.6079545540243688 
5.303e-07      0.5924734639781113 
5.328e-07      0.5741682974559688 
5.353e-07      0.5583170254403131 
5.378e-07      0.5407045009784736 
5.402999999999999e-07 0.5230919765166341 
5.428e-07      0.5078154895381639 
5.453e-07      0.489628180039139 
5.478e-07      0.4720156555772995 
5.502999999999999e-07 0.4544031311154599 
5.528e-07      0.4367906066536204 
5.553e-07      0.4191780821917809 
5.578e-07      0.4024450249481634 
5.603e-07      0.3839530332681018 
5.627999999999999e-07 0.3672776729473838 
5.653e-07      0.3493790669751612 
5.678e-07      0.3328767123287671 
5.703e-07      0.3176160249858959 
5.727999999999999e-07 0.299412915851272 
5.753e-07      0.2835616438356164 
5.778e-07      0.2688035405988771 
5.803e-07      0.2507557830343736 
5.828e-07      0.2377690802348336 
5.853e-07      0.2219178082191781 
5.878e-07      0.2078277886497065 
5.903e-07      0.1937377690802348 
5.928e-07      0.1814090019569472 
5.952999999999999e-07 0.1673189823874755 
5.978e-07      0.159391044834969 
6.003e-07      0.1444227005870841 
6.028e-07      0.1310084250108529 
6.052999999999999e-07 0.1215264187866928 
6.078e-07      0.1148872447271166 
6.103e-07      0.1014933994625875 
6.128e-07      0.09334637964774951 
6.153e-07      0.08747834644342374 
6.177999999999999e-07 0.07858464786662675 
6.203e-07      0.07229653037543816 
6.228e-07      0.06516634050880626 
6.253e-07      0.0607246415930753 
6.277999999999999e-07 0.05351681202411251 
6.303e-07      0.05243662823682147 
6.328e-07      0.04755381604696673 
6.353e-07      0.04685766058394804 
6.378e-07      0.04431329488184819 
6.403e-07      0.04333235337305538 
6.428e-07      0.04227005870841487 
6.453e-07      0.04295087378659886 
6.478e-07      0.04403131115459882 
6.502999999999999e-07 0.04553476805777833 
6.528e-07      0.04931506849315068 
6.553e-07      0.05149071855052816 
6.578e-07      0.0563600782778865 
6.603e-07      0.05924207043783772 
6.628e-07      0.06687239168437197 
6.653e-07      0.07397260273972603 
6.678e-07      0.07985111230674738 
6.703e-07      0.08806262230919765 
6.727999999999999e-07 0.09457128560608448 
6.753e-07      0.1056751467710372 
6.778e-07      0.1161082246176399 
6.803e-07      0.1268101761252446 
6.827999999999999e-07 0.1347855691417577 
6.853e-07      0.1479452054794521 
6.878e-07      0.1597094277727695 
6.903e-07      0.1736976924279718 
6.928e-07      0.186692759295499 
6.952999999999999e-07 0.1989749754991726 
6.978e-07      0.2131115459882583 
7.003e-07      0.2289628180039139 
7.028e-07      0.2430528375733855 
7.052999999999999e-07 0.2578116788900766 
7.078e-07      0.2747553816046967 
7.103e-07      0.2895095883266842 
7.128e-07      0.3064579256360078 
7.153e-07      0.3212139979622455 
7.178e-07      0.3424918307183987 
7.203e-07      0.3557729941291585 
7.228e-07      0.3733855185909981 
7.253e-07      0.390117824500826 
7.277999999999999e-07 0.4086105675146771 
7.303e-07      0.4262230919765166 
7.328e-07      0.4415492875344109 
7.353e-07      0.4625495748153376 
7.377999999999999e-07 0.4790606653620352 
7.403e-07      0.495825502853212 
7.428e-07      0.5142857142857143 
7.453e-07      0.5295949660416853 
7.478e-07      0.5477495107632094 
7.502999999999999e-07 0.5679017392171283 
7.528e-07      0.5812133072407045 
7.553e-07      0.598825831702544 
7.578e-07      0.614106519074199 
7.602999999999999e-07 0.6301941801423175 
7.628e-07      0.6446183953033269 
7.653e-07      0.6593721947015575 
7.678e-07      0.674559686888454 
7.703e-07      0.6904109589041096 
7.728e-07      0.7045009784735812 
7.753e-07      0.7130472192278303 
7.778e-07      0.7291585127201566 
7.803e-07      0.7418500684622348 
7.827999999999999e-07 0.7538160469667319 
7.853e-07      0.7642131187215321 
7.878e-07      0.7767123287671234 
7.903e-07      0.7846820042633254 
7.928e-07      0.7985486513947588 
7.953e-07      0.8048923679060666 
7.978e-07      0.8121616633794827 
8.003e-07      0.8207436399217222 
8.028e-07      0.8265676687383865 
8.052999999999999e-07 0.8348336594911938 
8.078e-07      0.8391854847661151 
8.103e-07      0.8422591234773871 
8.128e-07      0.8500078293516616 
8.152999999999999e-07 0.8495838741650863 
8.178e-07      0.8542074363992173 
8.203e-07      0.8556781656042864 
8.228e-07      0.8566374557222085 
8.253e-07      0.8577299412915852 
8.277999999999999e-07 0.8577299412915852 
8.303e-07      0.8570551212863349 
8.328e-07      0.8545018218876241 
8.353e-07      0.8506849315068493 
8.377999999999999e-07 0.8485498898366454 
8.403e-07      0.8436399217221136 
8.428e-07      0.8408405164861577 
8.453e-07      0.8332280490699029 
8.478e-07      0.8285147279564518 
8.503e-07      0.8219736982069366 
8.528e-07      0.8119601334470606 
8.553e-07      0.8061283282102021 
8.578e-07      0.7960861056751468 
8.602999999999999e-07 0.7847387567288814 
8.628e-07      0.7776391183012091 
8.653e-07      0.7643835616438357 
8.678e-07      0.7509387964740566 
8.703e-07      0.7414872798434443 
8.728e-07      0.728836839984125 
8.753e-07      0.715068493150685 
8.778e-07      0.7016334591013226 
8.803e-07      0.6886497064579257 
8.827999999999999e-07 0.6727984344422701 
8.853e-07      0.6587084148727985 
8.878e-07      0.6428571428571429 
8.903e-07      0.6287671232876713 
8.927999999999999e-07 0.6111545988258317 
8.953e-07      0.5959072426408619 
8.978e-07      0.5794520547945206 
9.003e-07      0.5640733567051955 
9.028e-07      0.5433183597133174 
9.053e-07      0.5283757338551859 
9.078e-07      0.5107632093933464 
9.103e-07      0.4952125395036854 
9.128e-07      0.4772994129158513 
9.152999999999999e-07 0.4603604201842479 
9.178e-07      0.4420743639921722 
9.203e-07      0.4254158619651942 
9.228e-07      0.4068493150684931 
9.253e-07      0.3906628753971619 
9.278e-07      0.3716242661448141 
9.303e-07      0.3540117416829746 
9.328e-07      0.33370282886378 
9.353e-07      0.3211846730777626 
9.377999999999999e-07 0.3046966731898239 
9.403e-07      0.2893569371187603 
9.428e-07      0.2726894883434287 
9.453e-07      0.2576688050116182 
9.478e-07      0.2412915851272016 
9.503e-07      0.22720156555773 
9.528e-07      0.2131115459882583 
9.553e-07      0.1990215264187867 
9.578e-07      0.1849315068493151 
9.603000000000001e-07 0.1726027397260274 
9.628000000000001e-07 0.1585127201565558 
9.653000000000001e-07 0.1479452054794521 
9.678000000000001e-07 0.1345310113645099 
9.703000000000001e-07 0.1250489236790607 
9.728e-07      0.1169487135765514 
9.753e-07      0.1056751467710372 
9.778e-07      0.09686888454011741 
9.803e-07      0.09032750548342655 
9.827999999999999e-07 0.08101761252446184 
9.852999999999999e-07 0.07514050399377301 
9.878000000000001e-07 0.06692759295499022 
9.903000000000001e-07 0.06171997763860042 
9.928e-07      0.05872150351014018 
9.953e-07      0.05283757338551859 
9.978e-07      0.050678085670652 
1.0003e-06     0.04579256360078279 
1.0028e-06     0.04432110491766802 
1.0053e-06     0.043343699479984 
1.0078e-06     0.04227005870841487 
1.0103e-06     0.04227005870841487 
1.0128e-06     0.04297302968908797 
1.0153e-06     0.04552111578995589 
1.0178e-06     0.04648019244168739 
1.0203e-06     0.05107632093933464 
1.0228e-06     0.05740557699947569 
1.0253e-06     0.05855588909806374 
1.0278e-06     0.06434713805955511 
1.0303e-06     0.07221135029354207 
1.0328e-06     0.0780796858996179 
1.0353e-06     0.0863013698630137 
1.0378e-06     0.09362782888871568 
1.0403e-06     0.1039138943248532 
1.0428e-06     0.1150953593518141 
1.0453e-06     0.1207602878684177 
1.0478e-06     0.1338551859099804 
1.0503e-06     0.1435447716761389 
1.0528e-06     0.1567514677103719 
1.0553e-06     0.1701610009440503 
1.0578e-06     0.1831702544031311 
1.0603e-06     0.1917267269370864 
1.0628e-06     0.2095890410958904 
1.0653e-06     0.225440313111546 
1.0678e-06     0.2395303326810176 
1.0703e-06     0.2536203522504892 
1.0728e-06     0.2689198857017897 
1.0753e-06     0.2850276254184114 
1.0778e-06     0.3006435708980431 
1.0803e-06     0.3187866927592955 
1.0828e-06     0.3346379647749511 
1.0853e-06     0.3549275622753064 
1.0878e-06     0.3670043868102039 
1.0903e-06     0.3848433174842393 
1.0928e-06     0.4033268101761253 
1.0953e-06     0.4200150548186771 
1.0978e-06     0.4385518590998043 
1.1003e-06     0.4561643835616438 
1.1028e-06     0.4737769080234834 
1.1053e-06     0.4913894324853229 
1.1078e-06     0.5090019569471624 
1.1103e-06     0.5248532289628179 
1.1128e-06     0.5424657534246575 
1.1153e-06     0.5592312087804708 
1.1178e-06     0.5804127543475026 
1.1203e-06     0.5924499069237682 
1.1228e-06     0.6093933463796478 
1.1253e-06     0.6241484901820846 
1.1278e-06     0.6410958904109589 
1.1303e-06     0.6558286098037297 
1.1328e-06     0.6710371819960862 
1.1353e-06     0.6851272015655577 
1.1378e-06     0.6992172211350294 
1.1403e-06     0.713307240704501 
1.1428e-06     0.7256360078277887 
1.1453e-06     0.7397260273972602 
1.1478e-06     0.7502935420743641 
1.1503e-06     0.7622548872088425 
1.1528e-06     0.7705176316354297 
1.1553e-06     0.7837573385518591 
1.1578e-06     0.7928376122312024 
1.1603e-06     0.8031311154598827 
1.1628e-06     0.8089330735613255 
1.1653e-06     0.8178985922036902 
1.1678e-06     0.8248056197999489 
1.1703e-06     0.8330724070450097 
1.1728e-06     0.8381656283272731 
1.1753e-06     0.8411636029308791 
1.1778e-06     0.8471624266144815 
1.1803e-06     0.8493223888809135 
1.1828e-06     0.8542074363992173 
1.1853e-06     0.8556686919975593 
1.1878e-06     0.8559686888454012 
1.1903e-06     0.8566462351608105 
1.1928e-06     0.8577299412915852 
1.1953e-06     0.8570554520164078 
1.1978e-06     0.8545160371882604 
1.2003e-06     0.8535258361266396 
1.2028e-06     0.8489236790606653 
1.2053e-06     0.8467717314993836 
1.2078e-06     0.8390314778672744 
1.2103e-06     0.835769477475691 
1.2128e-06     0.8293223160221487 
1.2153e-06     0.8237519870782715 
1.2178e-06     0.8154598825831703 
1.2203e-06     0.8089815176982633 
1.2228e-06     0.7978473581213307 
1.2253e-06     0.7864361697506727 
1.2278e-06     0.7808283990195289 
1.2303e-06     0.7679060665362036 
1.2328e-06     0.7544671957935687 
1.2353e-06     0.7450097847358121 
1.2378e-06     0.7363805273611735 
1.2403e-06     0.7185909980430528 
1.2428e-06     0.7062622309197653 
1.2453e-06     0.6921722113502935 
1.2478e-06     0.678082191780822 
1.2503e-06     0.6639921722113503 
1.2528e-06     0.6488543699781888 
1.2553e-06     0.6311746687491637 
1.2578e-06     0.6175453725018621 
1.2603e-06     0.6005870841487281 
1.2628e-06     0.5858416220043716 
1.2653e-06     0.5671232876712329 
1.2678e-06     0.5512720156555773 
1.2703e-06     0.5336594911937378 
1.2728e-06     0.5169362074636178 
1.2753e-06     0.4984344422700587 
1.2778e-06     0.4831156492012023 
1.2803e-06     0.4649706457925636 
1.2828e-06     0.4473581213307241 
1.2853e-06     0.4306866735855026 
1.2878e-06     0.412133072407045 
1.2903e-06     0.3956661132172291 
1.2928e-06     0.3769080234833659 
1.2953e-06     0.3592954990215264 
1.2978e-06     0.3434442270058709 
1.3003e-06     0.3258317025440313 
1.3028e-06     0.3108562514496094 
1.3053e-06     0.2923679060665362 
1.3078e-06     0.2768477962615126 
1.3103e-06     0.2611928443654303 
1.3128e-06     0.2465753424657534 
1.3153e-06     0.2307240704500979 
1.3178e-06     0.2166340508806262 
1.3203e-06     0.2025440313111546 
1.3228e-06     0.188454011741683 
1.3253e-06     0.1767464723073866 
1.3278e-06     0.1620352250489237 
1.3303e-06     0.15146771037182 
1.3328e-06     0.1380537443029169 
1.3353e-06     0.1311368274443883 
1.3378e-06     0.1180039138943249 
1.3403e-06     0.1074363992172211 
1.3428e-06     0.1009323013916361 
1.3453e-06     0.0898238747553816 
1.3478e-06     0.08277886497064581 
1.3503e-06     0.07692498723387618 
1.3528e-06     0.06868884540117418 
1.3553e-06     0.06583471581648226 
1.3578e-06     0.05816693389212645 
1.3603e-06     0.05348047637620824 
1.3628e-06     0.05066004197394874 
1.3653e-06     0.04755381604696673 
1.3678e-06     0.04540431517223722 
1.3703e-06     0.04403131115459882 
1.3728e-06     0.04333141445018303 
1.3753e-06     0.04227005870841487 
1.3778e-06     0.04297071273957849 
1.3803e-06     0.04550864607893675 
1.3828e-06     0.0464895448342862 
1.3853e-06     0.05107632093933464 
1.3878e-06     0.05325795569208767 
1.3903e-06     0.0609595241969926 
1.3928e-06     0.06428512808113912 
1.3953e-06     0.07055798498799 
1.3978e-06     0.07624396218429309 
1.4003e-06     0.08454011741682975 
1.4028e-06     0.09039542200351715 
1.4053e-06     0.1003913894324853 
1.4078e-06     0.1083803701641821 
1.4103e-06     0.1222064643067054 
1.4128e-06     0.1303326810176125 
1.4153e-06     0.1422568547879992 
1.4178e-06     0.1505622486900213 
1.4203e-06     0.1655577299412916 
1.4228e-06     0.1796477495107632 
1.4253e-06     0.1919765166340509 
1.4278e-06     0.2060665362035225 
1.4303e-06     0.2201565557729941 
1.4328e-06     0.2342465753424658 
1.4353e-06     0.2500978473581214 
1.4378e-06     0.2648397007623611 
1.4403e-06     0.2818003913894325 
1.4428e-06     0.2970699135421033 
1.4453e-06     0.3135029354207437 
1.4478e-06     0.328841401275135 
1.4503e-06     0.3480620430305624 
1.4528e-06     0.3636857619198252 
1.4553e-06     0.3815415867658249 
1.4578e-06     0.3966442395240527 
1.4603e-06     0.4156555772994129 
1.4628e-06     0.4332681017612525 
1.4653e-06     0.450880626223092 
1.4678e-06     0.4677852818404651 
1.4703e-06     0.4861056751467711 
1.4728e-06     0.5028896264849025 
1.4753e-06     0.5213307240704501 
1.4778e-06     0.5360743550727829 
1.4803e-06     0.553964662999136 
1.4828e-06     0.573443297442245 
1.4853e-06     0.5882583170254404 
1.4878e-06     0.6030131395179417 
1.4903e-06     0.6199608610567515 
1.4928e-06     0.6352052523451165 
1.4953e-06     0.6516634050880626 
1.4978e-06     0.6669589874945323 
1.5003e-06     0.6816046966731898 
1.5028e-06     0.6956947162426614 
1.5053e-06     0.7097847358121331 
1.5078e-06     0.7221135029354208 
1.5103e-06     0.7362035225048923 
1.5128e-06     0.7467710371819961 
1.5153e-06     0.7553217721406477 
1.5178e-06     0.7696673189823875 
1.5203e-06     0.7802348336594912 
1.5228e-06     0.7915418671540858 
1.5253e-06     0.7981112935806211 
1.5278e-06     0.8084148727984345 
1.5303e-06     0.8175476927119365 
1.5328e-06     0.8229889353402844 
1.5353e-06     0.8269918476015335 
1.5378e-06     0.8365949119373777 
1.5403e-06     0.8417728278093438 
1.5428e-06     0.8454011741682974 
1.5453e-06     0.847564609691504 
1.5478e-06     0.8524461839530333 
1.5503e-06     0.8531178964447279 
1.5528e-06     0.855685981530755 
1.5553e-06     0.8566442877302545 
1.5578e-06     0.8577299412915852 
1.5603e-06     0.8570603124843323 
1.5628e-06     0.8545447897386389 
1.5653e-06     0.8535263078678731 
1.5678e-06     0.8506849315068493 
1.5703e-06     0.8478522393055614 
1.5728e-06     0.8418786692759296 
1.5753e-06     0.8367748784338133 
1.5778e-06     0.8338157335423796 
1.5803e-06     0.82426614481409 
1.5828e-06     0.8184750912942037 
1.5853e-06     0.8078804558868877 
1.5878e-06     0.7996086105675148 
1.5903e-06     0.7922892635690615 
1.5928e-06     0.7793975599763708 
1.5953e-06     0.7714285714285714 
1.5978e-06     0.7580015140019032 
1.6003e-06     0.7512148970938486 
1.6028e-06     0.7362035225048923 
1.6053e-06     0.7227571720797616 
1.6078e-06     0.7097847358121331 
1.6103e-06     0.6956947162426614 
1.6128e-06     0.6816046966731898 
1.6153e-06     0.6675146771037183 
1.6178e-06     0.6522861843836661 
1.6203e-06     0.637573385518591 
1.6228e-06     0.6217221135029354 
1.6253e-06     0.6041095890410959 
1.6278e-06     0.5893761795459412 
1.6303e-06     0.5724070450097848 
1.6328e-06     0.5547945205479452 
1.6353e-06     0.5395422505214849 
1.6378e-06     0.5213307240704501 
1.6403e-06     0.5037181996086106 
1.6428e-06     0.4869233792710724 
1.6453e-06     0.4684931506849315 
1.6478e-06     0.452641878669276 
1.6503e-06     0.4350293542074364 
1.6528e-06     0.4156555772994129 
1.6553e-06     0.3980430528375734 
1.6578e-06     0.3825072639807143 
1.6603e-06     0.3645792563600783 
1.6628e-06     0.3477991128838256 
1.6653e-06     0.3311154598825832 
1.6678e-06     0.3135029354207437 
1.6703e-06     0.297651663405088 
1.6728e-06     0.2823536553932719 
1.6753e-06     0.2659491193737769 
1.6778e-06     0.2511950511015852 
1.6803e-06     0.2360078277886497 
1.6828e-06     0.2201565557729941 
1.6853e-06     0.2060665362035225 
1.6878e-06     0.1919765166340509 
1.6903e-06     0.1796477495107632 
1.6928e-06     0.1662017452178241 
1.6953e-06     0.1589340387853491 
1.6978e-06     0.1426614481409002 
1.7003e-06     0.1320939334637965 
1.7028e-06     0.1215264187866928 
1.7053e-06     0.1101901226485567 
1.7078e-06     0.1044529200312581 
1.7103e-06     0.09334637964774951 
1.7128e-06     0.08680028619675807 
1.7153e-06     0.07749510763209394 
1.7178e-06     0.07163690594321988 
1.7203e-06     0.06492806327017697 
1.7228e-06     0.06070942410696302 
1.7253e-06     0.05353162717301289 
1.7278e-06     0.05242609884684002 
1.7303e-06     0.04755381604696673 
1.7328e-06     0.0468627445175654 
1.7353e-06     0.04430499142568023 
1.7378e-06     0.04333071759950193 
1.7403e-06     0.04227005870841487 
1.7428e-06     0.04296402847846501 
1.7453e-06     0.04403131115459882 
1.7478e-06     0.04622135730764758 
1.7503e-06     0.04931506849315068 
1.7528e-06     0.05149459027367707 
1.7553e-06     0.05801291883663474 
1.7578e-06     0.06326358971375064 
1.7603e-06     0.06626599248470033 
1.7628e-06     0.07573385518590998 
1.7653e-06     0.08160559197982467 
1.7678e-06     0.0898238747553816 
1.7703e-06     0.09863013698630137 
1.7728e-06     0.1051684557444743 
1.7753e-06     0.1180039138943249 
1.7778e-06     0.1285714285714286 
1.7803e-06     0.1365494206738235 
1.7828e-06     0.149706457925636 
1.7853e-06     0.1620352250489237 
1.7878e-06     0.1732477795335406 
1.7903e-06     0.188454011741683 
1.7928e-06     0.2025440313111546 
1.7953e-06     0.2166340508806262 
1.7978e-06     0.2307240704500979 
1.8003e-06     0.2448140900195695 
1.8028e-06     0.2617558652020836 
1.8053e-06     0.2760115900522484 
1.8078e-06     0.2920609207176332 
1.8103e-06     0.3075700970815258 
1.8128e-06     0.3258317025440313 
1.8153e-06     0.3413959078323766 
1.8178e-06     0.3592954990215264 
1.8203e-06     0.3769080234833659 
1.8228e-06     0.3921132327133718 
1.8253e-06     0.4103718199608611 
1.8278e-06     0.4279843444227006 
1.8303e-06     0.4455968688845401 
1.8328e-06     0.4632093933463797 
1.8353e-06     0.4808219178082192 
1.8378e-06     0.4976326265128772 
1.8403e-06     0.5160469667318982 
1.8428e-06     0.5327667050972151 
1.8453e-06     0.550622609592732 
1.8478e-06     0.5657488728275968 
1.8503e-06     0.5824647648202678 
1.8528e-06     0.6005870841487281 
1.8553e-06     0.6164383561643836 
1.8578e-06     0.63118156478222 
1.8603e-06     0.6492446172932027 
1.8628e-06     0.6622309197651665 
1.8653e-06     0.678082191780822 
1.8678e-06     0.6921722113502935 
1.8703e-06     0.7062622309197653 
1.8728e-06     0.7185909980430528 
1.8753e-06     0.7326810176125246 
1.8778e-06     0.7405974650409282 
1.8803e-06     0.7555772994129158 
1.8828e-06     0.7690059752338035 
1.8853e-06     0.7784735812133072 
1.8878e-06     0.7849684740088675 
1.8903e-06     0.799227103340173 
1.8928e-06     0.8066536203522505 
1.8953e-06     0.8124787092969055 
1.8978e-06     0.8214049378087631 
1.9003e-06     0.8276834423852041 
1.9028e-06     0.8348336594911938 
1.9053e-06     0.8392199654231796 
1.9078e-06     0.8464821665572559 
1.9103e-06     0.8475554240539159 
1.9128e-06     0.8524461839530333 
1.9153e-06     0.8531279622184259 
1.9178e-06     0.8556812096994648 
1.9203e-06     0.8566413593710497 
1.9228e-06     0.8577299412915852 
1.9253e-06     0.8570788036841646 
1.9278e-06     0.8559686888454012 
1.9303e-06     0.8544937241143412 
1.9328e-06     0.8506849315068493 
1.9353e-06     0.84852691961592 
1.9378e-06     0.8436399217221136 
1.9403e-06     0.8408491085826455 
1.9428e-06     0.833220812414069 
1.9453e-06     0.826027397260274 
1.9478e-06     0.8202103775240134 
1.9503e-06     0.8119373776908024 
1.9528e-06     0.8054898293209346 
1.9553e-06     0.7943248532289628 
1.9578e-06     0.7837573385518591 
1.9603e-06     0.7731898238747554 
1.9628e-06     0.7652881748805016 
1.9653e-06     0.752054794520548 
1.9678e-06     0.740392259708041 
1.9703e-06     0.7262900916523926 
1.9728e-06     0.713307240704501 
1.9753e-06     0.7011505238618965 
1.9778e-06     0.6868884540117417 
1.9803e-06     0.6710371819960862 
1.9828e-06     0.6569471624266144 
1.9853e-06     0.6422023339131762 
1.9878e-06     0.6252446183953033 
1.9903e-06     0.6105053597478779 
1.9928e-06     0.5935420743639922 
1.9953e-06     0.5787747022041986 
1.9978e-06     0.5574260947558635 
2.0003e-06     0.5442270058708415 
2.0028e-06     0.526614481409002 
2.0053e-06     0.5098185614522378 
2.0078e-06     0.4913894324853229 
2.0103e-06     0.4737769080234834 
2.0128e-06     0.4582676887149271 
2.0153e-06     0.4374334454721472 
2.0178e-06     0.4209393346379648 
2.0203e-06     0.4042493625371235 
2.0228e-06     0.3857142857142857 
2.0253e-06     0.3704785636033989 
2.0278e-06     0.3522504892367906 
2.0303e-06     0.3320224357789535 
2.0328e-06     0.3187866927592955 
2.0353e-06     0.3040608017623014 
2.0378e-06     0.2853228962818004 
2.0403e-06     0.2698156704465712 
2.0428e-06     0.2553816046966732 
2.0453e-06     0.240605225188757 
2.0478e-06     0.225440313111546 
2.0503e-06     0.2095890410958904 
2.0528e-06     0.2012378534089282 
2.0553e-06     0.1831702544031311 
2.0578e-06     0.1708414872798434 
2.0603e-06     0.1581684254147137 
2.0628e-06     0.1461839530332681 
2.0653e-06     0.1359117492275293 
2.0678e-06     0.1232876712328767 
2.0703e-06     0.115153677728987 
2.0728e-06     0.1021902666703687 
2.0753e-06     0.09510763209393347 
2.0778e-06     0.08778581165447237 
2.0803e-06     0.07925636007827788 
2.0828e-06     0.07338811425561864 
2.0853e-06     0.06516634050880626 
2.0878e-06     0.06076379507769086 
2.0903e-06     0.05767943249159994 
2.0928e-06     0.05000674300049304 
2.0953e-06     0.05040166344230606 
2.0978e-06     0.04579256360078279 
2.1003e-06     0.04431768428280795 
2.1028e-06     0.043335970736432 
2.1053e-06     0.04227005870841487 
2.1078e-06     0.04227005870841487 
2.1103e-06     0.04297247343566468 
2.1128e-06     0.04552323049616212 
2.1153e-06     0.04931506849315068 
2.1178e-06     0.05146533468045407 
2.1203e-06     0.0563600782778865 
2.1228e-06     0.05924912454438137 
2.1253e-06     0.06686848727474928 
2.1278e-06     0.07156773107134259 
2.1303e-06     0.07808583669032342 
2.1328e-06     0.08806262230919765 
2.1353e-06     0.09392810251709727 
2.1378e-06     0.1039138943248532 
2.1403e-06     0.1150577610470594 
2.1428e-06     0.1225066256929115 
2.1453e-06     0.1356164383561644 
2.1478e-06     0.1490448038540554 
2.1503e-06     0.1585127201565558 
2.1528e-06     0.1711606666434728 
2.1553e-06     0.1849315068493151 
2.1578e-06     0.1983534076911669 
2.1603e-06     0.2113502935420744 
2.1628e-06     0.22720156555773 
2.1653e-06     0.2412915851272016 
2.1678e-06     0.2571428571428572 
2.1703e-06     0.2712328767123288 
2.1728e-06     0.2888454011741683 
2.1753e-06     0.3041491085888597 
2.1778e-06     0.3205479452054795 
2.1803e-06     0.3358456237265616 
2.1828e-06     0.3566750840786514 
2.1853e-06     0.3716242661448141 
2.1878e-06     0.3892367906066536 
2.1903e-06     0.4047906305796617 
2.1928e-06     0.4227005870841487 
2.1953e-06     0.4394748492342109 
2.1978e-06     0.4579256360078278 
2.2003e-06     0.4747725038355048 
2.2028e-06     0.4931506849315068 
2.2053e-06     0.509379885231536 
2.2078e-06     0.5283757338551859 
2.2103e-06     0.5459882583170255 
2.2128e-06     0.5661956603476949 
2.2153e-06     0.5789047526325076 
2.2178e-06     0.5953033268101761 
2.2203e-06     0.6105955655552542 
2.2228e-06     0.6275801829069082 
2.2253e-06     0.6422880064011873 
2.2278e-06     0.6587084148727985 
2.2303e-06     0.6727984344422701 
2.2328e-06     0.6868884540117417 
2.2353e-06     0.7009784735812132 
2.2378e-06     0.715068493150685 
2.2403e-06     0.7273972602739726 
2.2428e-06     0.7414872798434443 
2.2453e-06     0.752054794520548 
2.2478e-06     0.7654842962750206 
2.2503e-06     0.7749510763209393 
2.2528e-06     0.7828918816187894 
2.2553e-06     0.7932418969536005 
2.2578e-06     0.8031311154598827 
2.2603e-06     0.8096188049602943 
2.2628e-06     0.8189823874755382 
2.2653e-06     0.8248061772828698 
2.2678e-06     0.8330724070450097 
2.2703e-06     0.8382012856519471 
2.2728e-06     0.8411850516089395 
2.2753e-06     0.8471624266144815 
2.2778e-06     0.8493122365796951 
2.2803e-06     0.8542074363992173 
2.2828e-06     0.855672432002766 
2.2853e-06     0.8566301166844127 
2.2878e-06     0.8577299412915852 
2.2903e-06     0.8577299412915852 
2.2928e-06     0.857052174568082 
2.2953e-06     0.8545113416489557 
2.2978e-06     0.85353522643254 
2.3003e-06     0.8489236790606653 
2.3028e-06     0.8425584484407008 
2.3053e-06     0.8415082889243911 
2.3078e-06     0.8357566120562252 
2.3103e-06     0.8277886497064579 
2.3128e-06     0.8219825406438822 
2.3153e-06     0.8136986301369863 
2.3178e-06     0.8064537223112233 
2.3203e-06     0.7960861056751468 
2.3228e-06     0.7854000778494417 
2.3253e-06     0.7793938898716617 
2.3278e-06     0.7661448140900196 
2.3303e-06     0.75661128680214 
2.3328e-06     0.7432485322896282 
2.3353e-06     0.7298137855670662 
2.3378e-06     0.716829745596869 
2.3403e-06     0.7082414718412086 
2.3428e-06     0.6904109589041096 
2.3453e-06     0.674559686888454 
2.3478e-06     0.6604696673189824 
2.3503e-06     0.6463796477495107 
2.3528e-06     0.6311624203306789 
2.3553e-06     0.6150002472684241 
2.3578e-06     0.5994164707095422 
2.3603e-06     0.5812133072407045 
2.3628e-06     0.565362035225049 
2.3653e-06     0.5450674413692439 
2.3678e-06     0.5330077804149849 
2.3703e-06     0.5150972023016412 
2.3728e-06     0.4966731898238748 
2.3753e-06     0.4798955938443999 
2.3778e-06     0.4614481409001957 
2.3803e-06     0.4438356164383562 
2.3828e-06     0.4262230919765166 
2.3853e-06     0.4086105675146771 
2.3878e-06     0.3909980430528376 
2.3903e-06     0.375146771037182 
2.3928e-06     0.3575342465753425 
2.3953e-06     0.3406810047824628 
2.3978e-06     0.3195644797179778 
2.4003e-06     0.3075643608805032 
2.4028e-06     0.2906066536203523 
2.4053e-06     0.2758514834264138 
2.4078e-06     0.2589041095890411 
2.4103e-06     0.2441598705354799 
2.4128e-06     0.2289628180039139 
2.4153e-06     0.2148727984344423 
2.4178e-06     0.2007827788649707 
2.4203e-06     0.186692759295499 
2.4228e-06     0.1743639921722114 
2.4253e-06     0.1602739726027397 
2.4278e-06     0.149706457925636 
2.4303e-06     0.1378147181596811 
2.4328e-06     0.1293940177614137 
2.4353e-06     0.1162426614481409 
2.4378e-06     0.1072404100015866 
2.4403e-06     0.09686888454011741 
2.4428e-06     0.09101083203184486 
2.4453e-06     0.08210345734873263 
2.4478e-06     0.07515910988060663 
2.4503e-06     0.06692759295499022 
2.4528e-06     0.0617695970590215 
2.4553e-06     0.05874059864579442 
2.4578e-06     0.05283757338551859 
2.4603e-06     0.05066967335506765 
2.4628e-06     0.04579256360078279 
2.4653e-06     0.0443269801840942 
2.4678e-06     0.04403131115459882 
2.4703e-06     0.04332725255229831 
2.4728e-06     0.04227005870841487 
2.4753e-06     0.04297226567166518 
2.4778e-06     0.04551182826118144 
2.4803e-06     0.04648921942889985 
2.4828e-06     0.05107632093933464 
2.4853e-06     0.05323854325124347 
2.4878e-06     0.06094213210338697 
2.4903e-06     0.06432217667723607 
2.4928e-06     0.07064793421795192 
2.4953e-06     0.07629905433404945 
2.4978e-06     0.08454011741682975 
2.5003e-06     0.09108605218948025 
2.5028e-06     0.1021526418786693 
2.5053e-06     0.1133649343747007 
2.5078e-06     0.1192991027136724 
2.5103e-06     0.1320939334637965 
2.5128e-06     0.1455191713009697 
2.5153e-06     0.1549902152641879 
2.5178e-06     0.1635972447592836 
2.5203e-06     0.1814090019569472 
2.5228e-06     0.1937377690802348 
2.5253e-06     0.2078277886497065 
2.5278e-06     0.2219178082191781 
2.5303e-06     0.2360078277886497 
2.5328e-06     0.251302255396401 
2.5353e-06     0.2688093859644743 
2.5378e-06     0.2824806268245126 
2.5403e-06     0.299412915851272 
2.5428e-06     0.3141594372906214 
2.5453e-06     0.3328767123287671 
2.5478e-06     0.3484321010783866 
2.5503e-06     0.3663405088062623 
2.5528e-06     0.3830367697895591 
2.5553e-06     0.4015655577299413 
2.5578e-06     0.4168395489619371 
2.5603e-06     0.4350293542074364 
2.5628e-06     0.452641878669276 
2.5653e-06     0.4695326478322923 
2.5678e-06     0.487866927592955 
2.5703e-06     0.5043103187410101 
2.5728e-06     0.5230919765166341 
2.5753e-06     0.5407045009784736 
2.5778e-06     0.5583170254403131 
2.5803e-06     0.5738636779953737 
2.5828e-06     0.5891409816083002 
2.5853e-06     0.6076320939334638 
