
time (s)       VT("/out") (V)


2.72e-08       0.6217221135029354 
2.97e-08       0.6296550347713054 
3.22e-08       0.6515444123264436 
3.47e-08       0.6611385641555665 
3.72e-08       0.7008277753793526 
3.97e-08       0.6896124899373486 
4.22e-08       0.7096818410815341 
4.47e-08       0.716242025133989 
4.72e-08       0.7379647749510764 
4.97e-08       0.7441174343679757 
5.22e-08       0.7605701555998444 
5.47e-08       0.7624396888881436 
5.72e-08       0.7776805131030651 
5.97e-08       0.8022903968807678 
6.22e-08       0.794161230364956 
6.469999999999999e-08 0.8076403060575892 
6.719999999999999e-08 0.8175477397030472 
6.97e-08       0.8187985675283117 
7.22e-08       0.8288555686247958 
7.47e-08       0.8313256604265142 
7.72e-08       0.8382200831712612 
7.970000000000001e-08 0.8514633525057369 
8.220000000000001e-08 0.8472144931118082 
8.47e-08       0.8522759980004753 
8.720000000000001e-08 0.8524508621075839 
8.969999999999999e-08 0.8559686888454012 
9.219999999999999e-08 0.8559686888454012 
9.469999999999999e-08 0.8577299412915852 
9.72e-08       0.8577299412915852 
9.97e-08       0.8559599215399181 
1.022e-07      0.8542074363992173 
1.047e-07      0.8508604539276133 
1.072e-07      0.8488718394048277 
1.097e-07      0.8358849240634233 
1.122e-07      0.8385771735721017 
1.147e-07      0.8303150921049376 
1.172e-07      0.8280472230213902 
1.197e-07      0.8152439587059834 
1.222e-07      0.8138898271419406 
1.247e-07      0.8037927126830547 
1.272e-07      0.7979381562552198 
1.297e-07      0.7671139420598705 
1.322e-07      0.7756316139566654 
1.347e-07      0.7576505821840795 
1.372e-07      0.7558437292004623 
1.397e-07      0.7405694076431721 
1.422e-07      0.7203522504892368 
1.447e-07      0.7141984060219917 
1.472e-07      0.6957957444338971 
1.497e-07      0.6876203125166388 
1.522e-07      0.6480656588147681 
1.547e-07      0.6596606830327727 
1.572e-07      0.6376920807215111 
1.597e-07      0.6121597729167411 
1.622e-07      0.6121069706694062 
1.647e-07      0.5902533733312102 
1.672e-07      0.5802475313273571 
1.697e-07      0.5471168898052537 
1.722e-07      0.5469291468124509 
1.747e-07      0.5186040735802653 
1.772e-07      0.5054794520547945 
1.797e-07      0.4942115988822582 
1.822e-07      0.4720145457270547 
1.847e-07      0.4219866878913831 
1.872e-07      0.4429670024249633 
1.897e-07      0.4178711002258515 
1.922e-07      0.4077236882256802 
1.947e-07      0.3739169630440339 
1.972e-07      0.3665987402304844 
1.997e-07      0.3565484839068075 
2.022e-07      0.3216830354142234 
2.047e-07      0.3214684003204362 
2.072e-07      0.299435069227322 
2.097e-07      0.2740041183964336 
2.122e-07      0.2738516602146101 
2.147e-07      0.252041814466165 
2.172e-07      0.2419903342494739 
2.197e-07      0.2009422297804701 
2.222e-07      0.2121874816933725 
2.247e-07      0.1921635177411667 
2.272e-07      0.183999394795131 
2.297e-07      0.1637964774951076 
2.322e-07      0.15938352004578 
2.347e-07      0.1516004174871416 
2.372e-07      0.1286867531266649 
2.397e-07      0.1255416781323536 
2.422e-07      0.09795552845498919 
2.447e-07      0.1075576043271952 
2.472e-07      0.09568303043666915 
2.497e-07      0.07973521878502413 
2.522e-07      0.08119249531225849 
2.547e-07      0.07573296378800078 
2.572e-07      0.0656974607250734 
2.597e-07      0.06168292473380027 
2.622e-07      0.04901351802362736 
2.647e-07      0.05453439769756699 
2.672e-07      0.04948539299466564 
2.697e-07      0.04755381604696673 
2.722e-07      0.04571807265522201 
2.747e-07      0.04403131115459882 
2.772e-07      0.04227005870841487 
2.797e-07      0.04227005870841487 
2.822e-07      0.04405424970031133 
2.847e-07      0.04579256360078279 
2.872e-07      0.04917218628986633 
2.897e-07      0.04938520526044776 
2.922e-07      0.06387067796581929 
2.947e-07      0.059785105963695 
2.972e-07      0.06344306049364509 
2.997e-07      0.07346762570158677 
3.022e-07      0.07735012944261041 
3.047e-07      0.09502194170288643 
3.072e-07      0.0962342071041119 
3.097e-07      0.1020496818879356 
3.122e-07      0.1232683814868317 
3.147e-07      0.124453587723532 
3.172e-07      0.1406615009632216 
3.197e-07      0.1425151189275609 
3.222e-07      0.1577270525806723 
3.247e-07      0.1778864970645793 
3.272e-07      0.1823582111530405 
3.297e-07      0.2024644110406071 
3.322e-07      0.2105620322160056 
3.347e-07      0.2497848811732364 
3.372e-07      0.2387734111060219 
3.397e-07      0.260668298909384 
3.422e-07      0.2686386919846382 
3.447e-07      0.3011759106158666 
3.472e-07      0.3079911540687655 
3.497e-07      0.3179290916839241 
3.522e-07      0.3478466881257266 
3.547e-07      0.3514043637999584 
3.572e-07      0.3733983271770453 
3.597e-07      0.4006306473698856 
3.622e-07      0.4024459297223134 
3.647e-07      0.4276953083024113 
3.672e-07      0.4377341771922181 
3.697e-07      0.4911476275767966 
3.722e-07      0.4772431338173724 
3.747e-07      0.4921532711284921 
3.772e-07      0.5160557238015652 
3.797e-07      0.5343465524412219 
3.822e-07      0.5416030320303985 
3.847e-07      0.5671232876712329 
3.872e-07      0.5766614938109729 
3.897e-07      0.5987947382032098 
3.922e-07      0.6084623284353571 
3.947e-07      0.6408217628827295 
3.972e-07      0.646122545192033 
3.997e-07      0.6560570334161829 
4.022e-07      0.6956075325046051 
4.047e-07      0.6860851849870708 
4.072e-07      0.7061088298581583 
4.097e-07      0.7141758523560724 
4.122e-07      0.7344422700587084 
4.147e-07      0.7341132650682133 
4.172e-07      0.7511841794231345 
4.197e-07      0.7695667880564656 
4.222e-07      0.7725779269077425 
4.247e-07      0.8004385400271885 
4.272e-07      0.7906602376282436 
4.297e-07      0.8025530434729435 
4.322e-07      0.808227688819001 
4.347e-07      0.823161332396258 
4.372e-07      0.8240889070890497 
4.397e-07      0.8342273264889575 
4.422e-07      0.8364456554824251 
4.447e-07      0.8497945222478086 
4.472e-07      0.8454488012081545 
4.497e-07      0.85050002005351 
4.522e-07      0.8524461839530333 
4.547e-07      0.8542444939125359 
4.572e-07      0.8559686888454012 
4.597e-07      0.8577299412915852 
4.622e-07      0.8577299412915852 
4.647e-07      0.8559686888454012 
4.672e-07      0.8559314488949351 
4.697e-07      0.8508772665283253 
4.722e-07      0.8506327909607743 
4.747e-07      0.8377008152723696 
4.772000000000001e-07 0.8403855537504132 
4.797e-07      0.8365737485666795 
4.822e-07      0.8266742308032403 
4.847e-07      0.8226720800523809 
4.872e-07      0.8097139157648756 
4.897000000000001e-07 0.8040635864222074 
4.922e-07      0.7997473955204605 
4.947e-07      0.7721867849067094 
4.972e-07      0.7758791272837628 
4.997000000000001e-07 0.7698674756248653 
5.022e-07      0.7487111918375797 
5.047e-07      0.744084108717574 
5.072000000000001e-07 0.7280032091902688 
5.097000000000001e-07 0.7194581997446237 
5.122e-07      0.6993976249877339 
5.147e-07      0.6911560125287945 
5.172e-07      0.6516553797782842 
5.197000000000001e-07 0.6631510913078 
5.222000000000001e-07 0.6415979899479547 
5.247e-07      0.6331597274806491 
5.272e-07      0.6093933463796478 
5.297000000000001e-07 0.60160299263979 
5.322000000000001e-07 0.5749320017270072 
5.347e-07      0.5522106486249236 
5.372e-07      0.5506821761874819 
5.397e-07      0.5285383891162192 
5.422000000000001e-07 0.5169600812450015 
5.447000000000001e-07 0.4850109996356757 
5.472e-07      0.4774271976021801 
5.497e-07      0.4640304817161319 
5.522000000000001e-07 0.4146132674338998 
5.547000000000001e-07 0.4201735077858991 
5.572e-07      0.4130104787987781 
5.597e-07      0.3855591746641084 
5.622e-07      0.3778451876244864 
5.647000000000001e-07 0.3494820200464101 
5.672e-07      0.3285526501752413 
5.697e-07      0.3267316744878128 
5.722e-07      0.3033248707280179 
5.747000000000001e-07 0.2931841989867114 
5.772000000000001e-07 0.2694716242661448 
5.797e-07      0.2513625712853168 
5.822e-07      0.2456279321618319 
5.847000000000001e-07 0.2060502486320635 
5.872000000000001e-07 0.2157700094569115 
5.897e-07      0.1958247166785761 
5.922e-07      0.1875990429181435 
5.947e-07      0.1673189823874755 
5.972000000000001e-07 0.1657315536412306 
5.997000000000001e-07 0.1505438162673428 
6.022e-07      0.1321967689442833 
6.047e-07      0.1274119687886329 
6.072000000000001e-07 0.1198308608264004 
6.097000000000001e-07 0.09092588478548486 
6.122e-07      0.09749468234197273 
6.147e-07      0.0917053523142648 
6.172e-07      0.0789425975261602 
6.197000000000001e-07 0.07584757317915916 
6.222000000000001e-07 0.06751625980810008 
6.247e-07      0.06353725738486606 
6.272e-07      0.05034218843424737 
6.297000000000001e-07 0.05455013117224201 
6.322000000000001e-07 0.04951107090181706 
6.347e-07      0.04755381604696673 
6.372e-07      0.04572397060947898 
6.397000000000001e-07 0.04403131115459882 
6.422000000000001e-07 0.04227005870841487 
6.447e-07      0.04227005870841487 
6.472e-07      0.04403131115459882 
6.497e-07      0.04410648606808607 
6.522000000000001e-07 0.0473952647913677 
6.547000000000001e-07 0.04937721561510763 
6.572e-07      0.06213029442563102 
6.597e-07      0.05642986959109762 
6.622000000000001e-07 0.06332140388082474 
6.647000000000001e-07 0.07166055579628457 
6.672e-07      0.07562410643590632 
6.697e-07      0.08845464742647739 
6.722e-07      0.0896641769456584 
6.747000000000001e-07 0.1031860432315659 
6.772000000000001e-07 0.1139947216822194 
6.797e-07      0.122387719884382 
6.822e-07      0.128445060335496 
6.847000000000001e-07 0.149589357690805 
6.872000000000001e-07 0.1526971571810052 
6.897e-07      0.1743639921722114 
6.922e-07      0.1788183530726627 
6.947e-07      0.1988513037459726 
6.972000000000001e-07 0.2052373512322915 
6.997000000000001e-07 0.2445277977903186 
7.022e-07      0.2352592547314571 
7.047e-07      0.2553147010309317 
7.072000000000001e-07 0.2665859219204546 
7.097000000000001e-07 0.2888454011741683 
7.122e-07      0.2967925815828447 
7.147e-07      0.3188760224883895 
7.172000000000001e-07 0.3488323395246603 
7.197000000000001e-07 0.346142766113324 
7.222e-07      0.3695181389919605 
7.247e-07      0.3795636253503171 
7.272e-07      0.4136725618857799 
7.297000000000001e-07 0.4207506633955359 
7.322000000000001e-07 0.4324534646134748 
7.347e-07      0.4827398699251735 
7.372e-07      0.4780636808391597 
7.397000000000001e-07 0.4852672728822952 
7.422000000000001e-07 0.5127041982529096 
7.447e-07      0.5204827610037326 
7.472e-07      0.5424991499908911 
7.497e-07      0.5742422480233897 
7.522000000000001e-07 0.5715873795200063 
7.547000000000001e-07 0.5947847762527851 
7.572e-07      0.605008295175499 
7.597e-07      0.6287671232876713 
7.622000000000001e-07 0.6366651447285088 
7.647000000000001e-07 0.6569784052488775 
7.672e-07      0.6666422929538742 
7.697e-07      0.7108794826627636 
7.722000000000001e-07 0.7020517501562283 
7.747000000000001e-07 0.7060438906911983 
7.772000000000001e-07 0.7230117453142076 
7.797e-07      0.7432485322896282 
7.822e-07      0.7476893260825013 
7.847000000000001e-07 0.761442185636693 
7.872000000000001e-07 0.7722895354886612 
7.897e-07      0.7783414954570638 
7.922e-07      0.8013448770755282 
7.947000000000001e-07 0.8007298145795061 
7.972000000000001e-07 0.8064865942252055 
7.997e-07      0.8211729703285614 
8.022e-07      0.8223406628675454 
8.047e-07      0.8324402038524154 
8.072000000000001e-07 0.8364097893165299 
8.097000000000001e-07 0.8401456205419665 
8.122e-07      0.8532943288003075 
8.147e-07      0.8489236790606653 
8.172000000000001e-07 0.8522909618868052 
8.197000000000001e-07 0.8542400068325675 
8.222e-07      0.8559686888454012 
8.247e-07      0.8577299412915852 
8.272e-07      0.8577299412915852 
8.297000000000001e-07 0.8577299412915852 
8.322000000000001e-07 0.8559344953259709 
8.347e-07      0.8526777352721868 
8.372e-07      0.8506633927720658 
8.397000000000001e-07 0.837777594289314 
8.422000000000001e-07 0.8436228983974224 
8.447e-07      0.8367811435489056 
8.472e-07      0.8284604856004537 
8.497000000000001e-07 0.8262007040777776 
8.522000000000001e-07 0.8133818920680523 
8.547e-07      0.8103553340810432 
8.572e-07      0.8001034146724036 
8.597e-07      0.7741712420517788 
8.622000000000001e-07 0.7839796271074707 
8.647000000000001e-07 0.7688141223321798 
8.672e-07      0.7522751224697226 
8.697e-07      0.7474473500741485 
8.722000000000001e-07 0.7273972602739726 
8.747000000000001e-07 0.7230329289792354 
8.772e-07      0.7030352557445219 
8.797e-07      0.6965471616190108 
8.822e-07      0.6568683993865831 
8.847000000000001e-07 0.6666851071235254 
8.872000000000001e-07 0.6467018134971486 
8.897e-07      0.6367154390268329 
8.922e-07      0.6132897722811392 
8.947000000000001e-07 0.6050119556612646 
8.972000000000001e-07 0.5830987070445541 
8.997e-07      0.5732277570294303 
9.022e-07      0.5369864766066221 
9.047000000000001e-07 0.5338646960786448 
9.072000000000001e-07 0.5206027397525517 
9.097000000000001e-07 0.4966637532565468 
9.122e-07      0.4782170059148781 
9.147e-07      0.4709279348613506 
9.172000000000001e-07 0.4185887797983975 
9.197000000000001e-07 0.4359833766422968 
9.222e-07      0.4076740050405548 
9.247e-07      0.3927592954990216 
9.272000000000001e-07 0.3815960075345601 
9.297000000000001e-07 0.3594442038008834 
9.322e-07      0.327362320057518 
9.347e-07      0.330290880202476 
9.372e-07      0.3084714477748385 
9.397000000000001e-07 0.2984845357603922 
9.422000000000001e-07 0.2728204929424883 
9.447e-07      0.266793622843147 
9.472e-07      0.2448512862202528 
9.497000000000001e-07 0.2349127031843 
9.522000000000001e-07 0.1955136357735018 
9.546999999999999e-07 0.2069683194268509 
9.571999999999999e-07 0.1867926568628557 
9.597000000000001e-07 0.1786868769045468 
9.622000000000001e-07 0.1585127201565558 
9.647000000000001e-07 0.1538289263446376 
9.672e-07      0.1357790494758462 
9.697e-07      0.1294336877777781 
9.722e-07      0.1232892223828141 
9.747e-07      0.09420399850373798 
9.771999999999999e-07 0.09946971899430529 
9.796999999999999e-07 0.09523666920584763 
9.821999999999999e-07 0.08079441475029327 
9.846999999999999e-07 0.07936750986461481 
9.872000000000001e-07 0.06930849030442029 
9.897e-07      0.06524943231477627 
9.922e-07      0.06154895898068084 
9.947e-07      0.04716044877477223 
9.972e-07      0.05279158860607291 
9.996999999999999e-07 0.04770395977344342 
1.0022e-06     0.04573064278651538 
1.0047e-06     0.04403131115459882 
1.0072e-06     0.04227005870841487 
1.0097e-06     0.04227005870841487 
1.0122e-06     0.04227005870841487 
1.0147e-06     0.04410154956580655 
1.0172e-06     0.04579256360078279 
1.0197e-06     0.04921126278662083 
1.0222e-06     0.06055804905581478 
1.0247e-06     0.05644238616264283 
1.0272e-06     0.06154541668226703 
1.0297e-06     0.06986812415166373 
1.0322e-06     0.07385268002877611 
1.0347e-06     0.08660216216560755 
1.0372e-06     0.08795875706153485 
1.0397e-06     0.09983470190903523 
1.0422e-06     0.1179167235855944 
1.0447e-06     0.114419779062155 
1.0472e-06     0.1295874642553922 
1.0497e-06     0.141431268740718 
1.0522e-06     0.1506355938811937 
1.0547e-06     0.1708414872798434 
1.0572e-06     0.1751207554597264 
1.0597e-06     0.1847200630600321 
1.0622e-06     0.2079339776635596 
1.0647e-06     0.2461020048932094 
1.0672e-06     0.2316030380342191 
1.0697e-06     0.2516675489621266 
1.0722e-06     0.2597973208130298 
1.0747e-06     0.2835859422544609 
1.0772e-06     0.2915266460982695 
1.0797e-06     0.3149934385844734 
1.0822e-06     0.3250309861598022 
1.0847e-06     0.3612680710815691 
1.0872e-06     0.3643918625063642 
1.0897e-06     0.3742791404509432 
1.0922e-06     0.4020729383823285 
1.0947e-06     0.4094501032459129 
1.0972e-06     0.4378958191174194 
1.0997e-06     0.4776565905270718 
1.1022e-06     0.4640550653408947 
1.1047e-06     0.4861918642634541 
1.1072e-06     0.5132900359775877 
1.1097e-06     0.5152022193214042 
1.1122e-06     0.5386262900812558 
1.1147e-06     0.5486730496239389 
1.1172e-06     0.5867517659976117 
1.1197e-06     0.5897981386195962 
1.1222e-06     0.5996943546665701 
1.1247e-06     0.6234833659491195 
1.1272e-06     0.6329020687482718 
1.1297e-06     0.6533136890124139 
1.1322e-06     0.6631735971764868 
1.1347e-06     0.702666097336564 
1.1372e-06     0.6913686741741482 
1.1397e-06     0.7114928958976783 
1.1422e-06     0.7195144406631965 
1.1447e-06     0.7397260273972602 
1.1472e-06     0.7443703176279134 
1.1497e-06     0.7623539874390782 
1.1522e-06     0.7641771228291669 
1.1547e-06     0.7794434075271698 
1.1572e-06     0.8040653657374742 
1.1597e-06     0.7986373245803638 
1.1622e-06     0.8047060676904837 
1.1647e-06     0.8175641712103254 
1.1672e-06     0.8205786139291071 
1.1697e-06     0.8306390992242303 
1.1722e-06     0.8346106507535922 
1.1747e-06     0.8383905485990808 
1.1772e-06     0.8531962009284443 
1.1797e-06     0.8472088859454927 
1.1822e-06     0.8522762833435765 
1.1847e-06     0.8542277661546678 
1.1872e-06     0.8559686888454012 
1.1897e-06     0.8559686888454012 
1.1922e-06     0.8577299412915852 
1.1947e-06     0.8577299412915852 
1.1972e-06     0.8559468477584721 
1.1997e-06     0.8542074363992173 
1.2022e-06     0.8508600421813209 
1.2047e-06     0.8488852344348045 
1.2072e-06     0.8359108699759255 
1.2097e-06     0.8385527635388222 
1.2122e-06     0.8302609662993348 
1.2147e-06     0.8279789929491131 
1.2172e-06     0.8152079666142684 
1.2197e-06     0.8138759172357847 
1.2222e-06     0.8020043594607885 
1.2247e-06     0.7758686550735683 
1.2272e-06     0.7857192011255639 
1.2297e-06     0.7738319105767839 
1.2322e-06     0.7558442577774498 
1.2347e-06     0.7495041317131458 
1.2372e-06     0.7434071201594979 
1.2397e-06     0.7185909980430528 
1.2422e-06     0.7124424984568434 
1.2447e-06     0.6939907719370045 
1.2472e-06     0.6858885121219485 
1.2497e-06     0.6462218292581844 
1.2522e-06     0.6579787586813965 
1.2547e-06     0.6313258248044196 
1.2572e-06     0.6181996086105676 
1.2597e-06     0.6103018155737473 
1.2622e-06     0.5884833416313529 
1.2647e-06     0.5768868020090622 
1.2672e-06     0.5450512027121227 
1.2697e-06     0.5347266245973806 
1.2722e-06     0.5274862024483192 
1.2747e-06     0.5003346347125393 
1.2772e-06     0.4922292477229523 
1.2797e-06     0.4701285158646951 
1.2822e-06     0.4206259482896682 
1.2847e-06     0.4412199352814502 
1.2872e-06     0.4160721625836917 
1.2897e-06     0.4062126544677716 
1.2922e-06     0.3722516282848183 
1.2947e-06     0.3647899343673814 
1.2972e-06     0.3514757671372968 
1.2997e-06     0.3213973304146108 
1.3022e-06     0.3199667056301815 
1.3047e-06     0.293157752257204 
1.3072e-06     0.2782778864970646 
1.3097e-06     0.2703040419092016 
1.3122e-06     0.2484757122292869 
1.3147e-06     0.2386687097279858 
1.3172e-06     0.1991372149786306 
1.3197e-06     0.2104365871249172 
1.3222e-06     0.190411333565945 
1.3247e-06     0.183760335974424 
1.3272e-06     0.1620352250489237 
1.3297e-06     0.1558187355495998 
1.3322e-06     0.1394057677205503 
1.3347e-06     0.1374773362506509 
1.3372e-06     0.1222521219663432 
1.3397e-06     0.09780414153914362 
1.3422e-06     0.1058425149899691 
1.3447e-06     0.0923394715717115 
1.3472e-06     0.08262145271535072 
1.3497e-06     0.081151993104718 
1.3522e-06     0.07112610307898749 
1.3547e-06     0.06864287945792302 
1.3572e-06     0.06168549990796433 
1.3597e-06     0.04894590191040898 
1.3622e-06     0.05277354490936964 
1.3647e-06     0.04772748972021813 
1.3672e-06     0.04751781810765812 
1.3697e-06     0.04403131115459882 
1.3722e-06     0.04403131115459882 
1.3747e-06     0.04227005870841487 
1.3772e-06     0.04227005870841487 
1.3797e-06     0.04408503523360467 
1.3822e-06     0.04579256360078279 
1.3847e-06     0.04918675073997126 
1.3872e-06     0.05114445275666676 
1.3897e-06     0.06401448871936045 
1.3922e-06     0.06150426580394298 
1.3947e-06     0.06981651409408855 
1.3972e-06     0.07201695631345129 
1.3997e-06     0.08482009218267289 
1.4022e-06     0.08616841613267533 
1.4047e-06     0.09626891820185857 
1.4072e-06     0.1020398613579194 
1.4097e-06     0.125002233793533 
1.4122e-06     0.124519510233551 
1.4147e-06     0.1423360525729891 
1.4172e-06     0.1442217398837586 
1.4197e-06     0.1594767632511413 
1.4222e-06     0.1796477495107632 
1.4247e-06     0.1858781651868321 
1.4272e-06     0.2042714246271507 
1.4297e-06     0.2123417141742716 
1.4322e-06     0.2515947744517582 
1.4347e-06     0.2405205293636219 
1.4372e-06     0.2624647230258168 
1.4397e-06     0.2877937706099102 
1.4422e-06     0.2879538205446075 
1.4447e-06     0.3098158717427528 
1.4472e-06     0.3197226404914787 
1.4497e-06     0.3501755459659833 
1.4522e-06     0.3531184006904298 
1.4547e-06     0.3814889491728026 
1.4572e-06     0.3945307365886317 
1.4597e-06     0.4057226175173762 
1.4622e-06     0.4279643829440786 
1.4647e-06     0.4774954567386011 
1.4672e-06     0.4572177671633607 
1.4697e-06     0.4823579236495348 
1.4722e-06     0.4923245585825302 
1.4747e-06     0.5263386919340781 
1.4772e-06     0.5334801001799225 
1.4797e-06     0.5433971483220313 
1.4822e-06     0.5755568003776658 
1.4847e-06     0.578589400950427 
1.4872e-06     0.6006655474444198 
1.4897e-06     0.6260371045586114 
1.4922e-06     0.6260950175314471 
1.4947e-06     0.6479625947889919 
1.4972e-06     0.6578560296963015 
1.4997e-06     0.6990770086546451 
1.5022e-06     0.6878605748505356 
1.5047e-06     0.7079172861291531 
1.5072e-06     0.7159678235820244 
1.5097e-06     0.7362035225048923 
1.5122e-06     0.7423210588033583 
1.5147e-06     0.7483184632954168 
1.5172e-06     0.7713936910774397 
1.5197e-06     0.7743958587736735 
1.5222e-06     0.8021093818311903 
1.5247e-06     0.7924396242299324 
1.5272e-06     0.8043225022591632 
1.5297e-06     0.8203416589063881 
1.5322e-06     0.8187619294694427 
1.5347e-06     0.82426614481409 
1.5372e-06     0.8342624019330088 
1.5397e-06     0.8382147115030185 
1.5422e-06     0.8514899701597005 
1.5447e-06     0.8454511067560831 
1.5472e-06     0.8505038150241496 
1.5497e-06     0.8524461839530333 
1.5522e-06     0.8542455184481402 
1.5547e-06     0.8559686888454012 
1.5572e-06     0.8577299412915852 
1.5597e-06     0.8577299412915852 
1.5622e-06     0.8559686888454012 
1.5647e-06     0.8542074363992173 
1.5672e-06     0.8508689329237871 
1.5697e-06     0.8506337141491463 
1.5722e-06     0.8359766405281537 
1.5747e-06     0.8403302889327177 
1.5772e-06     0.8365949119373777 
1.5797e-06     0.8266475052900459 
1.5822e-06     0.8227020971650455 
1.5847e-06     0.8050954093466661 
1.5872e-06     0.8038168683433232 
1.5897e-06     0.797942780792589 
1.5922e-06     0.7688558654473314 
1.5947e-06     0.7756570477960937 
1.5972e-06     0.7595302178945453 
1.5997e-06     0.7575551700710954 
1.6022e-06     0.7423389122462323 
1.6047e-06     0.7221135029354208 
1.6072e-06     0.7176931566320178 
1.6097e-06     0.6976113960204198 
1.6122e-06     0.6893817771025917 
1.6147e-06     0.6498896035282792 
1.6172e-06     0.6613861576417406 
1.6197e-06     0.639546949531812 
1.6222e-06     0.6314092530443598 
1.6247e-06     0.5990274872619148 
1.6272e-06     0.5920895956944915 
1.6297e-06     0.5820222451557638 
1.6322e-06     0.5489615003744398 
1.6347e-06     0.5486562412218441 
1.6372e-06     0.5266780364693557 
1.6397e-06     0.4994714163889775 
1.6422e-06     0.4974908939481769 
1.6447e-06     0.4722678472721215 
1.6472e-06     0.4620520587254544 
1.6497e-06     0.4083898783121344 
1.6522e-06     0.4229514935813515 
1.6547e-06     0.4079369562509862 
1.6572e-06     0.3839530332681018 
1.6597e-06     0.3656740581334786 
1.6622e-06     0.358359876846318 
1.6647e-06     0.3250001555730098 
1.6672e-06     0.3234324957831948 
1.6697e-06     0.3012872544434335 
1.6722e-06     0.2914983334042334 
1.6747e-06     0.2595976752958303 
1.6772e-06     0.2538363831507293 
1.6797e-06     0.2438077524921965 
1.6822e-06     0.2044309909767735 
1.6847e-06     0.2139867787023751 
1.6872e-06     0.1939596850264604 
1.6897e-06     0.1857738201524546 
1.6922e-06     0.1655577299412916 
1.6947e-06     0.1658922152030462 
1.6972e-06     0.1487722282724785 
1.6997e-06     0.1305949818426163 
1.7022e-06     0.1273371027544224 
1.7047e-06     0.09962260797145214 
1.7072e-06     0.1093417658311976 
1.7097e-06     0.09745210644155124 
1.7122e-06     0.09172017787013975 
1.7147e-06     0.07703920690957976 
1.7172e-06     0.07586391181406169 
1.7197e-06     0.06572991532903159 
1.7222e-06     0.06351648113098975 
1.7247e-06     0.05058072060683831 
1.7272e-06     0.05453960178226092 
1.7297e-06     0.04950402794349815 
1.7322e-06     0.04755381604696673 
1.7347e-06     0.04571684614655771 
1.7372e-06     0.04403131115459882 
1.7397e-06     0.04227005870841487 
1.7422e-06     0.04227005870841487 
1.7447e-06     0.04403131115459882 
1.7472e-06     0.04410785437222667 
1.7497e-06     0.04916580171167977 
1.7522e-06     0.04938108733825617 
1.7547e-06     0.06217862121051746 
1.7572e-06     0.05972477060413616 
1.7597e-06     0.06346503534651371 
1.7622e-06     0.07342858516963106 
1.7647e-06     0.07737858610898286 
1.7672e-06     0.0903642889734253 
1.7697e-06     0.09598677024853229 
1.7722e-06     0.1002602670084041 
1.7747e-06     0.127648127926296 
1.7772e-06     0.1242404387945822 
1.7797e-06     0.1302089118675608 
1.7822e-06     0.1514930134240141 
1.7847e-06     0.1559819268255065 
1.7872e-06     0.172084548488303 
1.7897e-06     0.1805955880527808 
1.7922e-06     0.2006842124576148 
1.7947e-06     0.2087792961287846 
1.7972e-06     0.2480407662761432 
1.7997e-06     0.2370271135247375 
1.8022e-06     0.2586509055439258 
1.8047e-06     0.2668934499523319 
1.8072e-06     0.2906099814325588 
1.8097e-06     0.298453950888053 
1.8122e-06     0.3251586511133003 
1.8147e-06     0.3399547905307386 
1.8172e-06     0.349378167864474 
1.8197e-06     0.3715460725623602 
1.8222e-06     0.382996215285155 
1.8247e-06     0.4153359443007887 
1.8272e-06     0.4225564852414203 
1.8297e-06     0.4358002619321603 
1.8322e-06     0.4848749745032589 
1.8347e-06     0.4800093614425159 
1.8372e-06     0.4870651118357727 
1.8397e-06     0.5148040098814154 
1.8422e-06     0.5221991904201113 
1.8447e-06     0.5505990902592457 
1.8472e-06     0.563635369892176 
1.8497e-06     0.5733464985182007 
1.8522e-06     0.5967569025096818 
1.8547e-06     0.6067630697420484 
1.8572e-06     0.6305283757338551 
1.8597e-06     0.6485590390734766 
1.8622e-06     0.6542226829441047 
1.8647e-06     0.6939412125890527 
1.8672e-06     0.6842893434209903 
1.8697e-06     0.7042914081484702 
1.8722e-06     0.7123502028566778 
1.8747e-06     0.7326810176125246 
1.8772e-06     0.7342569562346656 
1.8797e-06     0.7494446381952353 
1.8822e-06     0.7677948148393207 
1.8847e-06     0.772534778878525 
1.8872e-06     0.7800622775271017 
1.8897e-06     0.801340606275594 
1.8922e-06     0.8025083775878014 
1.8947e-06     0.8082517034260637 
1.8972e-06     0.8212043243907252 
1.8997e-06     0.8241052179474542 
1.9022e-06     0.832464877543924 
1.9047e-06     0.8364309257922735 
1.9072e-06     0.8499615254740168 
1.9097e-06     0.8454419211184949 
1.9122e-06     0.8504829804342718 
1.9147e-06     0.8524461839530333 
1.9172e-06     0.8542423661115136 
1.9197e-06     0.8559686888454012 
1.9222e-06     0.8577299412915852 
1.9247e-06     0.8577299412915852 
1.9272e-06     0.8559686888454012 
1.9297e-06     0.8559323104051779 
1.9322e-06     0.8526501503688187 
1.9347e-06     0.8506404225513408 
1.9372e-06     0.8377159057055221 
1.9397e-06     0.8436333108709932 
1.9422e-06     0.8367825151880024 
1.9447e-06     0.8284701988762102 
1.9472e-06     0.8244373833948552 
1.9497e-06     0.8115812263593902 
1.9522e-06     0.8103946461266653 
1.9547e-06     0.7968924185625424 
1.9572e-06     0.7739808131439615 
1.9597e-06     0.7777596882684762 
1.9622e-06     0.771623918488248 
1.9647e-06     0.7505475102681382 
1.9672e-06     0.7474034308289949 
1.9697e-06     0.7256360078277887 
1.9722e-06     0.7212551099170976 
1.9747e-06     0.7012335786155146 
1.9772e-06     0.694740537114597 
1.9797e-06     0.6551754856595868 
1.9822e-06     0.6649064867826915 
1.9847e-06     0.6448643404778009 
1.9872e-06     0.6335023022647307 
1.9897e-06     0.6111545988258317 
1.9922e-06     0.6032777814784556 
1.9947e-06     0.5812381824607292 
1.9972e-06     0.5510855859496022 
1.9997e-06     0.5539140307760124 
2.0022e-06     0.5305806804720382 
2.0047e-06     0.5203860761293423 
2.0072e-06     0.4867056631300656 
2.0097e-06     0.4792057994632115 
2.0122e-06     0.4673931319818289 
2.0147e-06     0.4167683927909116 
2.0172e-06     0.4221241591852763 
2.0197e-06     0.4147874695304477 
2.0222e-06     0.3876573814388073 
2.0247e-06     0.3795910830736766 
2.0272e-06     0.3575751892374127 
2.0297e-06     0.3256819269726907 
2.0322e-06     0.3284810515610888 
2.0347e-06     0.306658012153489 
2.0372e-06     0.2951583858052887 
2.0397e-06     0.2712328767123288 
2.0422e-06     0.2632967695787254 
2.0447e-06     0.2430147315664434 
2.0472e-06     0.2332288068025324 
2.0497e-06     0.1891704089862681 
2.0522e-06     0.2081784247608619 
2.0547e-06     0.1849473743661373 
2.0572e-06     0.1769557185664515 
2.0597e-06     0.1567514677103719 
2.0622e-06     0.1522812820764253 
2.0647e-06     0.1386923864093877 
2.0672e-06     0.1276120318181916 
2.0697e-06     0.1214941865352497 
2.0722e-06     0.09094074465248637 
2.0747e-06     0.09929613896978243 
2.0772e-06     0.09343934657374137 
2.0797e-06     0.07899817785472658 
2.0822e-06     0.07761512012646045 
2.0847e-06     0.06753376670229574 
2.0872e-06     0.06356357222277575 
2.0897e-06     0.05979293542702084 
2.0922e-06     0.04711186297524275 
2.0947e-06     0.05107632093933464 
2.0972e-06     0.04769820665270232 
2.0997e-06     0.04572678728959863 
2.1022e-06     0.04403131115459882 
2.1047e-06     0.04227005870841487 
2.1072e-06     0.04227005870841487 
2.1097e-06     0.04227005870841487 
2.1122e-06     0.04410386161096592 
2.1147e-06     0.04737274834151139 
2.1172e-06     0.04935183174503316 
2.1197e-06     0.06214674626205544 
2.1222e-06     0.05644131786061794 
2.1247e-06     0.06332879758850675 
2.1272e-06     0.07164228888863854 
2.1297e-06     0.07385883081948162 
2.1322e-06     0.08676860894292182 
2.1347e-06     0.08970109664625546 
2.1372e-06     0.09997025096551911 
2.1397e-06     0.1256252757241639 
2.1422e-06     0.1161661168866488 
2.1447e-06     0.1313479531127072 
2.1472e-06     0.1479112555065957 
2.1497e-06     0.1526379063692606 
2.1522e-06     0.1725953925918852 
2.1547e-06     0.1770199732776593 
2.1572e-06     0.1970181549936163 
2.1597e-06     0.2033984762615689 
2.1622e-06     0.2428284367870319 
2.1647e-06     0.2334685528762344 
2.1672e-06     0.2535063452285426 
2.1697e-06     0.2633538810375817 
2.1722e-06     0.2870888324405114 
2.1747e-06     0.295046382043987 
2.1772e-06     0.3169911577300156 
2.1797e-06     0.3267166059959021 
2.1822e-06     0.3630155928849153 
2.1847e-06     0.3661927801444851 
2.1872e-06     0.3793365945052653 
2.1897e-06     0.4033268101761253 
2.1922e-06     0.4216383287948758 
2.1947e-06     0.4289073345571063 
2.1972e-06     0.4809308435089835 
2.1997e-06     0.4642049891584002 
2.2022e-06     0.4925512431658554 
2.2047e-06     0.5072663822961151 
2.2072e-06     0.5184736985484343 
2.2097e-06     0.5406702718473013 
2.2122e-06     0.5725361691539577 
2.2147e-06     0.5697834397377379 
2.2172e-06     0.5916281799724009 
2.2197e-06     0.6014817287080949 
2.2222e-06     0.6274441435306596 
2.2247e-06     0.6331751039640338 
2.2272e-06     0.6551156925467539 
2.2297e-06     0.664934506199082 
2.2322e-06     0.7044840997175904 
2.2347e-06     0.6930886621614113 
2.2372e-06     0.7132778052228259 
2.2397e-06     0.721270507209313 
2.2422e-06     0.7414872798434443 
2.2447e-06     0.7461910667920231 
2.2472e-06     0.7642066027265445 
2.2497e-06     0.770454604979987 
2.2522e-06     0.7765531009501507 
2.2547e-06     0.7933703697898269 
2.2572e-06     0.8004929596779689 
2.2597e-06     0.8047204158533414 
2.2622e-06     0.8193363703595258 
2.2647e-06     0.820579171412028 
2.2672e-06     0.8306663173742476 
2.2697e-06     0.8346468354707119 
2.2722e-06     0.8383935086914149 
2.2747e-06     0.8532445615221077 
2.2772e-06     0.8471987336442742 
2.2797e-06     0.8522869861997839 
2.2822e-06     0.8542369492878427 
2.2847e-06     0.8559686888454012 
2.2872e-06     0.8577299412915852 
2.2897e-06     0.8577299412915852 
2.2922e-06     0.8577299412915852 
2.2947e-06     0.8559416884195271 
2.2972e-06     0.8542074363992173 
2.2997e-06     0.850843707340146 
2.3022e-06     0.8393637131540104 
2.3047e-06     0.8436217918598121 
2.3072e-06     0.8385390743907786 
2.3097e-06     0.8302629379200713 
2.3122e-06     0.826209546514724 
2.3147e-06     0.8134582362044837 
2.3172e-06     0.8121200472097299 
2.3197e-06     0.800218103596511 
2.3222e-06     0.7741642407597186 
2.3247e-06     0.7857314362799903 
2.3272e-06     0.7705525875643024 
2.3297e-06     0.7586968034359061 
2.3322e-06     0.7494063667716303 
2.3347e-06     0.7291585127201566 
2.3372e-06     0.7249615607651374 
2.3397e-06     0.7152622515744442 
2.3422e-06     0.6921472101265299 
2.3447e-06     0.6536005092492644 
2.3472e-06     0.6685749199776191 
2.3497e-06     0.648496929508913 
2.3522e-06     0.6402732676019655 
2.3547e-06     0.6164383561643836 
2.3572e-06     0.6085335478476936 
2.3597e-06     0.5850956305280689 
2.3622e-06     0.574900875100311 
2.3647e-06     0.5387269325629813 
2.3672e-06     0.5356763864348552 
2.3697e-06     0.5256647169787457 
2.3722e-06     0.4981335461710159 
2.3747e-06     0.4904631085215045 
2.3772e-06     0.4620590992425501 
2.3797e-06     0.4218364614065522 
2.3822e-06     0.4361718579075318 
2.3847e-06     0.4140100769268943 
2.3872e-06     0.386682690778996 
2.3897e-06     0.3848611747523988 
2.3922e-06     0.3614545161315406 
2.3947e-06     0.3512485194595673 
2.3972e-06     0.3132409348954153 
2.3997e-06     0.3102767225114632 
2.4022e-06     0.3002774536894548 
2.4047e-06     0.2765166340508807 
2.4072e-06     0.2670205379513047 
2.4097e-06     0.2466781317025836 
2.4122e-06     0.2366835823334909 
2.4147e-06     0.197341251547677 
2.4172e-06     0.2087055777269045 
2.4197e-06     0.1886134982736098 
2.4222e-06     0.180443663956578 
2.4247e-06     0.1602739726027397 
2.4272e-06     0.1556143653606238 
2.4297e-06     0.1377149628001136 
2.4322e-06     0.1357345265676763 
2.4347e-06     0.120472202729153 
2.4372e-06     0.09600800225531868 
2.4397e-06     0.1013462817194684 
2.4422e-06     0.09523783790268665 
2.4447e-06     0.08261996026057979 
2.4472e-06     0.07938611575144842 
2.4497e-06     0.0693231511555881 
2.4522e-06     0.06529899908402119 
2.4547e-06     0.06154910290785238 
2.4572e-06     0.04718470085574392 
2.4597e-06     0.05278317629048854 
2.4622e-06     0.04771840483453736 
2.4647e-06     0.04573872632249578 
2.4672e-06     0.04403131115459882 
2.4697e-06     0.04403131115459882 
2.4722e-06     0.04227005870841487 
2.4747e-06     0.04227005870841487 
2.4772e-06     0.04409419323436418 
2.4797e-06     0.04579256360078279 
2.4822e-06     0.04919503838235464 
2.4847e-06     0.05112504031582257 
2.4872e-06     0.06409698076877522 
2.4897e-06     0.06151345390392975 
2.4922e-06     0.06983973558573613 
2.4947e-06     0.07207204846320765 
2.4972e-06     0.08480886438294662 
2.4997e-06     0.08617604609906443 
2.5022e-06     0.09808920785433972 
2.5047e-06     0.1239324490518052 
2.5072e-06     0.114382338296757 
2.5097e-06     0.1263133450610546 
2.5122e-06     0.1443502862786654 
2.5147e-06     0.1505585618730624 
2.5172e-06     0.1565830306912614 
2.5197e-06     0.1814090019569472 
2.5222e-06     0.18761974589521 
2.5247e-06     0.2060903843774722 
2.5272e-06     0.2140799316299692 
2.5297e-06     0.2534631325327276 
2.5322e-06     0.2421791626045669 
2.5347e-06     0.2688945231454096 
2.5372e-06     0.2818003913894325 
2.5397e-06     0.2897524647259966 
2.5422e-06     0.3116214637939871 
2.5447e-06     0.3230634016265123 
2.5472e-06     0.346980027294644 
2.5497e-06     0.3652606964411284 
2.5522e-06     0.3724894493591024 
2.5547e-06     0.4000519661471547 
2.5572e-06     0.4077388442183987 
2.5597e-06     0.4298244980164179 
2.5622e-06     0.478872029612803 
2.5647e-06     0.4589651331551876 
2.5672e-06     0.4841982333321985 
2.5697e-06     0.4937884507118667 
2.5722e-06     0.5280589845947888 
2.5747e-06     0.5352961701617674 
2.5772e-06     0.5484572447792634 
2.5797e-06     0.5724164425396326 
2.5822e-06     0.5800479166943868 
2.5847e-06     0.6069146129960625 
