
time (s)       VT("/out") (V)


2.825e-08      0.6234833659491195 
3.075e-08      0.639334637964775 
3.325e-08      0.6534246575342466 
3.575e-08      0.6692759295499021 
3.825e-08      0.6833659491193738 
4.075e-08      0.6974559686888455 
4.325000000000001e-08 0.7115459882583171 
4.575e-08      0.7238747553816047 
4.825e-08      0.7379647749510764 
5.075e-08      0.7485322896281801 
5.325e-08      0.7611569872284312 
5.575000000000001e-08 0.7714285714285714 
5.825000000000001e-08 0.7819960861056752 
6.075e-08      0.7925636007827789 
6.325e-08      0.8013698630136986 
6.575e-08      0.8101761252446184 
6.825000000000001e-08 0.8172211350293542 
7.075000000000001e-08 0.82426614481409 
7.325e-08      0.8313111545988259 
7.575e-08      0.8364887805289786 
7.825e-08      0.8418786692759296 
8.075000000000001e-08 0.8471624266144815 
8.325000000000001e-08 0.8506849315068493 
8.575e-08      0.8524461839530333 
8.825000000000001e-08 0.8559686888454012 
9.075e-08      0.8559686888454012 
9.325e-08      0.8574376301496968 
9.575000000000001e-08 0.8577299412915852 
9.825000000000001e-08 0.8562623041911585 
1.0075e-07     0.8542074363992173 
1.0325e-07     0.8527329659571055 
1.0575e-07     0.8489236790606653 
1.0825e-07     0.8454011741682974 
1.1075e-07     0.8398094659721427 
1.1325e-07     0.8348336594911938 
1.1575e-07     0.8295499021526419 
1.1825e-07     0.8225048923679061 
1.2075e-07     0.8154598825831703 
1.2325e-07     0.8084148727984345 
1.2575e-07     0.7996086105675148 
1.2825e-07     0.7890410958904109 
1.3075e-07     0.7802348336594912 
1.3325e-07     0.7696673189823875 
1.3575e-07     0.7573385518590998 
1.3825e-07     0.7467710371819961 
1.4075e-07     0.7344422700587084 
1.4325e-07     0.7203522504892368 
1.4575e-07     0.7080234833659491 
1.4825e-07     0.6939334637964776 
1.5075e-07     0.6798434442270059 
1.5325e-07     0.6657534246575342 
1.5575e-07     0.6499021526418787 
1.5825e-07     0.634367693837337 
1.6075e-07     0.6181996086105676 
1.6325e-07     0.6023483365949119 
1.6575e-07     0.5864970645792563 
1.6825e-07     0.5706457925636008 
1.7075e-07     0.5530332681017613 
1.7325e-07     0.5354207436399218 
1.7575e-07     0.5192526063472085 
1.7825e-07     0.5019569471624267 
1.8075e-07     0.4843444227005871 
1.8325e-07     0.4667318982387476 
1.8575e-07     0.449119373776908 
1.8825e-07     0.4315068493150685 
1.9075e-07     0.413894324853229 
1.9325e-07     0.3962818003913894 
1.9575e-07     0.3786692759295499 
1.9825e-07     0.3631500919128923 
2.0075e-07     0.3452054794520548 
2.0325e-07     0.3275929549902153 
2.0575e-07     0.3117416829745597 
2.0825e-07     0.2961843843754111 
2.1075e-07     0.2800391389432485 
2.1325e-07     0.2641878669275929 
2.1575e-07     0.2483365949119374 
2.1825e-07     0.2324853228962818 
2.2075e-07     0.2183953033268102 
2.2325e-07     0.2043052837573386 
2.2575e-07     0.1902152641878669 
2.2825e-07     0.1778864970645793 
2.3075e-07     0.1655577299412916 
2.3325e-07     0.1532289628180039 
2.3575e-07     0.1409001956947162 
2.3825e-07     0.1303326810176125 
2.4075e-07     0.1197651663405088 
2.4325e-07     0.1091976516634051 
2.4575e-07     0.1003913894324853 
2.4825e-07     0.09158512720156557 
2.5075e-07     0.08277886497064581 
2.5325e-07     0.07573385518590998 
2.5575e-07     0.07056988354257775 
2.5825e-07     0.06340508806262231 
2.6075e-07     0.05812133072407045 
2.6325e-07     0.05459882583170255 
2.6575e-07     0.05107632093933464 
2.6825e-07     0.04755381604696673 
2.7075e-07     0.04607686035543101 
2.7325e-07     0.04403131115459882 
2.7575e-07     0.04253937028257539 
2.7825e-07     0.04227005870841487 
2.8075e-07     0.04376100414558397 
2.8325e-07     0.04579256360078279 
2.8575e-07     0.04727847603857814 
2.8825e-07     0.04931506849315068 
2.9075e-07     0.05455188936624453 
2.9325e-07     0.05812133072407045 
2.9575e-07     0.06340508806262231 
2.9825e-07     0.06861946110612192 
3.0075e-07     0.07573385518590998 
3.0325e-07     0.08277886497064581 
3.0575e-07     0.09158512720156557 
3.0825e-07     0.1003913894324853 
3.1075e-07     0.1091976516634051 
3.1325e-07     0.1197651663405088 
3.1575e-07     0.1285714285714286 
3.1825e-07     0.1411814363430339 
3.2075e-07     0.15146771037182 
3.2325e-07     0.1637964774951076 
3.2575e-07     0.1764432642156295 
3.2825e-07     0.1902152641878669 
3.3075e-07     0.2043052837573386 
3.3325e-07     0.2183953033268102 
3.3575e-07     0.2324853228962818 
3.3825e-07     0.2483365949119374 
3.4075e-07     0.262426614481409 
3.4325e-07     0.2782778864970646 
3.4575e-07     0.2958904109589041 
3.4825e-07     0.3114313517725553 
3.5075e-07     0.3275929549902153 
3.5325e-07     0.3452054794520548 
3.5575e-07     0.3610567514677104 
3.5825e-07     0.3786692759295499 
3.6075e-07     0.3962818003913894 
3.6325e-07     0.413894324853229 
3.6575e-07     0.4315068493150685 
3.6825e-07     0.447738998075688 
3.7075e-07     0.4649706457925636 
3.7325e-07     0.4843444227005871 
3.7575e-07     0.5019569471624267 
3.7825e-07     0.5178082191780823 
3.8075e-07     0.5354207436399218 
3.8325e-07     0.5530332681017613 
3.8575e-07     0.5685812523660051 
3.8825e-07     0.5864970645792563 
3.9075e-07     0.6023483365949119 
3.9325e-07     0.6181996086105676 
3.9575e-07     0.6340508806262231 
3.9825e-07     0.6495995799464376 
4.0075e-07     0.6639921722113503 
4.0325e-07     0.6798434442270059 
4.0575e-07     0.6939334637964776 
4.0825e-07     0.7080234833659491 
4.1075e-07     0.7203522504892368 
4.1325e-07     0.7329993431170776 
4.1575e-07     0.7450097847358121 
4.1825e-07     0.7573385518590998 
4.2075e-07     0.7679060665362036 
4.2325e-07     0.7784735812133072 
4.2575e-07     0.7890410958904109 
4.2825e-07     0.7978473581213307 
4.3075e-07     0.8066536203522505 
4.3325e-07     0.8154598825831703 
4.3575e-07     0.8225048923679061 
4.3825e-07     0.8295499021526419 
4.4075e-07     0.8348336594911938 
4.4325e-07     0.8401174168297456 
4.4575e-07     0.8456755973360094 
4.4825e-07     0.8489236790606653 
4.5075e-07     0.8524461839530333 
4.5325e-07     0.8539192496449074 
4.5575e-07     0.8559686888454012 
4.5825e-07     0.8574355705689035 
4.6075e-07     0.8577299412915852 
4.6325e-07     0.8562728713700821 
4.6575e-07     0.8559686888454012 
4.6825e-07     0.8524461839530333 
4.7075e-07     0.8506849315068493 
4.7325e-07     0.8471624266144815 
4.7575e-07     0.8418786692759296 
4.7825e-07     0.8365949119373777 
4.8075e-07     0.8314102545591878 
4.8325e-07     0.82426614481409 
4.8575e-07     0.8172211350293542 
4.882499999999999e-07 0.8101761252446184 
4.9075e-07     0.8013698630136986 
4.9325e-07     0.7925636007827789 
4.9575e-07     0.7819960861056752 
4.9825e-07     0.7714285714285714 
5.0075e-07     0.7608610567514678 
5.0325e-07     0.7502935420743641 
5.0575e-07     0.7379647749510764 
5.082500000000001e-07 0.7256360078277887 
5.1075e-07     0.7115459882583171 
5.1325e-07     0.6974559686888455 
5.1575e-07     0.6833659491193738 
5.1825e-07     0.6692759295499021 
5.207500000000001e-07 0.6551859099804306 
5.2325e-07     0.6390595044737466 
5.2575e-07     0.6234833659491195 
5.2825e-07     0.6076320939334638 
5.307500000000001e-07 0.5917808219178082 
5.3325e-07     0.5741682974559688 
5.3575e-07     0.5583170254403131 
5.3825e-07     0.5407045009784736 
5.4075e-07     0.5230919765166341 
5.432500000000001e-07 0.5072407045009785 
5.4575e-07     0.489628180039139 
5.4825e-07     0.4720156555772995 
5.5075e-07     0.4544031311154599 
5.532500000000001e-07 0.4367906066536204 
5.5575e-07     0.4191780821917809 
5.5825e-07     0.4015655577299413 
5.6075e-07     0.3839530332681018 
5.6325e-07     0.3663405088062623 
5.6575e-07     0.350171630575944 
5.6825e-07     0.3328767123287671 
5.7075e-07     0.3170254403131115 
5.7325e-07     0.299412915851272 
5.757500000000001e-07 0.2835616438356164 
5.7825e-07     0.2680109769980942 
5.8075e-07     0.2515483466351564 
5.8325e-07     0.2377690802348336 
5.857500000000001e-07 0.2219178082191781 
5.8825e-07     0.2078277886497065 
5.9075e-07     0.1937377690802348 
5.9325e-07     0.1814090019569472 
5.9575e-07     0.1673189823874755 
5.982500000000001e-07 0.1567514677103719 
6.0075e-07     0.1444227005870841 
6.0325e-07     0.1318009886116357 
6.0575e-07     0.1215264187866928 
6.082500000000001e-07 0.112720156555773 
6.1075e-07     0.1021526418786693 
6.1325e-07     0.09334637964774951 
6.1575e-07     0.0863013698630137 
6.1825e-07     0.07779208426584391 
6.2075e-07     0.07221135029354207 
6.2325e-07     0.06516634050880626 
6.2575e-07     0.0598825831702544 
6.2825e-07     0.05430937562489535 
6.307500000000001e-07 0.05107632093933464 
6.3325e-07     0.04755381604696673 
6.3575e-07     0.04606509698316521 
6.3825e-07     0.04403131115459882 
6.407500000000001e-07 0.04253978977227254 
6.4325e-07     0.04227005870841487 
6.4575e-07     0.04374343738738169 
6.4825e-07     0.04403131115459882 
6.5075e-07     0.04579256360078279 
6.532500000000001e-07 0.04931506849315068 
6.5575e-07     0.05283757338551859 
6.5825e-07     0.0563600782778865 
6.6075e-07     0.06161976124018623 
6.632500000000001e-07 0.06692759295499022 
6.6575e-07     0.07397260273972603 
6.6825e-07     0.08101761252446184 
6.7075e-07     0.08806262230919765 
6.7325e-07     0.09686888454011741 
6.757500000000001e-07 0.1056751467710372 
6.7825e-07     0.1162426614481409 
6.8075e-07     0.1268101761252446 
6.8325e-07     0.1373776908023484 
6.857500000000001e-07 0.1479452054794521 
6.8825e-07     0.1602739726027397 
6.9075e-07     0.172905128827189 
6.9325e-07     0.186692759295499 
6.9575e-07     0.1990215264187867 
6.9825e-07     0.2131115459882583 
7.0075e-07     0.2289628180039139 
7.0325e-07     0.2430528375733855 
7.0575e-07     0.2586042424908594 
7.082500000000001e-07 0.2747553816046967 
7.1075e-07     0.2903021519274671 
7.1325e-07     0.3064579256360078 
7.1575e-07     0.3220065615630283 
7.182500000000001e-07 0.339921722113503 
7.2075e-07     0.3557729941291585 
7.2325e-07     0.3733855185909981 
7.2575e-07     0.3909980430528376 
7.2825e-07     0.4086105675146771 
7.307500000000001e-07 0.4262230919765166 
7.3325e-07     0.4420743639921722 
7.3575e-07     0.4617570112145548 
7.3825e-07     0.4790606653620352 
7.407500000000001e-07 0.4966731898238748 
7.4325e-07     0.5142857142857143 
7.4575e-07     0.53013698630137 
7.4825e-07     0.5477495107632094 
7.5075e-07     0.565362035225049 
7.532500000000001e-07 0.5812133072407045 
7.5575e-07     0.598825831702544 
7.5825e-07     0.6146771037181996 
7.6075e-07     0.6305283757338551 
7.632500000000001e-07 0.6446183953033269 
7.6575e-07     0.6601647583023403 
7.6825e-07     0.674559686888454 
7.7075e-07     0.6904109589041096 
7.732500000000001e-07 0.7045009784735812 
7.7575e-07     0.716829745596869 
7.7825e-07     0.7291585127201566 
7.8075e-07     0.7414872798434443 
7.8325e-07     0.7538160469667319 
7.857500000000001e-07 0.7661448140900196 
7.8825e-07     0.7767123287671234 
7.9075e-07     0.7872798434442271 
7.9325e-07     0.7961709605924103 
7.957500000000001e-07 0.8048923679060666 
7.9825e-07     0.8136986301369863 
8.0075e-07     0.8207436399217222 
8.0325e-07     0.8277886497064579 
8.0575e-07     0.8348336594911938 
8.082500000000001e-07 0.8401174168297456 
8.1075e-07     0.8436399217221136 
8.1325e-07     0.8492152657508788 
8.1575e-07     0.8503764377658691 
8.182500000000001e-07 0.8542074363992173 
8.2075e-07     0.8559686888454012 
8.2325e-07     0.8574300193229913 
8.2575e-07     0.8577299412915852 
8.2825e-07     0.8577299412915852 
8.307500000000001e-07 0.856262557685552 
8.3325e-07     0.8542074363992173 
8.3575e-07     0.8506849315068493 
8.3825e-07     0.8471624266144815 
8.407500000000001e-07 0.8436399217221136 
8.4325e-07     0.8384628256838091 
8.4575e-07     0.8330724070450097 
8.4825e-07     0.8277886497064579 
8.507500000000001e-07 0.8207436399217222 
8.5325e-07     0.8119373776908024 
8.5575e-07     0.8048923679060666 
8.5825e-07     0.7960861056751468 
8.6075e-07     0.7855185909980431 
8.632500000000001e-07 0.7749510763209393 
8.6575e-07     0.7643835616438357 
8.6825e-07     0.7517313600748393 
8.7075e-07     0.7414872798434443 
8.732500000000001e-07 0.7291585127201566 
8.7575e-07     0.715068493150685 
8.7825e-07     0.7024260227021054 
8.8075e-07     0.6886497064579257 
8.8325e-07     0.6727984344422701 
8.857500000000001e-07 0.6587084148727985 
8.8825e-07     0.6428571428571429 
8.9075e-07     0.6287671232876713 
8.9325e-07     0.6111545988258317 
8.957500000000001e-07 0.5953033268101761 
8.9825e-07     0.5794520547945206 
9.0075e-07     0.5636007827788649 
9.0325e-07     0.5459882583170255 
9.057500000000001e-07 0.5283757338551859 
9.0825e-07     0.5107632093933464 
9.1075e-07     0.4949119373776908 
9.1325e-07     0.4772994129158513 
9.1575e-07     0.4596868884540117 
9.182500000000001e-07 0.4420743639921722 
9.2075e-07     0.4244618395303327 
9.2325e-07     0.4068493150684931 
9.2575e-07     0.3892367906066536 
9.282500000000001e-07 0.3716242661448141 
9.3075e-07     0.3540117416829746 
9.3325e-07     0.336399217221135 
9.3575e-07     0.3205479452054795 
9.3825e-07     0.3046966731898239 
9.407500000000001e-07 0.2888454011741683 
9.4325e-07     0.2729941291585127 
9.4575e-07     0.2571428571428572 
9.4825e-07     0.2412915851272016 
9.507500000000001e-07 0.22720156555773 
9.5325e-07     0.2131115459882583 
9.557499999999999e-07 0.1990215264187867 
9.582499999999999e-07 0.1849315068493151 
9.607500000000001e-07 0.1726027397260274 
9.632500000000001e-07 0.1585127201565558 
9.6575e-07     0.1479452054794521 
9.6825e-07     0.1353235749652925 
9.7075e-07     0.1250489236790607 
9.7325e-07     0.1144814090019569 
9.757499999999999e-07 0.1056751467710372 
9.782499999999999e-07 0.09686888454011741 
9.807499999999999e-07 0.08806262230919765 
9.832499999999999e-07 0.08101761252446184 
9.857499999999998e-07 0.07397260273972603 
9.8825e-07     0.06692759295499022 
9.9075e-07     0.06164383561643835 
9.9325e-07     0.0563600782778865 
9.9575e-07     0.05283757338551859 
9.982499999999999e-07 0.04931506849315068 
1.00075e-06    0.04579256360078279 
1.00325e-06    0.04403131115459882 
1.00575e-06    0.04255113587920136 
1.00825e-06    0.04227005870841487 
1.01075e-06    0.04227005870841487 
1.01325e-06    0.04376559328987062 
1.01575e-06    0.04579256360078279 
1.01825e-06    0.04727275604247005 
1.02075e-06    0.05107632093933464 
1.02325e-06    0.05661301339869304 
1.02575e-06    0.0598825831702544 
1.02825e-06    0.06516634050880626 
1.03075e-06    0.07221135029354207 
1.03325e-06    0.07925636007827788 
1.03575e-06    0.0863013698630137 
1.03825e-06    0.09510763209393347 
1.04075e-06    0.1039138943248532 
1.04325e-06    0.112720156555773 
1.04575e-06    0.1232876712328767 
1.04825e-06    0.1338551859099804 
1.05075e-06    0.1444227005870841 
1.05325e-06    0.1567514677103719 
1.05575e-06    0.1693684373432676 
1.05825e-06    0.1831702544031311 
1.06075e-06    0.1954990215264188 
1.06325e-06    0.2095890410958904 
1.06575e-06    0.225440313111546 
1.06825e-06    0.2395303326810176 
1.07075e-06    0.2536203522504892 
1.07325e-06    0.2694716242661448 
1.07575e-06    0.2853228962818004 
1.07825e-06    0.301174168297456 
1.08075e-06    0.3187866927592955 
1.08325e-06    0.3346379647749511 
1.08575e-06    0.3522504892367906 
1.08825e-06    0.3677969504109865 
1.09075e-06    0.3857142857142857 
1.09325e-06    0.4033268101761253 
1.09575e-06    0.4209393346379648 
1.09825e-06    0.4385518590998043 
1.10075e-06    0.4561643835616438 
1.10325e-06    0.4737769080234834 
1.10575e-06    0.4913894324853229 
1.10825e-06    0.5090019569471624 
1.11075e-06    0.5248532289628179 
1.11325e-06    0.5424657534246575 
1.11575e-06    0.560078277886497 
1.11825e-06    0.5776908023483366 
1.12075e-06    0.5932424705245508 
1.12325e-06    0.6093933463796478 
1.12575e-06    0.6249410537828672 
1.12825e-06    0.6410958904109589 
1.13075e-06    0.6566211734045123 
1.13325e-06    0.6710371819960862 
1.13575e-06    0.6851272015655577 
1.13825e-06    0.6992172211350294 
1.14075e-06    0.713307240704501 
1.14325e-06    0.7256360078277887 
1.14575e-06    0.7397260273972602 
1.14825e-06    0.7502935420743641 
1.15075e-06    0.7626223091976516 
1.15325e-06    0.7731898238747554 
1.15575e-06    0.7837573385518591 
1.15825e-06    0.7925636007827789 
1.16075e-06    0.8031311154598827 
1.16325e-06    0.8101761252446184 
1.16575e-06    0.8186911558044729 
1.16825e-06    0.826027397260274 
1.17075e-06    0.8330724070450097 
1.17325e-06    0.8383561643835618 
1.17575e-06    0.8435412937332271 
1.17825e-06    0.8471624266144815 
1.18075e-06    0.8506849315068493 
1.18325e-06    0.8542074363992173 
1.18575e-06    0.8559686888454012 
1.18825e-06    0.8559686888454012 
1.19075e-06    0.8574387987615931 
1.19325e-06    0.8577299412915852 
1.19575e-06    0.856262888415625 
1.19825e-06    0.8542074363992173 
1.20075e-06    0.8527332725258568 
1.20325e-06    0.8489236790606653 
1.20575e-06    0.8454011741682974 
1.20825e-06    0.839824041468057 
1.21075e-06    0.8348336594911938 
1.21325e-06    0.8295499021526419 
1.21575e-06    0.8225048923679061 
1.21825e-06    0.8154598825831703 
1.22075e-06    0.8066536203522505 
1.22325e-06    0.7978473581213307 
1.22575e-06    0.7872798434442271 
1.22825e-06    0.7784735812133072 
1.23075e-06    0.7679060665362036 
1.23325e-06    0.7552597593943513 
1.23575e-06    0.7450097847358121 
1.23825e-06    0.7326810176125246 
1.24075e-06    0.7185909980430528 
1.24325e-06    0.7062622309197653 
1.24575e-06    0.6921722113502935 
1.24825e-06    0.678082191780822 
1.25075e-06    0.6639921722113503 
1.25325e-06    0.6481409001956947 
1.25575e-06    0.6319672323499465 
1.25825e-06    0.6167528089010794 
1.26075e-06    0.6005870841487281 
1.26325e-06    0.585049058403589 
1.26575e-06    0.5671232876712329 
1.26825e-06    0.5512720156555773 
1.27075e-06    0.5336594911937378 
1.27325e-06    0.5160469667318982 
1.27575e-06    0.4984344422700587 
1.27825e-06    0.4825831702544031 
1.28075e-06    0.4649706457925636 
1.28325e-06    0.4473581213307241 
1.28575e-06    0.4297455968688845 
1.28825e-06    0.412133072407045 
1.29075e-06    0.3945205479452055 
1.29325e-06    0.3769080234833659 
1.29575e-06    0.3592954990215264 
1.29825e-06    0.3434442270058709 
1.30075e-06    0.3258317025440313 
1.30325e-06    0.3099804305283758 
1.30575e-06    0.2923679060665362 
1.30825e-06    0.2765166340508807 
1.31075e-06    0.2606653620352251 
1.31325e-06    0.2465753424657534 
1.31575e-06    0.2307240704500979 
1.31825e-06    0.2166340508806262 
1.32075e-06    0.2025440313111546 
1.32325e-06    0.188454011741683 
1.32575e-06    0.1761252446183953 
1.32825e-06    0.1620352250489237 
1.33075e-06    0.15146771037182 
1.33325e-06    0.1388463079036995 
1.33575e-06    0.1285714285714286 
1.33825e-06    0.1180039138943249 
1.34075e-06    0.1074363992172211 
1.34325e-06    0.09863013698630137 
1.34575e-06    0.0898238747553816 
1.34825e-06    0.08277886497064581 
1.35075e-06    0.07573385518590998 
1.35325e-06    0.06868884540117418 
1.35575e-06    0.06345702501413431 
1.35825e-06    0.05812133072407045 
1.36075e-06    0.05283757338551859 
1.36325e-06    0.04931506849315068 
1.36575e-06    0.04755381604696673 
1.36825e-06    0.04403131115459882 
1.37075e-06    0.04403131115459882 
1.37325e-06    0.04253885084940038 
1.37575e-06    0.04227005870841487 
1.37825e-06    0.04376327634036114 
1.38075e-06    0.04579256360078279 
1.38325e-06    0.04728210843506885 
1.38575e-06    0.05107632093933464 
1.38825e-06    0.05459882583170255 
1.39075e-06    0.06016696059620995 
1.39325e-06    0.06516634050880626 
1.39575e-06    0.07045009784735812 
1.39825e-06    0.07749510763209394 
1.40075e-06    0.08454011741682975 
1.40325e-06    0.09158512720156557 
1.40575e-06    0.1003913894324853 
1.40825e-06    0.110958904109589 
1.41075e-06    0.1198287735043575 
1.41325e-06    0.1303326810176125 
1.41575e-06    0.1426614481409002 
1.41825e-06    0.1532289628180039 
1.42075e-06    0.1655577299412916 
1.42325e-06    0.1796477495107632 
1.42575e-06    0.1919765166340509 
1.42825e-06    0.2060665362035225 
1.43075e-06    0.2201565557729941 
1.43325e-06    0.2342465753424658 
1.43575e-06    0.2500978473581214 
1.43825e-06    0.2656322643631438 
1.44075e-06    0.2818003913894325 
1.44325e-06    0.297651663405088 
1.44575e-06    0.3135029354207437 
1.44825e-06    0.3293542074363993 
1.45075e-06    0.3469667318982388 
1.45325e-06    0.3645792563600783 
1.45575e-06    0.3807490231650423 
1.45825e-06    0.3980430528375734 
1.46075e-06    0.4156555772994129 
1.46325e-06    0.4332681017612525 
1.46575e-06    0.450880626223092 
1.46825e-06    0.4684931506849315 
1.47075e-06    0.4861056751467711 
1.47325e-06    0.5037181996086106 
1.47575e-06    0.5213307240704501 
1.47825e-06    0.5368669186735656 
1.48075e-06    0.5547945205479452 
1.48325e-06    0.5724070450097848 
1.48575e-06    0.5882583170254404 
1.48825e-06    0.6038057031187244 
1.49075e-06    0.6199608610567515 
1.49325e-06    0.6358121330724071 
1.49575e-06    0.6516634050880626 
1.49825e-06    0.6675146771037183 
1.50075e-06    0.6816046966731898 
1.50325e-06    0.6956947162426614 
1.50575e-06    0.7097847358121331 
1.50825e-06    0.7221135029354208 
1.51075e-06    0.7362035225048923 
1.51325e-06    0.7467710371819961 
1.51575e-06    0.7590998043052838 
1.51825e-06    0.7696673189823875 
1.52075e-06    0.7802348336594912 
1.52325e-06    0.7908023483365949 
1.52575e-06    0.7996086105675148 
1.52825e-06    0.8084148727984345 
1.53075e-06    0.8172211350293542 
1.53325e-06    0.82426614481409 
1.53575e-06    0.8293695384038815 
1.53825e-06    0.8365949119373777 
1.54075e-06    0.8418786692759296 
1.54325e-06    0.8454011741682974 
1.54575e-06    0.8489236790606653 
1.54825e-06    0.8524461839530333 
1.55075e-06    0.8539104600455106 
1.55325e-06    0.8559686888454012 
1.55575e-06    0.8574368513310371 
1.55825e-06    0.8577299412915852 
1.56075e-06    0.8562677488835497 
1.56325e-06    0.8542074363992173 
1.56575e-06    0.8527337442670904 
1.56825e-06    0.8506849315068493 
1.57075e-06    0.8454745485032135 
1.57325e-06    0.8418786692759296 
1.57575e-06    0.8365949119373777 
1.57825e-06    0.8314380427400316 
1.58075e-06    0.82426614481409 
1.58325e-06    0.8172211350293542 
1.58575e-06    0.8084148727984345 
1.58825e-06    0.7996086105675148 
1.59075e-06    0.7908023483365949 
1.59325e-06    0.7802348336594912 
1.59575e-06    0.7714285714285714 
1.59825e-06    0.7587940776026859 
1.60075e-06    0.7485322896281801 
1.60325e-06    0.7362035225048923 
1.60575e-06    0.7235497356805443 
1.60825e-06    0.7097847358121331 
1.61075e-06    0.6956947162426614 
1.61325e-06    0.6816046966731898 
1.61575e-06    0.6675146771037183 
1.61825e-06    0.6516634050880626 
1.62075e-06    0.637573385518591 
1.62325e-06    0.6217221135029354 
1.62575e-06    0.6041095890410959 
1.62825e-06    0.5885836159451586 
1.63075e-06    0.5724070450097848 
1.63325e-06    0.5547945205479452 
1.63575e-06    0.5389432485322897 
1.63825e-06    0.5213307240704501 
1.64075e-06    0.5037181996086106 
1.64325e-06    0.4861056751467711 
1.64575e-06    0.4684931506849315 
1.64825e-06    0.452641878669276 
1.65075e-06    0.4350293542074364 
1.65325e-06    0.4156555772994129 
1.65575e-06    0.3980430528375734 
1.65825e-06    0.3821917808219178 
1.66075e-06    0.3645792563600783 
1.66325e-06    0.3469667318982388 
1.66575e-06    0.3311154598825832 
1.66825e-06    0.3135029354207437 
1.67075e-06    0.297651663405088 
1.67325e-06    0.2818003913894325 
1.67575e-06    0.2659491193737769 
1.67825e-06    0.2504024875008026 
1.68075e-06    0.2360078277886497 
1.68325e-06    0.2201565557729941 
1.68575e-06    0.2060665362035225 
1.68825e-06    0.1919765166340509 
1.69075e-06    0.1796477495107632 
1.69325e-06    0.1669943088186067 
1.69575e-06    0.1549902152641879 
1.69825e-06    0.1426614481409002 
1.70075e-06    0.1320939334637965 
1.70325e-06    0.1215264187866928 
1.70575e-06    0.110958904109589 
1.70825e-06    0.1021526418786693 
1.71075e-06    0.09334637964774951 
1.71325e-06    0.08454011741682975 
1.71575e-06    0.07749510763209394 
1.71825e-06    0.07045009784735812 
1.72075e-06    0.06516634050880626 
1.72325e-06    0.0598825831702544 
1.72575e-06    0.05432419077379554 
1.72825e-06    0.05107632093933464 
1.73075e-06    0.04755381604696673 
1.73325e-06    0.04607018091678275 
1.73575e-06    0.04403131115459882 
1.73825e-06    0.04253815399871928 
1.74075e-06    0.04227005870841487 
1.74325e-06    0.04375659207924767 
1.74575e-06    0.04403131115459882 
1.74825e-06    0.04755381604696673 
1.75075e-06    0.04931506849315068 
1.75325e-06    0.05283757338551859 
1.75575e-06    0.05812133072407045 
1.75825e-06    0.06340508806262231 
1.76075e-06    0.06864368328704828 
1.76325e-06    0.07573385518590998 
1.76575e-06    0.08277886497064581 
1.76825e-06    0.0898238747553816 
1.77075e-06    0.09863013698630137 
1.77325e-06    0.1074363992172211 
1.77575e-06    0.1180039138943249 
1.77825e-06    0.1285714285714286 
1.78075e-06    0.1391389432485323 
1.78325e-06    0.149706457925636 
1.78575e-06    0.1620352250489237 
1.78825e-06    0.1740403431343233 
1.79075e-06    0.188454011741683 
1.79325e-06    0.2025440313111546 
1.79575e-06    0.2166340508806262 
1.79825e-06    0.2307240704500979 
1.80075e-06    0.2448140900195695 
1.80325e-06    0.260963301601301 
1.80575e-06    0.2765166340508807 
1.80825e-06    0.2923679060665362 
1.81075e-06    0.3082191780821918 
1.81325e-06    0.3258317025440313 
1.81575e-06    0.3416829745596869 
1.81825e-06    0.3592954990215264 
1.82075e-06    0.3769080234833659 
1.82325e-06    0.3927592954990216 
1.82575e-06    0.4103718199608611 
1.82825e-06    0.4279843444227006 
1.83075e-06    0.4455968688845401 
1.83325e-06    0.4632093933463797 
1.83575e-06    0.4808219178082192 
1.83825e-06    0.4984344422700587 
1.84075e-06    0.5160469667318982 
1.84325e-06    0.5336594911937378 
1.84575e-06    0.5498300459919494 
1.84825e-06    0.5671232876712329 
1.85075e-06    0.5829745596868885 
1.85325e-06    0.6005870841487281 
1.85575e-06    0.6164383561643836 
1.85825e-06    0.6319741283830027 
1.86075e-06    0.6484520536924201 
1.86325e-06    0.6622309197651665 
1.86575e-06    0.678082191780822 
1.86825e-06    0.6921722113502935 
1.87075e-06    0.7062622309197653 
1.87325e-06    0.7185909980430528 
1.87575e-06    0.7326810176125246 
1.87825e-06    0.7432485322896282 
1.88075e-06    0.7555772994129158 
1.88325e-06    0.7682134116330209 
1.88575e-06    0.7784735812133072 
1.88825e-06    0.7872798434442271 
1.89075e-06    0.7978473581213307 
1.89325e-06    0.8066536203522505 
1.89575e-06    0.8136986301369863 
1.89825e-06    0.8221975014095458 
1.90075e-06    0.8277886497064579 
1.90325e-06    0.8348336594911938 
1.90575e-06    0.8401174168297456 
1.90825e-06    0.8456896029564737 
1.91075e-06    0.8489236790606653 
1.91325e-06    0.8524461839530333 
1.91575e-06    0.853920525819209 
1.91825e-06    0.8559686888454012 
1.92075e-06    0.8574339229718327 
1.92325e-06    0.8577299412915852 
1.92575e-06    0.8562862400833816 
1.92825e-06    0.8559686888454012 
1.93075e-06    0.8542074363992173 
1.93325e-06    0.8506849315068493 
1.93575e-06    0.8471624266144815 
1.93825e-06    0.8436399217221136 
1.94075e-06    0.8384714177802964 
1.94325e-06    0.8330724070450097 
1.94575e-06    0.826027397260274 
1.94825e-06    0.8189823874755382 
1.95075e-06    0.8119373776908024 
1.95325e-06    0.8031311154598827 
1.95575e-06    0.7943248532289628 
1.95825e-06    0.7837573385518591 
1.96075e-06    0.7731898238747554 
1.96325e-06    0.7626223091976516 
1.96575e-06    0.752054794520548 
1.96825e-06    0.7397260273972602 
1.97075e-06    0.7270826552531756 
1.97325e-06    0.713307240704501 
1.97575e-06    0.7009784735812132 
1.97825e-06    0.6868884540117417 
1.98075e-06    0.6710371819960862 
1.98325e-06    0.6569471624266144 
1.98575e-06    0.6414097703123931 
1.98825e-06    0.6252446183953033 
1.99075e-06    0.6097127961470948 
1.99325e-06    0.5935420743639922 
1.99575e-06    0.5779821386034155 
1.99825e-06    0.560078277886497 
2.00075e-06    0.5442270058708415 
2.00325e-06    0.526614481409002 
2.00575e-06    0.5090019569471624 
2.00825e-06    0.4913894324853229 
2.01075e-06    0.4737769080234834 
2.01325e-06    0.4579256360078278 
2.01575e-06    0.4382260090729302 
2.01825e-06    0.4209393346379648 
2.02075e-06    0.4033268101761253 
2.02325e-06    0.3857142857142857 
2.02575e-06    0.3698630136986301 
2.02825e-06    0.3522504892367906 
2.03075e-06    0.3346379647749511 
2.03325e-06    0.3187866927592955 
2.03575e-06    0.3032682381615184 
2.03825e-06    0.2853228962818004 
2.04075e-06    0.2694716242661448 
2.04325e-06    0.2553816046966732 
2.04575e-06    0.2398126615879739 
2.04825e-06    0.225440313111546 
2.05075e-06    0.2095890410958904 
2.05325e-06    0.1972602739726027 
2.05575e-06    0.1831702544031311 
2.05825e-06    0.1708414872798434 
2.06075e-06    0.1585127201565558 
2.06325e-06    0.1461839530332681 
2.06575e-06    0.1338551859099804 
2.06825e-06    0.1232876712328767 
2.07075e-06    0.112720156555773 
2.07325e-06    0.1039138943248532 
2.07575e-06    0.09510763209393347 
2.07825e-06    0.0863013698630137 
2.08075e-06    0.07925636007827788 
2.08325e-06    0.07221135029354207 
2.08575e-06    0.06516634050880626 
2.08825e-06    0.0598825831702544 
2.09075e-06    0.0563600782778865 
2.09325e-06    0.05079930660127607 
2.09575e-06    0.04960909984152303 
2.09825e-06    0.04579256360078279 
2.10075e-06    0.04403131115459882 
2.10325e-06    0.04254340713564898 
2.10575e-06    0.04227005870841487 
2.10825e-06    0.04227005870841487 
2.11075e-06    0.04376503703644771 
2.11325e-06    0.04579256360078279 
2.11575e-06    0.04931506849315068 
2.11825e-06    0.05283757338551859 
2.12075e-06    0.0563600782778865 
2.12325e-06    0.06162681534673044 
2.12575e-06    0.06692759295499022 
2.12825e-06    0.07221135029354207 
2.13075e-06    0.07925636007827788 
2.13325e-06    0.08806262230919765 
2.13575e-06    0.09510763209393347 
2.13825e-06    0.1039138943248532 
2.14075e-06    0.1144814090019569 
2.14325e-06    0.1250489236790607 
2.14575e-06    0.1356164383561644 
2.14825e-06    0.1482522402532723 
2.15075e-06    0.1585127201565558 
2.15325e-06    0.1708414872798434 
2.15575e-06    0.1849315068493151 
2.15825e-06    0.1975608440903838 
2.16075e-06    0.2113502935420744 
2.16325e-06    0.22720156555773 
2.16575e-06    0.2412915851272016 
2.16825e-06    0.2571428571428572 
2.17075e-06    0.2712328767123288 
2.17325e-06    0.2888454011741683 
2.17575e-06    0.3046966731898239 
2.17825e-06    0.3205479452054795 
2.18075e-06    0.336399217221135 
2.18325e-06    0.3540117416829746 
2.18575e-06    0.3716242661448141 
2.18825e-06    0.3892367906066536 
2.19075e-06    0.4050880626223092 
2.19325e-06    0.4227005870841487 
2.19575e-06    0.4403131115459882 
2.19825e-06    0.4579256360078278 
2.20075e-06    0.4755381604696673 
2.20325e-06    0.4931506849315068 
2.20575e-06    0.5107632093933464 
2.20825e-06    0.5283757338551859 
2.21075e-06    0.5459882583170255 
2.21325e-06    0.5636007827788649 
2.21575e-06    0.5794520547945206 
2.21825e-06    0.5953033268101761 
2.22075e-06    0.6111545988258317 
2.22325e-06    0.6270058708414874 
2.22575e-06    0.6428571428571429 
2.22825e-06    0.6587084148727985 
2.23075e-06    0.6727984344422701 
2.23325e-06    0.6868884540117417 
2.23575e-06    0.7009784735812132 
2.23825e-06    0.715068493150685 
2.24075e-06    0.7273972602739726 
2.24325e-06    0.7414872798434443 
2.24575e-06    0.752054794520548 
2.24825e-06    0.7646917326742376 
2.25075e-06    0.7749510763209393 
2.25325e-06    0.7855185909980431 
2.25575e-06    0.7940344605543835 
2.25825e-06    0.8031311154598827 
2.26075e-06    0.8119373776908024 
2.26325e-06    0.8189823874755382 
2.26575e-06    0.826027397260274 
2.26825e-06    0.8330724070450097 
2.27075e-06    0.8383561643835618 
2.27325e-06    0.8435627424112885 
2.27575e-06    0.8471624266144815 
2.27825e-06    0.8506849315068493 
2.28075e-06    0.8542074363992173 
2.28325e-06    0.8559686888454012 
2.28575e-06    0.8574226802851957 
2.28825e-06    0.8577299412915852 
2.29075e-06    0.8577299412915852 
2.29325e-06    0.856259610967299 
2.29575e-06    0.8542074363992173 
2.29825e-06    0.8527426628317569 
2.30075e-06    0.8489236790606653 
2.30325e-06    0.8433510120414839 
2.30575e-06    0.8401174168297456 
2.30825e-06    0.8348336594911938 
2.31075e-06    0.8277886497064579 
2.31325e-06    0.8207436399217222 
2.31575e-06    0.8136986301369863 
2.31825e-06    0.8048923679060666 
2.32075e-06    0.7960861056751468 
2.32325e-06    0.7872798434442271 
2.32575e-06    0.7767123287671234 
2.32825e-06    0.7661448140900196 
2.33075e-06    0.7555772994129158 
2.33325e-06    0.7432485322896282 
2.33575e-06    0.7306063491678493 
2.33825e-06    0.716829745596869 
2.34075e-06    0.7045009784735812 
2.34325e-06    0.6904109589041096 
2.34575e-06    0.674559686888454 
2.34825e-06    0.6604696673189824 
2.35075e-06    0.6463796477495107 
2.35325e-06    0.6305283757338551 
2.35575e-06    0.6146771037181996 
2.35825e-06    0.598825831702544 
2.36075e-06    0.5812133072407045 
2.36325e-06    0.565362035225049 
2.36575e-06    0.5477495107632094 
2.36825e-06    0.5322152168142018 
2.37075e-06    0.5142857142857143 
2.37325e-06    0.4966731898238748 
2.37575e-06    0.4790606653620352 
2.37825e-06    0.4614481409001957 
2.38075e-06    0.4438356164383562 
2.38325e-06    0.4262230919765166 
2.38575e-06    0.4086105675146771 
2.38825e-06    0.3909980430528376 
2.39075e-06    0.375146771037182 
2.39325e-06    0.3575342465753425 
2.39575e-06    0.339921722113503 
2.39825e-06    0.3223091976516634 
2.40075e-06    0.3067717972797201 
2.40325e-06    0.2906066536203523 
2.40575e-06    0.2750589198256308 
2.40825e-06    0.2589041095890411 
2.41075e-06    0.2433673069346969 
2.41325e-06    0.2289628180039139 
2.41575e-06    0.2148727984344423 
2.41825e-06    0.2007827788649707 
2.42075e-06    0.186692759295499 
2.42325e-06    0.1743639921722114 
2.42575e-06    0.1602739726027397 
2.42825e-06    0.149706457925636 
2.43075e-06    0.1373776908023484 
2.43325e-06    0.1268101761252446 
2.43575e-06    0.1162426614481409 
2.43825e-06    0.1074363992172211 
2.44075e-06    0.09686888454011741 
2.44325e-06    0.0898238747553816 
2.44575e-06    0.0813108937479496 
2.44825e-06    0.07397260273972603 
2.45075e-06    0.06692759295499022 
2.45325e-06    0.06164383561643835 
2.45575e-06    0.05636290784344534 
2.45825e-06    0.05283757338551859 
2.46075e-06    0.04931506849315068 
2.46325e-06    0.04579256360078279 
2.46575e-06    0.04403131115459882 
2.46825e-06    0.04403131115459882 
2.47075e-06    0.04253468895151529 
2.47325e-06    0.04227005870841487 
2.47575e-06    0.04376482927244821 
2.47825e-06    0.04579256360078279 
2.48075e-06    0.04728178302968288 
2.48325e-06    0.05107632093933464 
2.48575e-06    0.05459882583170255 
2.48825e-06    0.06014956850260395 
2.49075e-06    0.06516634050880626 
2.49325e-06    0.07045009784735812 
2.49575e-06    0.07749510763209394 
2.49825e-06    0.08454011741682975 
2.50075e-06    0.09334637964774951 
2.50325e-06    0.1021526418786693 
2.50575e-06    0.112720156555773 
2.50825e-06    0.1215264187866928 
2.51075e-06    0.1320939334637965 
2.51325e-06    0.1447266077001867 
2.51575e-06    0.1549902152641879 
2.51825e-06    0.1673189823874755 
2.52075e-06    0.1814090019569472 
2.52325e-06    0.1937377690802348 
2.52575e-06    0.2078277886497065 
2.52825e-06    0.2219178082191781 
2.53075e-06    0.2360078277886497 
2.53325e-06    0.2518590998043053 
2.53575e-06    0.2680168223636913 
2.53825e-06    0.2832731904252956 
2.54075e-06    0.299412915851272 
2.54325e-06    0.3149520008914044 
2.54575e-06    0.3328767123287671 
2.54825e-06    0.3487279843444228 
2.55075e-06    0.3663405088062623 
2.55325e-06    0.3839530332681018 
2.55575e-06    0.4015655577299413 
2.55825e-06    0.4174168297455969 
2.56075e-06    0.4350293542074364 
2.56325e-06    0.452641878669276 
2.56575e-06    0.4702544031311155 
2.56825e-06    0.487866927592955 
2.57075e-06    0.5054794520547945 
2.57325e-06    0.5230919765166341 
2.57575e-06    0.5407045009784736 
2.57825e-06    0.5583170254403131 
2.58075e-06    0.5741682974559688 
2.58325e-06    0.5900195694716243 
2.58575e-06    0.6076320939334638 
