
time (s)       VT("/out") (V)


2.795e-08      0.6234341164797715 
3.045e-08      0.639334637964775 
3.295e-08      0.6534246575342466 
3.545e-08      0.6692759295499021 
3.795e-08      0.6833659491193738 
4.044999999999999e-08 0.6974559686888455 
4.295e-08      0.7115459882583171 
4.545e-08      0.7238747553816047 
4.795e-08      0.7379647749510764 
5.045e-08      0.7485322896281801 
5.294999999999999e-08 0.7616853629622864 
5.545e-08      0.7703653248959712 
5.795e-08      0.7819960861056752 
6.045e-08      0.7925636007827789 
6.295e-08      0.8003825807617618 
6.544999999999999e-08 0.8101761252446184 
6.795e-08      0.8172211350293542 
7.045e-08      0.8240823248668635 
7.295e-08      0.8313111545988259 
7.545e-08      0.8349036533274131 
7.794999999999999e-08 0.8418786692759296 
8.045e-08      0.8471624266144815 
8.295e-08      0.849856371781084 
8.545e-08      0.8524461839530333 
8.795e-08      0.8550927407768598 
9.044999999999999e-08 0.8559686888454012 
9.295e-08      0.8569092544158415 
9.545e-08      0.8577299412915852 
9.795e-08      0.8567906799250137 
1.0045e-07     0.8542609146934922 
1.0295e-07     0.8532613416909607 
1.0545e-07     0.8489236790606653 
1.0795e-07     0.8462299607355517 
1.1045e-07     0.8392810902382876 
1.1295e-07     0.8350340269347545 
1.1545e-07     0.8295499021526419 
1.1795e-07     0.8227634656828383 
1.2045e-07     0.8154598825831703 
1.2295e-07     0.8086060698033887 
1.2545e-07     0.7996086105675148 
1.2795e-07     0.7900125202473919 
1.3045e-07     0.7802348336594912 
1.3295e-07     0.7696673189823875 
1.3545e-07     0.7575526595172746 
1.3795e-07     0.7479213308519754 
1.4045e-07     0.7344422700587084 
1.4295e-07     0.7203522504892368 
1.4545e-07     0.7080234833659491 
1.4795e-07     0.6939334637964776 
1.5045e-07     0.6798434442270059 
1.5295e-07     0.6657534246575342 
1.5545e-07     0.6499021526418787 
1.5795e-07     0.6348960695711923 
1.6045e-07     0.6181996086105676 
1.6295e-07     0.6023483365949119 
1.6545e-07     0.5864970645792563 
1.6795e-07     0.5706457925636008 
1.7045e-07     0.5530332681017613 
1.7295e-07     0.5354207436399218 
1.7545e-07     0.5187242306133534 
1.7795e-07     0.5028420333623637 
1.8045e-07     0.4843444227005871 
1.8295e-07     0.4667318982387476 
1.8545e-07     0.449119373776908 
1.8795e-07     0.4315068493150685 
1.9045e-07     0.413894324853229 
1.9295e-07     0.3962818003913894 
1.9545e-07     0.3786692759295499 
1.9795e-07     0.3636784676467474 
2.0045e-07     0.3452054794520548 
2.0295e-07     0.3275929549902153 
2.0545e-07     0.3117416829745597 
2.0795e-07     0.2967127601092662 
2.1045e-07     0.2800391389432485 
2.1295e-07     0.2641878669275929 
2.1545e-07     0.2483365949119374 
2.1795e-07     0.2324853228962818 
2.2045e-07     0.2183953033268102 
2.2295e-07     0.2043052837573386 
2.2545e-07     0.1902152641878669 
2.2795e-07     0.1778864970645793 
2.3045e-07     0.1654755988916736 
2.3295e-07     0.1532289628180039 
2.3545e-07     0.14272170626877 
2.3795e-07     0.1303326810176125 
2.4045e-07     0.1197651663405088 
2.4295e-07     0.1091976516634051 
2.4545e-07     0.1005772049825008 
2.4795e-07     0.09158512720156557 
2.5045e-07     0.08277886497064581 
2.5295e-07     0.07590873797370661 
2.5545e-07     0.07215501074414342 
2.5795e-07     0.06340508806262231 
2.6045e-07     0.05812133072407045 
2.6295e-07     0.05459882583170255 
2.6545e-07     0.05189251902829104 
2.6795e-07     0.04755381604696673 
2.7045e-07     0.04660523608928623 
2.7295e-07     0.04403992433465615 
2.7545e-07     0.04306774601643061 
2.7795e-07     0.04227005870841487 
2.8045e-07     0.04323262841172875 
2.8295e-07     0.04575593771797793 
2.8545e-07     0.04675010030472292 
2.8795e-07     0.04931506849315068 
2.9045e-07     0.05296676216467885 
2.9295e-07     0.05812133072407045 
2.9545e-07     0.06340508806262231 
2.9795e-07     0.06703433390455625 
3.0045e-07     0.07573385518590998 
3.0295e-07     0.08263388678116232 
3.0545e-07     0.09158512720156557 
3.0795e-07     0.1003913894324853 
3.1045e-07     0.1090368300966838 
3.1295e-07     0.1206265028175557 
3.1545e-07     0.1285714285714286 
3.1795e-07     0.1417098120768891 
3.2045e-07     0.1504407549353888 
3.2295e-07     0.1637964774951076 
3.2545e-07     0.1769716399494847 
3.2795e-07     0.1902152641878669 
3.3045e-07     0.2043052837573386 
3.3295e-07     0.2183953033268102 
3.3545e-07     0.2324853228962818 
3.3795e-07     0.2483365949119374 
3.4045e-07     0.262426614481409 
3.4295e-07     0.2782778864970646 
3.4545e-07     0.2958904109589041 
3.4795e-07     0.3109029760387001 
3.5045e-07     0.3275929549902153 
3.5295e-07     0.3452054794520548 
3.5545e-07     0.3610567514677104 
3.5795e-07     0.3786692759295499 
3.6045e-07     0.3962818003913894 
3.6295e-07     0.413894324853229 
3.6545e-07     0.4315068493150685 
3.6795e-07     0.4473581213307241 
3.7045e-07     0.4649706457925636 
3.7295e-07     0.4843444227005871 
3.7545e-07     0.5019569471624267 
3.7795e-07     0.5177760429879542 
3.8045e-07     0.5354207436399218 
3.8295e-07     0.5530332681017613 
3.8545e-07     0.5680528766321498 
3.8795e-07     0.5864970645792563 
3.9045e-07     0.6023483365949119 
3.9295e-07     0.6181996086105676 
3.9545e-07     0.6340508806262231 
3.9795e-07     0.6490712042125824 
4.0045e-07     0.6639921722113503 
4.0295e-07     0.6798434442270059 
4.0545e-07     0.6939334637964776 
4.0795e-07     0.7080234833659491 
4.1045e-07     0.7203522504892368 
4.1295e-07     0.7335277188509327 
4.1545e-07     0.7428942036257609 
4.1795e-07     0.7573385518590998 
4.2045e-07     0.7679060665362036 
4.2295e-07     0.7784735812133072 
4.2545e-07     0.7890410958904109 
4.2795e-07     0.7968707714754043 
4.3045e-07     0.8066536203522505 
4.3295e-07     0.8144439543455592 
4.3545e-07     0.8225048923679061 
4.3795e-07     0.8293726644276015 
4.4045e-07     0.8349021962572513 
4.4295e-07     0.840034117673892 
4.4545e-07     0.8462039730698646 
4.4795e-07     0.8480906798774304 
4.5045e-07     0.8524461839530333 
4.5295e-07     0.8533908739110522 
4.5545e-07     0.8559461001542835 
4.5795e-07     0.8569071948350484 
4.6045e-07     0.8577299412915852 
4.6295e-07     0.8568012471039373 
4.6545e-07     0.8559686888454012 
4.6795e-07     0.8532895702256592 
4.7045e-07     0.8506849315068493 
4.7295e-07     0.8479909122914984 
4.7545e-07     0.8422384965201424 
4.7795e-07     0.8365949119373777 
4.8045e-07     0.8329953817607534 
4.8295e-07     0.82426614481409 
4.8545e-07     0.8173883227138287 
4.8795e-07     0.8101761252446184 
4.9045e-07     0.8013698630136986 
4.9295e-07     0.7935200758998103 
4.954500000000001e-07 0.7819960861056752 
4.9795e-07     0.7714285714285714 
5.0045e-07     0.7619418396170381 
5.0295e-07     0.7502935420743641 
5.0545e-07     0.7379647749510764 
5.0795e-07     0.7256360078277887 
5.1045e-07     0.7115459882583171 
5.1295e-07     0.6974559686888455 
5.1545e-07     0.6833659491193738 
5.179499999999999e-07 0.6692759295499021 
5.2045e-07     0.6551859099804306 
5.2295e-07     0.6385311287398914 
5.2545e-07     0.6234833659491195 
5.2795e-07     0.6076903661574412 
5.3045e-07     0.5917808219178082 
5.3295e-07     0.5741682974559688 
5.3545e-07     0.5583170254403131 
5.3795e-07     0.5407045009784736 
5.404499999999999e-07 0.5230919765166341 
5.4295e-07     0.5072407045009785 
5.4545e-07     0.489628180039139 
5.4795e-07     0.4720156555772995 
5.5045e-07     0.4544031311154599 
5.5295e-07     0.4367906066536204 
5.5545e-07     0.4191780821917809 
5.5795e-07     0.4015655577299413 
5.6045e-07     0.3839530332681018 
5.629499999999999e-07 0.3663405088062623 
5.6545e-07     0.3496432548420888 
5.6795e-07     0.3328767123287671 
5.7045e-07     0.3170254403131115 
5.7295e-07     0.299412915851272 
5.7545e-07     0.2835616438356164 
5.7795e-07     0.2685393527319495 
5.8045e-07     0.2510199709013012 
5.8295e-07     0.2377690802348336 
5.8545e-07     0.2219178082191781 
5.8795e-07     0.2078277886497065 
5.9045e-07     0.1937377690802348 
5.9295e-07     0.1814090019569472 
5.954499999999999e-07 0.1673189823874755 
5.9795e-07     0.1578059176334033 
6.0045e-07     0.1444227005870841 
6.0295e-07     0.1312726128777805 
6.0545e-07     0.1215264187866928 
6.0795e-07     0.1135663053924786 
6.1045e-07     0.1021526418786693 
6.1295e-07     0.09334637964774951 
6.1545e-07     0.08642159497571329 
6.179499999999999e-07 0.07832045999969914 
6.2045e-07     0.07221135029354207 
6.2295e-07     0.06516634050880626 
6.2545e-07     0.05993207799229246 
6.2795e-07     0.05378099989104012 
6.3045e-07     0.05190825250296624 
6.3295e-07     0.04755381604696673 
6.3545e-07     0.04659347271702043 
6.3795e-07     0.04404910701492059 
6.4045e-07     0.04306816550612776 
6.4295e-07     0.04227005870841487 
6.4545e-07     0.04321506165352646 
6.4795e-07     0.04403131115459882 
6.5045e-07     0.04579256360078279 
6.5295e-07     0.04931506849315068 
6.5545e-07     0.05201909428438339 
6.5795e-07     0.0563600782778865 
6.6045e-07     0.06003463403862056 
6.6295e-07     0.06692759295499022 
6.6545e-07     0.07397260273972603 
6.6795e-07     0.08090786377445783 
6.7045e-07     0.08806262230919765 
6.729499999999999e-07 0.09589222494072255 
6.7545e-07     0.1056751467710372 
6.7795e-07     0.1162426614481409 
6.8045e-07     0.1268101761252446 
6.8295e-07     0.1363706963433233 
6.8545e-07     0.1479452054794521 
6.8795e-07     0.1602739726027397 
6.9045e-07     0.1734335045610442 
6.9295e-07     0.186692759295499 
6.954499999999999e-07 0.1990215264187867 
6.9795e-07     0.2131115459882583 
7.0045e-07     0.2289628180039139 
7.0295e-07     0.2430528375733855 
7.0545e-07     0.2580758667570042 
7.0795e-07     0.2747553816046967 
7.1045e-07     0.2897737761936118 
7.1295e-07     0.3064579256360078 
7.1545e-07     0.3214781858291731 
7.1795e-07     0.3409067035168331 
7.2045e-07     0.3557729941291585 
7.2295e-07     0.3733855185909981 
7.2545e-07     0.3909980430528376 
7.2795e-07     0.4086105675146771 
7.3045e-07     0.4262230919765166 
7.3295e-07     0.4420743639921722 
7.3545e-07     0.4622853869484101 
7.3795e-07     0.4790606653620352 
7.4045e-07     0.4966731898238748 
7.4295e-07     0.5142857142857143 
7.4545e-07     0.53013698630137 
7.4795e-07     0.5477495107632094 
7.504499999999999e-07 0.5663166120155625 
7.5295e-07     0.5812133072407045 
7.5545e-07     0.598825831702544 
7.5795e-07     0.6146771037181996 
7.6045e-07     0.6304583680092452 
7.6295e-07     0.6446183953033269 
7.6545e-07     0.6596363825684851 
7.6795e-07     0.674559686888454 
7.7045e-07     0.6904109589041096 
7.7295e-07     0.7045009784735812 
7.7545e-07     0.7148965342963236 
7.7795e-07     0.7291585127201566 
7.8045e-07     0.7415858805953072 
7.8295e-07     0.7538160469667319 
7.8545e-07     0.7650056823223149 
7.8795e-07     0.7767123287671234 
7.9045e-07     0.7862671314648909 
7.9295e-07     0.7977560877939759 
7.9545e-07     0.8048923679060666 
7.9795e-07     0.8134826027141208 
8.0045e-07     0.8207436399217222 
8.0295e-07     0.8276244202060968 
8.054499999999999e-07 0.8348336594911938 
8.0795e-07     0.8399780483668979 
8.1045e-07     0.8427874992112423 
8.1295e-07     0.849743641484734 
8.1545e-07     0.8498480620320138 
8.1795e-07     0.8542074363992173 
8.2045e-07     0.8559423534712141 
8.2295e-07     0.8569016435891361 
8.2545e-07     0.8577299412915852 
8.279499999999999e-07 0.8577299412915852 
8.3045e-07     0.8567909334194073 
8.3295e-07     0.8542376340206966 
8.3545e-07     0.8506849315068493 
8.3795e-07     0.8480215141027901 
8.4045e-07     0.8436399217221136 
8.4295e-07     0.8400479528853748 
8.4545e-07     0.8330724070450097 
8.4795e-07     0.8282505400895241 
8.5045e-07     0.8209169467392262 
8.5295e-07     0.8119373776908024 
8.5545e-07     0.8050715767424916 
8.5795e-07     0.7960861056751468 
8.6045e-07     0.7855185909980431 
8.6295e-07     0.7760539910996435 
8.6545e-07     0.7643835616438357 
8.6795e-07     0.7512029843409841 
8.7045e-07     0.7414872798434443 
8.7295e-07     0.7291010278510526 
8.7545e-07     0.715068493150685 
8.7795e-07     0.7018976469682502 
8.8045e-07     0.6886497064579257 
8.829499999999999e-07 0.6727984344422701 
8.8545e-07     0.6587084148727985 
8.8795e-07     0.6428571428571429 
8.9045e-07     0.6287671232876713 
8.9295e-07     0.6111545988258317 
8.9545e-07     0.5953033268101761 
8.9795e-07     0.5794520547945206 
9.0045e-07     0.5636007827788649 
9.0295e-07     0.5449034869148831 
9.054500000000001e-07 0.5283757338551859 
9.0795e-07     0.5107632093933464 
9.1045e-07     0.4949483516367578 
9.1295e-07     0.4772994129158513 
9.1545e-07     0.4596868884540117 
9.1795e-07     0.4420743639921722 
9.2045e-07     0.4244618395303327 
9.2295e-07     0.4068493150684931 
9.2545e-07     0.3901344996633066 
9.2795e-07     0.3716242661448141 
9.3045e-07     0.3540117416829746 
9.3295e-07     0.3352879560653457 
9.3545e-07     0.3205479452054795 
9.3795e-07     0.3046966731898239 
9.4045e-07     0.2888454011741683 
9.4295e-07     0.2729536762103564 
9.4545e-07     0.2571428571428572 
9.4795e-07     0.2412915851272016 
9.5045e-07     0.22720156555773 
9.5295e-07     0.2131115459882583 
9.554500000000001e-07 0.1990215264187867 
9.579500000000001e-07 0.1849315068493151 
9.604500000000001e-07 0.1726027397260274 
9.6295e-07     0.1585127201565558 
9.6545e-07     0.1479452054794521 
9.6795e-07     0.1347951992314373 
9.7045e-07     0.1250489236790607 
9.729500000000001e-07 0.1153635863749846 
9.754500000000001e-07 0.1056751467710372 
9.779500000000001e-07 0.09686888454011741 
9.804500000000001e-07 0.08900656614878753 
9.829500000000001e-07 0.08101761252446184 
9.8545e-07     0.07408375252606182 
9.879500000000002e-07 0.06692759295499022 
9.904500000000002e-07 0.06164383561643835 
9.929500000000002e-07 0.05792893990935678 
9.954500000000001e-07 0.05283757338551859 
9.979500000000001e-07 0.0501497099367964 
1.00045e-06    0.04579256360078279 
1.00295e-06    0.04405691705074022 
1.00545e-06    0.04307951161305621 
1.00795e-06    0.04227005870841487 
1.01045e-06    0.04227005870841487 
1.01295e-06    0.04323721755601577 
1.01545e-06    0.04578530365688369 
1.01795e-06    0.04674438030861519 
1.02045e-06    0.05107632093933464 
1.02295e-06    0.05714138913254788 
1.02545e-06    0.05908426483191934 
1.02795e-06    0.0651397016603385 
1.03045e-06    0.07221135029354207 
1.03295e-06    0.0791364373673291 
1.03545e-06    0.0863013698630137 
1.03795e-06    0.09494876822335467 
1.04045e-06    0.1039138943248532 
1.04295e-06    0.1143027957510307 
1.04545e-06    0.1223454150699845 
1.04795e-06    0.1338551859099804 
1.05045e-06    0.1440731474099945 
1.05295e-06    0.1567514677103719 
1.05545e-06    0.1698968130771225 
1.05795e-06    0.1831702544031311 
1.06045e-06    0.193576042005581 
1.06295e-06    0.2095890410958904 
1.06545e-06    0.225440313111546 
1.06795e-06    0.2395303326810176 
1.07045e-06    0.2536203522504892 
1.07295e-06    0.2694716242661448 
1.07545e-06    0.2852918132853392 
1.07795e-06    0.301174168297456 
1.08045e-06    0.3187866927592955 
1.08295e-06    0.3346379647749511 
1.08545e-06    0.3533424350737396 
1.08795e-06    0.3672685746771316 
1.09045e-06    0.3857142857142857 
1.09295e-06    0.4033268101761253 
1.09545e-06    0.4209393346379648 
1.09795e-06    0.4385518590998043 
1.10045e-06    0.4561643835616438 
1.10295e-06    0.4737769080234834 
1.10545e-06    0.4913894324853229 
1.10795e-06    0.5090019569471624 
1.11045e-06    0.5248532289628179 
1.11295e-06    0.5424657534246575 
1.11545e-06    0.560078277886497 
1.11795e-06    0.5788276271459358 
1.12045e-06    0.592714094790696 
1.12295e-06    0.6093933463796478 
1.12545e-06    0.6244126780490125 
1.12795e-06    0.6410958904109589 
1.13045e-06    0.6560927976706574 
1.13295e-06    0.6710371819960862 
1.13545e-06    0.6851272015655577 
1.13795e-06    0.6992172211350294 
1.14045e-06    0.713307240704501 
1.14295e-06    0.7256360078277887 
1.14545e-06    0.7397260273972602 
1.14795e-06    0.7502935420743641 
1.15045e-06    0.7625190750757702 
1.15295e-06    0.7721027588369965 
1.15545e-06    0.7837573385518591 
1.15795e-06    0.7925636007827789 
1.16045e-06    0.8031311154598827 
1.16295e-06    0.8099898250290366 
1.16545e-06    0.818162780070618 
1.16795e-06    0.8258623712676602 
1.17045e-06    0.8330724070450097 
1.17295e-06    0.8383561643835618 
1.17545e-06    0.8419561665316625 
1.17795e-06    0.8471624266144815 
1.18045e-06    0.8498507646147692 
1.18295e-06    0.8542074363992173 
1.18545e-06    0.8559328798644871 
1.18795e-06    0.8559686888454012 
1.19045e-06    0.8569104230277383 
1.19295e-06    0.8577299412915852 
1.19545e-06    0.8567912641494799 
1.19795e-06    0.8542518493213326 
1.20045e-06    0.8532616482597117 
1.20295e-06    0.8489236790606653 
1.20545e-06    0.8462433557655279 
1.20795e-06    0.8392956657342021 
1.21045e-06    0.8349769138749076 
1.21295e-06    0.8295499021526419 
1.21545e-06    0.8226952356105602 
1.21795e-06    0.8154598825831703 
1.22045e-06    0.8076605783636243 
1.22295e-06    0.7978473581213307 
1.22545e-06    0.7872798434442271 
1.22795e-06    0.7795074596848899 
1.23045e-06    0.7679060665362036 
1.23295e-06    0.7547313836604965 
1.23545e-06    0.7450097847358121 
1.23795e-06    0.734531212292679 
1.24045e-06    0.7185909980430528 
1.24295e-06    0.7062622309197653 
1.24545e-06    0.6921722113502935 
1.24795e-06    0.678082191780822 
1.25045e-06    0.6639921722113503 
1.25295e-06    0.6481409001956947 
1.25545e-06    0.6314388566160916 
1.25795e-06    0.6172811846349344 
1.26045e-06    0.6005870841487281 
1.26295e-06    0.5855774341374438 
1.26545e-06    0.5671232876712329 
1.26795e-06    0.5512720156555773 
1.27045e-06    0.5336594911937378 
1.27295e-06    0.5160469667318982 
1.27545e-06    0.4984344422700587 
1.27795e-06    0.4825831702544031 
1.28045e-06    0.4649706457925636 
1.28295e-06    0.4473581213307241 
1.28545e-06    0.4297455968688845 
1.28795e-06    0.412133072407045 
1.29045e-06    0.3945205479452055 
1.29295e-06    0.3769080234833659 
1.29545e-06    0.3592954990215264 
1.29795e-06    0.3434442270058709 
1.30045e-06    0.3258317025440313 
1.30295e-06    0.3099804305283758 
1.30545e-06    0.2923679060665362 
1.30795e-06    0.2765836083945847 
1.31045e-06    0.2606653620352251 
1.31295e-06    0.2465753424657534 
1.31545e-06    0.2307240704500979 
1.31795e-06    0.2166340508806262 
1.32045e-06    0.2025440313111546 
1.32295e-06    0.188454011741683 
1.32545e-06    0.1761252446183953 
1.32795e-06    0.1620352250489237 
1.33045e-06    0.15146771037182 
1.33295e-06    0.1383179321698447 
1.33545e-06    0.1295517002428215 
1.33795e-06    0.1180039138943249 
1.34045e-06    0.1074363992172211 
1.34295e-06    0.0996113620569971 
1.34545e-06    0.0898238747553816 
1.34795e-06    0.08277886497064581 
1.35045e-06    0.07586823576616498 
1.35295e-06    0.06868884540117418 
1.35545e-06    0.06504215221569887 
1.35795e-06    0.05812133072407045 
1.36045e-06    0.05321628850928044 
1.36295e-06    0.05013166624009315 
1.36545e-06    0.04755381604696673 
1.36795e-06    0.04487593943838162 
1.37045e-06    0.04403131115459882 
1.37295e-06    0.04306722658325524 
1.37545e-06    0.04227005870841487 
1.37795e-06    0.04323490060650629 
1.38045e-06    0.04577283394586455 
1.38295e-06    0.046753732701214 
1.38545e-06    0.05107632093933464 
1.38795e-06    0.05378633142594327 
1.39045e-06    0.0606953363300648 
1.39295e-06    0.06507769168192251 
1.39545e-06    0.07045009784735812 
1.39795e-06    0.07730071365200429 
1.40045e-06    0.08454011741682975 
1.40295e-06    0.09145217347122835 
1.40545e-06    0.1003913894324853 
1.40795e-06    0.1099654973657489 
1.41045e-06    0.121413900705922 
1.41295e-06    0.1303326810176125 
1.41545e-06    0.1425210426549271 
1.41795e-06    0.1521473758915881 
1.42045e-06    0.1655577299412916 
1.42295e-06    0.1796477495107632 
1.42545e-06    0.1919765166340509 
1.42795e-06    0.2060665362035225 
1.43045e-06    0.2201565557729941 
1.43295e-06    0.2342465753424658 
1.43545e-06    0.2500978473581214 
1.43795e-06    0.2651038886292889 
1.44045e-06    0.2818003913894325 
1.44295e-06    0.297651663405088 
1.44545e-06    0.3135029354207437 
1.44795e-06    0.3293542074363993 
1.45045e-06    0.3475336672967069 
1.45295e-06    0.3645792563600783 
1.45545e-06    0.3812773988988972 
1.45795e-06    0.3971726152579083 
1.46045e-06    0.4156555772994129 
1.46295e-06    0.4332681017612525 
1.46545e-06    0.450880626223092 
1.46795e-06    0.4684931506849315 
1.47045e-06    0.4861056751467711 
1.47295e-06    0.5037181996086106 
1.47545e-06    0.5213307240704501 
1.47795e-06    0.5363385429397107 
1.48045e-06    0.5547945205479452 
1.48295e-06    0.5729149217083893 
1.48545e-06    0.5882583170254404 
1.48795e-06    0.6032773273848695 
1.49045e-06    0.6199608610567515 
1.49295e-06    0.6358121330724071 
1.49545e-06    0.6516634050880626 
1.49795e-06    0.6675146771037183 
1.50045e-06    0.6816046966731898 
1.50295e-06    0.6956947162426614 
1.50545e-06    0.7097847358121331 
1.50795e-06    0.7221135029354208 
1.51045e-06    0.7362035225048923 
1.51295e-06    0.7467710371819961 
1.51545e-06    0.7571710872091424 
1.51795e-06    0.7696673189823875 
1.52045e-06    0.7802348336594912 
1.52295e-06    0.7908023483365949 
1.52545e-06    0.7994322329152601 
1.52795e-06    0.8084148727984345 
1.53045e-06    0.8172211350293542 
1.53295e-06    0.8240456868079956 
1.53545e-06    0.8277844112023169 
1.53795e-06    0.8365949119373777 
1.54045e-06    0.8418786692759296 
1.54295e-06    0.8454011741682974 
1.54545e-06    0.8480929854253597 
1.54795e-06    0.8524461839530333 
1.55045e-06    0.8533820843116557 
1.55295e-06    0.8559501693976829 
1.55545e-06    0.8569084755971822 
1.55795e-06    0.8577299412915852 
1.56045e-06    0.8567961246174046 
1.56295e-06    0.8542806018717112 
1.56545e-06    0.8532621200009453 
1.56795e-06    0.8506849315068493 
1.57045e-06    0.847059675704778 
1.57295e-06    0.8418786692759296 
1.57545e-06    0.8365949119373777 
1.57795e-06    0.8330231699415963 
1.58045e-06    0.82426614481409 
1.58295e-06    0.8174183398264925 
1.58545e-06    0.8084148727984345 
1.58795e-06    0.7996086105675148 
1.59045e-06    0.7909683242344224 
1.59295e-06    0.7802348336594912 
1.59545e-06    0.7714285714285714 
1.59795e-06    0.7582657018688309 
1.60045e-06    0.7496297698922818 
1.60295e-06    0.7362035225048923 
1.60545e-06    0.7230213599466895 
1.60795e-06    0.7097847358121331 
1.61045e-06    0.6956947162426614 
1.61295e-06    0.6816046966731898 
1.61545e-06    0.6675146771037183 
1.61795e-06    0.6516634050880626 
1.62045e-06    0.637573385518591 
1.62295e-06    0.6217221135029354 
1.62545e-06    0.6041095890410959 
1.62795e-06    0.5891119916790135 
1.63045e-06    0.5724070450097848 
1.63295e-06    0.5547945205479452 
1.63545e-06    0.5389432485322897 
1.63795e-06    0.5213307240704501 
1.64045e-06    0.5037181996086106 
1.64295e-06    0.4861056751467711 
1.64545e-06    0.4684931506849315 
1.64795e-06    0.452641878669276 
1.65045e-06    0.4350293542074364 
1.65295e-06    0.4156555772994129 
1.65545e-06    0.3980430528375734 
1.65795e-06    0.3822430761137865 
1.66045e-06    0.3645792563600783 
1.66295e-06    0.3469667318982388 
1.66545e-06    0.3311154598825832 
1.66795e-06    0.3135029354207437 
1.67045e-06    0.297651663405088 
1.67295e-06    0.2818003913894325 
1.67545e-06    0.2659491193737769 
1.67795e-06    0.2509308632346575 
1.68045e-06    0.2360078277886497 
1.68295e-06    0.2201565557729941 
1.68545e-06    0.2060665362035225 
1.68795e-06    0.1919765166340509 
1.69045e-06    0.1796477495107632 
1.69295e-06    0.1664659330847519 
1.69545e-06    0.1570847237168546 
1.69795e-06    0.1426614481409002 
1.70045e-06    0.1320939334637965 
1.70295e-06    0.1215264187866928 
1.70545e-06    0.110958904109589 
1.70795e-06    0.1031319806966191 
1.71045e-06    0.09334637964774951 
1.71295e-06    0.08547934686211907 
1.71545e-06    0.07749510763209394 
1.71795e-06    0.07058015447550868 
1.72045e-06    0.06516634050880626 
1.72295e-06    0.05991686050617962 
1.72545e-06    0.05379581503994069 
1.72795e-06    0.05189772311298442 
1.73045e-06    0.04755381604696673 
1.73295e-06    0.0465985566506376 
1.73545e-06    0.04404080355875243 
1.73795e-06    0.04306652973257413 
1.74045e-06    0.04227005870841487 
1.74295e-06    0.04322821634539281 
1.74545e-06    0.04403131115459882 
1.74795e-06    0.04674973304150318 
1.75045e-06    0.04931506849315068 
1.75295e-06    0.05202296600753267 
1.75545e-06    0.05812133072407045 
1.75795e-06    0.06340508806262231 
1.76045e-06    0.06705855608548372 
1.76295e-06    0.07573385518590998 
1.76545e-06    0.08266234344753587 
1.76795e-06    0.0898238747553816 
1.77045e-06    0.09863013698630137 
1.77295e-06    0.1064893950791133 
1.77545e-06    0.1180039138943249 
1.77795e-06    0.1285714285714286 
1.78045e-06    0.1381345478753903 
1.78295e-06    0.149706457925636 
1.78545e-06    0.1620352250489237 
1.78795e-06    0.1735119674004684 
1.79045e-06    0.188454011741683 
1.79295e-06    0.2025440313111546 
1.79545e-06    0.2166340508806262 
1.79795e-06    0.2307240704500979 
1.80045e-06    0.2448140900195695 
1.80295e-06    0.2614916773351558 
1.80545e-06    0.2765166340508807 
1.80795e-06    0.292325108584561 
1.81045e-06    0.3082191780821918 
1.81295e-06    0.3258317025440313 
1.81545e-06    0.3416600956993043 
1.81795e-06    0.3592954990215264 
1.82045e-06    0.3769080234833659 
1.82295e-06    0.3927592954990216 
1.82545e-06    0.4103718199608611 
1.82795e-06    0.4279843444227006 
1.83045e-06    0.4455968688845401 
1.83295e-06    0.4632093933463797 
1.83545e-06    0.4808219178082192 
1.83795e-06    0.4984344422700587 
1.84045e-06    0.5160469667318982 
1.84295e-06    0.5336594911937378 
1.84545e-06    0.5503584217258042 
1.84795e-06    0.5662772485614525 
1.85045e-06    0.5829745596868885 
1.85295e-06    0.6005870841487281 
1.85545e-06    0.6164383561643836 
1.85795e-06    0.6314457526491478 
1.86045e-06    0.648980429426275 
1.86295e-06    0.6622309197651665 
1.86545e-06    0.678082191780822 
1.86795e-06    0.6921722113502935 
1.87045e-06    0.7062622309197653 
1.87295e-06    0.7185909980430528 
1.87545e-06    0.7326810176125246 
1.87795e-06    0.7421825922424949 
1.88045e-06    0.7555772994129158 
1.88295e-06    0.7687417873668757 
1.88545e-06    0.7784735812133072 
1.88795e-06    0.7862894133435065 
1.89045e-06    0.7986987276063174 
1.89295e-06    0.8066536203522505 
1.89545e-06    0.8135354607646167 
1.89795e-06    0.8216691256756909 
1.90045e-06    0.8277886497064579 
1.90295e-06    0.8348336594911938 
1.90545e-06    0.8400125290239631 
1.90795e-06    0.8462179786903284 
1.91045e-06    0.8480837997877708 
1.91295e-06    0.8524461839530333 
1.91545e-06    0.8533921500853534 
1.91795e-06    0.8559453975663923 
1.92045e-06    0.8569055472379772 
1.92295e-06    0.8577299412915852 
1.92545e-06    0.8568146158172372 
1.92795e-06    0.8559686888454012 
1.93045e-06    0.8542295362474138 
1.93295e-06    0.8506849315068493 
1.93545e-06    0.8479985438820651 
1.93795e-06    0.8436399217221136 
1.94045e-06    0.8400565449818633 
1.94295e-06    0.8330724070450097 
1.94545e-06    0.826027397260274 
1.94795e-06    0.8191536260563037 
1.95045e-06    0.8119373776908024 
1.95295e-06    0.8041688899862975 
1.95545e-06    0.7943248532289628 
1.95795e-06    0.7837573385518591 
1.96045e-06    0.7731898238747554 
1.96295e-06    0.763703047678937 
1.96545e-06    0.752054794520548 
1.96795e-06    0.7397260273972602 
1.97045e-06    0.7265542795193201 
1.97295e-06    0.713307240704501 
1.97545e-06    0.7009784735812132 
1.97795e-06    0.6868884540117417 
1.98045e-06    0.6710371819960862 
1.98295e-06    0.6569471624266144 
1.98545e-06    0.6419381460462487 
1.98795e-06    0.6252446183953033 
1.99045e-06    0.6102411718809505 
1.99295e-06    0.5935420743639922 
1.99545e-06    0.5785105143372711 
1.99795e-06    0.559011221957428 
2.00045e-06    0.5442270058708415 
2.00295e-06    0.526614481409002 
2.00545e-06    0.5090019569471624 
2.00795e-06    0.4913894324853229 
2.01045e-06    0.4737769080234834 
2.01295e-06    0.4579256360078278 
2.01545e-06    0.4376976333390746 
2.01795e-06    0.4209393346379648 
2.02045e-06    0.4033268101761253 
2.02295e-06    0.3857142857142857 
2.02545e-06    0.3698630136986301 
2.02795e-06    0.3522504892367906 
2.03045e-06    0.333607562980518 
2.03295e-06    0.3187866927592955 
2.03545e-06    0.303796613895374 
2.03795e-06    0.2853228962818004 
2.04045e-06    0.2695514825796437 
2.04295e-06    0.2553816046966732 
2.04545e-06    0.2403410373218295 
2.04795e-06    0.225440313111546 
2.05045e-06    0.2095890410958904 
2.05295e-06    0.1993885383404362 
2.05545e-06    0.1831702544031311 
2.05795e-06    0.1708414872798434 
2.06045e-06    0.1584326132816411 
2.06295e-06    0.1461839530332681 
2.06545e-06    0.135119185626747 
2.06795e-06    0.1232876712328767 
2.07045e-06    0.1135685505274224 
2.07295e-06    0.1039138943248532 
2.07545e-06    0.09510763209393347 
2.07795e-06    0.08646487231983524 
2.08045e-06    0.07925636007827788 
2.08295e-06    0.07233136278790894 
2.08545e-06    0.06516634050880626 
2.08795e-06    0.05997123147690858 
2.09045e-06    0.05715105675774509 
2.09295e-06    0.05027093086742047 
2.09545e-06    0.05013747557537863 
2.09795e-06    0.04579256360078279 
2.10045e-06    0.04405349641588052 
2.10295e-06    0.04307178286950458 
2.10545e-06    0.04227005870841487 
2.10795e-06    0.04227005870841487 
2.11045e-06    0.04323666130259211 
2.11295e-06    0.04578741836308954 
2.11545e-06    0.04931506849315068 
2.11795e-06    0.05199371041430892 
2.12045e-06    0.0563600782778865 
2.12295e-06    0.06004168814516365 
2.12545e-06    0.06692759295499022 
2.12795e-06    0.07183191893827003 
2.13045e-06    0.07914258815803311 
2.13295e-06    0.08806262230919765 
2.13545e-06    0.09498485398480697 
2.13795e-06    0.1039138943248532 
2.14045e-06    0.1144814090019569 
2.14295e-06    0.124091752894476 
2.14545e-06    0.1356164383561644 
2.14795e-06    0.1487806159871279 
2.15045e-06    0.1585127201565558 
2.15295e-06    0.1708964787765454 
2.15545e-06    0.1849315068493151 
2.15795e-06    0.1980892198242394 
2.16045e-06    0.2113502935420744 
2.16295e-06    0.22720156555773 
2.16545e-06    0.2412915851272016 
2.16795e-06    0.2571428571428572 
2.17045e-06    0.2712328767123288 
2.17295e-06    0.2888454011741683 
2.17545e-06    0.3046966731898239 
2.17795e-06    0.3205479452054795 
2.18045e-06    0.336399217221135 
2.18295e-06    0.3550899568770869 
2.18545e-06    0.3716242661448141 
2.18795e-06    0.3892367906066536 
2.19045e-06    0.4050548184465891 
2.19295e-06    0.4227005870841487 
2.19545e-06    0.4403131115459882 
2.19795e-06    0.4579256360078278 
2.20045e-06    0.4755381604696673 
2.20295e-06    0.4931506849315068 
2.20545e-06    0.5099082609653909 
2.20795e-06    0.5283757338551859 
2.21045e-06    0.5459882583170255 
2.21295e-06    0.5646105331461303 
2.21545e-06    0.5794520547945206 
2.21795e-06    0.5953033268101761 
2.22045e-06    0.6111545988258317 
2.22295e-06    0.6273159950399809 
2.22545e-06    0.6428571428571429 
2.22795e-06    0.6587084148727985 
2.23045e-06    0.6727984344422701 
2.23295e-06    0.6868884540117417 
2.23545e-06    0.7009784735812132 
2.23795e-06    0.715068493150685 
2.24045e-06    0.7273972602739726 
2.24295e-06    0.7414872798434443 
2.24545e-06    0.752054794520548 
2.24795e-06    0.7652201084080932 
2.25045e-06    0.7749510763209393 
2.25295e-06    0.784477008820354 
2.25545e-06    0.7935060848205279 
2.25795e-06    0.8031311154598827 
2.26045e-06    0.8109397442949313 
2.26295e-06    0.8189823874755382 
2.26545e-06    0.8258629287505794 
2.26795e-06    0.8330724070450097 
2.27045e-06    0.8383561643835618 
2.27295e-06    0.8419776152097217 
2.27545e-06    0.8471624266144815 
2.27795e-06    0.8498406123135499 
2.28045e-06    0.8542074363992173 
2.28295e-06    0.8559366198696934 
2.28545e-06    0.8568943045513402 
2.28795e-06    0.8577299412915852 
2.29045e-06    0.8577299412915852 
2.29295e-06    0.8567879867011546 
2.29545e-06    0.8542471537820282 
2.29795e-06    0.8532710385656125 
2.30045e-06    0.8489236790606653 
2.30295e-06    0.8428226363076282 
2.30545e-06    0.8409799131905362 
2.30795e-06    0.8349640484554429 
2.31045e-06    0.8277886497064579 
2.31295e-06    0.8209257891761725 
2.31545e-06    0.8136986301369863 
2.31795e-06    0.8051327829765861 
2.32045e-06    0.7960861056751468 
2.32295e-06    0.7872798434442271 
2.32545e-06    0.7778087626700971 
2.32795e-06    0.7661448140900196 
2.33045e-06    0.7560829110682851 
2.33295e-06    0.7432485322896282 
2.33545e-06    0.7300779734339936 
2.33795e-06    0.716829745596869 
2.34045e-06    0.7063921567727165 
2.34295e-06    0.6904109589041096 
2.34545e-06    0.674559686888454 
2.34795e-06    0.6604696673189824 
2.35045e-06    0.6463796477495107 
2.35295e-06    0.6305283757338551 
2.35545e-06    0.6147360594014967 
2.35795e-06    0.598825831702544 
2.36045e-06    0.5812133072407045 
2.36295e-06    0.565362035225049 
2.36545e-06    0.5466525685708084 
2.36795e-06    0.5327435925480574 
2.37045e-06    0.5142857142857143 
2.37295e-06    0.4966731898238748 
2.37545e-06    0.4790606653620352 
2.37795e-06    0.4614481409001957 
2.38045e-06    0.4438356164383562 
2.38295e-06    0.4262230919765166 
2.38545e-06    0.4086105675146771 
2.38795e-06    0.3909980430528376 
2.39045e-06    0.375146771037182 
2.39295e-06    0.3575342465753425 
2.39545e-06    0.339921722113503 
2.39795e-06    0.3211496069195424 
2.40045e-06    0.3073001730135758 
2.40295e-06    0.2906066536203523 
2.40545e-06    0.2755872955594864 
2.40795e-06    0.2589041095890411 
2.41045e-06    0.2438956826685525 
2.41295e-06    0.2289628180039139 
2.41545e-06    0.2148727984344423 
2.41795e-06    0.2007827788649707 
2.42045e-06    0.186692759295499 
2.42295e-06    0.1743639921722114 
2.42545e-06    0.1602739726027397 
2.42795e-06    0.149706457925636 
2.43045e-06    0.1375505302927537 
2.43295e-06    0.1278088905598491 
2.43545e-06    0.1162426614481409 
2.43795e-06    0.1074363992172211 
2.44045e-06    0.09686888454011741 
2.44295e-06    0.08995408056413515 
2.44545e-06    0.0818392694818052 
2.44795e-06    0.07410235841289692 
2.45045e-06    0.06692759295499022 
2.45295e-06    0.06164383561643835 
2.45545e-06    0.05794803504501213 
2.45795e-06    0.05283757338551859 
2.46045e-06    0.05014129762121279 
2.46295e-06    0.04579256360078279 
2.46545e-06    0.04406279231716677 
2.46795e-06    0.04403131115459882 
2.47045e-06    0.04306306468537088 
2.47295e-06    0.04227005870841487 
2.47545e-06    0.04323645353859262 
2.47795e-06    0.04577601612810887 
2.48045e-06    0.04675340729582728 
2.48295e-06    0.05107632093933464 
2.48545e-06    0.05376691898509833 
2.48795e-06    0.06067794423645954 
2.49045e-06    0.06511474027801835 
2.49295e-06    0.07045009784735812 
2.49545e-06    0.07735580580175916 
2.49795e-06    0.08454011741682975 
2.50045e-06    0.09240699152411738 
2.50295e-06    0.1021526418786693 
2.50545e-06    0.112720156555773 
2.50795e-06    0.1206200420483095 
2.51045e-06    0.1320939334637965 
2.51295e-06    0.1452549834340423 
2.51545e-06    0.1549902152641879 
2.51795e-06    0.1654465598277756 
2.52045e-06    0.1814090019569472 
2.52295e-06    0.1937377690802348 
2.52545e-06    0.2078277886497065 
2.52795e-06    0.2219178082191781 
2.53045e-06    0.2360078277886497 
2.53295e-06    0.2518590998043053 
2.53545e-06    0.268545198097547 
2.53795e-06    0.28274481469144 
2.54045e-06    0.299412915851272 
2.54295e-06    0.3144236251575488 
2.54545e-06    0.3328767123287671 
2.54795e-06    0.3486962889453141 
2.55045e-06    0.3663405088062623 
2.55295e-06    0.3839530332681018 
2.55545e-06    0.4015655577299413 
2.55795e-06    0.4174168297455969 
2.56045e-06    0.4350293542074364 
2.56295e-06    0.452641878669276 
2.56545e-06    0.4702544031311155 
2.56795e-06    0.487866927592955 
2.57045e-06    0.5054794520547945 
2.57295e-06    0.5230919765166341 
2.57545e-06    0.5407045009784736 
2.57795e-06    0.5583170254403131 
2.58045e-06    0.5741278658623012 
2.58295e-06    0.5900195694716243 
2.58545e-06    0.6076320939334638 
