
time (s)       VT("/out") (V)


2.84e-08       0.6234833659491195 
3.09e-08       0.639334637964775 
3.34e-08       0.6534246575342466 
3.59e-08       0.6692759295499021 
3.84e-08       0.6833659491193738 
4.09e-08       0.6974559686888455 
4.34e-08       0.7115459882583171 
4.59e-08       0.7238747553816047 
4.84e-08       0.7379647749510764 
5.09e-08       0.7485322896281801 
5.34e-08       0.7608927993615036 
5.59e-08       0.7714285714285714 
5.840000000000001e-08 0.7819960861056752 
6.09e-08       0.7925636007827789 
6.34e-08       0.8013698630136986 
6.59e-08       0.8101761252446184 
6.84e-08       0.8172211350293542 
7.090000000000001e-08 0.82426614481409 
7.34e-08       0.8313111545988259 
7.59e-08       0.8365949119373777 
7.84e-08       0.8418786692759296 
8.09e-08       0.8471624266144815 
8.340000000000001e-08 0.8506849315068493 
8.589999999999999e-08 0.8524461839530333 
8.840000000000001e-08 0.8559686888454012 
9.09e-08       0.8559686888454012 
9.34e-08       0.8577018180166244 
9.590000000000001e-08 0.8577299412915852 
9.840000000000001e-08 0.8559981163242308 
1.009e-07      0.8542074363992173 
1.034e-07      0.8524687780901778 
1.059e-07      0.8489236790606653 
1.084e-07      0.8454011741682974 
1.109e-07      0.8400736538390702 
1.134e-07      0.8348336594911938 
1.159e-07      0.8295499021526419 
1.184e-07      0.8225048923679061 
1.209e-07      0.8154598825831703 
1.234e-07      0.8084148727984345 
1.259e-07      0.7996086105675148 
1.284e-07      0.7890410958904109 
1.309e-07      0.7802348336594912 
1.334e-07      0.7696673189823875 
1.359e-07      0.7573385518590998 
1.384e-07      0.7467710371819961 
1.409e-07      0.7344422700587084 
1.434e-07      0.7203522504892368 
1.459e-07      0.7080234833659491 
1.484e-07      0.6939334637964776 
1.509e-07      0.6798434442270059 
1.534e-07      0.6657534246575342 
1.559e-07      0.6499021526418787 
1.584e-07      0.6341035059704095 
1.609e-07      0.6181996086105676 
1.634e-07      0.6023483365949119 
1.659e-07      0.5864970645792563 
1.684e-07      0.5706457925636008 
1.709e-07      0.5530332681017613 
1.734e-07      0.5354207436399218 
1.759e-07      0.5195167942141361 
1.784e-07      0.5019569471624267 
1.809e-07      0.4843444227005871 
1.834e-07      0.4052998772053624 
1.859e-07      0.449119373776908 
1.884e-07      0.4315068493150685 
1.909e-07      0.413894324853229 
1.934e-07      0.3962818003913894 
1.959e-07      0.3786692759295499 
1.984e-07      0.3628859040459647 
2.009e-07      0.3452054794520548 
2.034e-07      0.3275929549902153 
2.059e-07      0.3117416829745597 
2.084e-07      0.2959201965084835 
2.109e-07      0.2800391389432485 
2.134e-07      0.2641878669275929 
2.159e-07      0.2483365949119374 
2.184e-07      0.2324853228962818 
2.209e-07      0.2183953033268102 
2.234e-07      0.2043052837573386 
2.259e-07      0.1902152641878669 
2.284e-07      0.1778864970645793 
2.309e-07      0.1655577299412916 
2.334e-07      0.1532289628180039 
2.359e-07      0.1409001956947162 
2.384e-07      0.1303326810176125 
2.409e-07      0.1197651663405088 
2.434e-07      0.1091976516634051 
2.459e-07      0.1003913894324853 
2.484e-07      0.09158512720156557 
2.509e-07      0.08277886497064581 
2.534e-07      0.07573385518590998 
2.559e-07      0.07045009784735812 
2.584e-07      0.06340508806262231 
2.609e-07      0.05812133072407045 
2.634e-07      0.05459882583170255 
2.659e-07      0.05107632093933464 
2.684e-07      0.04755381604696673 
2.709e-07      0.0458126724885034 
2.734e-07      0.04403131115459882 
2.759e-07      0.04227518241564777 
2.784e-07      0.04227005870841487 
2.809e-07      0.04402519201251159 
2.834e-07      0.04579256360078279 
2.859e-07      0.04754266390550575 
2.884e-07      0.04931506849315068 
2.909e-07      0.05459882583170255 
2.934e-07      0.05812133072407045 
2.959e-07      0.06340508806262231 
2.984e-07      0.06868884540117418 
3.009e-07      0.07573385518590998 
3.034e-07      0.08277886497064581 
3.059e-07      0.09158512720156557 
3.084e-07      0.1003913894324853 
3.109e-07      0.1091976516634051 
3.134e-07      0.1197651663405088 
3.159e-07      0.1285714285714286 
3.184e-07      0.1409172484761063 
3.209e-07      0.15146771037182 
3.234e-07      0.1637964774951076 
3.259e-07      0.1761790763487019 
3.284e-07      0.1902152641878669 
3.309e-07      0.2043052837573386 
3.334e-07      0.2183953033268102 
3.359e-07      0.2324853228962818 
3.384e-07      0.2483365949119374 
3.409e-07      0.262426614481409 
3.434e-07      0.2782778864970646 
3.459e-07      0.2958904109589041 
3.484e-07      0.3116955396394829 
3.509e-07      0.3275929549902153 
3.534e-07      0.3452054794520548 
3.559e-07      0.3610567514677104 
3.584e-07      0.3786692759295499 
3.609e-07      0.3962818003913894 
3.634e-07      0.413894324853229 
3.659e-07      0.4315068493150685 
3.684e-07      0.5153710920091569 
3.709e-07      0.4649706457925636 
3.734e-07      0.4843444227005871 
3.759e-07      0.5019569471624267 
3.784e-07      0.5178082191780823 
3.809e-07      0.5354207436399218 
3.834e-07      0.5530332681017613 
3.859e-07      0.5688454402329326 
3.884e-07      0.5864970645792563 
3.909e-07      0.6023483365949119 
3.934e-07      0.6181996086105676 
3.959e-07      0.6340508806262231 
3.984e-07      0.6498637678133653 
4.009e-07      0.6639921722113503 
4.034e-07      0.6798434442270059 
4.059e-07      0.6939334637964776 
4.084e-07      0.7080234833659491 
4.109e-07      0.7203522504892368 
4.134e-07      0.73273515525015 
4.159e-07      0.7450097847358121 
4.184e-07      0.7573385518590998 
4.209e-07      0.7679060665362036 
4.234e-07      0.7784735812133072 
4.259e-07      0.7890410958904109 
4.284e-07      0.7978473581213307 
4.309e-07      0.8066536203522505 
4.334e-07      0.8154598825831703 
4.359e-07      0.8225048923679061 
4.384e-07      0.8295499021526419 
4.409e-07      0.8348336594911938 
4.434e-07      0.8401174168297456 
4.459e-07      0.8454114094690817 
4.484e-07      0.8489236790606653 
4.509e-07      0.8524461839530333 
4.534e-07      0.854183437511835 
4.559e-07      0.8559686888454012 
4.584e-07      0.8576997584358312 
4.609e-07      0.8577299412915852 
4.634e-07      0.8560086835031545 
4.659e-07      0.8559686888454012 
4.684e-07      0.8524461839530333 
4.709e-07      0.8506849315068493 
4.734e-07      0.8471624266144815 
4.759e-07      0.8418786692759296 
4.784e-07      0.8365949119373777 
4.809e-07      0.8313111545988259 
4.834e-07      0.82426614481409 
4.859e-07      0.8172211350293542 
4.884e-07      0.8101761252446184 
4.909e-07      0.8013698630136986 
4.934e-07      0.7925636007827789 
4.959e-07      0.7819960861056752 
4.984e-07      0.7714285714285714 
5.009e-07      0.7608610567514678 
5.034e-07      0.7502935420743641 
5.059e-07      0.7379647749510764 
5.084000000000001e-07 0.7256360078277887 
5.109000000000001e-07 0.7115459882583171 
5.134e-07      0.6974559686888455 
5.159e-07      0.6833659491193738 
5.184e-07      0.6692759295499021 
5.209000000000001e-07 0.6551859099804306 
5.234e-07      0.6393236923406742 
5.259e-07      0.6234833659491195 
5.284e-07      0.6076320939334638 
5.309000000000001e-07 0.5917808219178082 
5.334000000000001e-07 0.5741682974559688 
5.359e-07      0.5583170254403131 
5.384e-07      0.5407045009784736 
5.409e-07      0.5230919765166341 
5.434000000000001e-07 0.5072407045009785 
5.459e-07      0.489628180039139 
5.484e-07      0.4720156555772995 
5.509e-07      0.3872254881831683 
5.534000000000001e-07 0.4367906066536204 
5.559e-07      0.4191780821917809 
5.584e-07      0.4015655577299413 
5.609e-07      0.3839530332681018 
5.634e-07      0.3663405088062623 
5.659000000000001e-07 0.3504358184428716 
5.684e-07      0.3328767123287671 
5.709e-07      0.3170254403131115 
5.734e-07      0.299412915851272 
5.759000000000001e-07 0.2835616438356164 
5.784e-07      0.2677467891311666 
5.809e-07      0.251812534502084 
5.834e-07      0.2377690802348336 
5.859000000000001e-07 0.2219178082191781 
5.884000000000001e-07 0.2078277886497065 
5.909e-07      0.1937377690802348 
5.934e-07      0.1814090019569472 
5.959e-07      0.1673189823874755 
5.984000000000001e-07 0.1567514677103719 
6.009e-07      0.1444227005870841 
6.034e-07      0.1320651764785633 
6.059e-07      0.1215264187866928 
6.084000000000001e-07 0.112720156555773 
6.109000000000001e-07 0.1021526418786693 
6.134e-07      0.09334637964774951 
6.159e-07      0.0863013698630137 
6.184e-07      0.0775278963989163 
6.209000000000001e-07 0.07221135029354207 
6.234e-07      0.06516634050880626 
6.259e-07      0.0598825831702544 
6.284e-07      0.05457356349182296 
6.309000000000001e-07 0.05107632093933464 
6.334e-07      0.04755381604696673 
6.359e-07      0.04580090911623759 
6.384e-07      0.04403131115459882 
6.409000000000001e-07 0.04227560190534493 
6.434000000000001e-07 0.04227005870841487 
6.459e-07      0.0440076252543093 
6.484e-07      0.04403131115459882 
6.509e-07      0.04579256360078279 
6.534000000000001e-07 0.04931506849315068 
6.559e-07      0.05283757338551859 
6.584e-07      0.0563600782778865 
6.609e-07      0.06164383561643835 
6.634000000000001e-07 0.06692759295499022 
6.659000000000001e-07 0.07397260273972603 
6.684e-07      0.08101761252446184 
6.709e-07      0.08806262230919765 
6.734e-07      0.09686888454011741 
6.759000000000001e-07 0.1056751467710372 
6.784e-07      0.1162426614481409 
6.809e-07      0.1268101761252446 
6.834e-07      0.1373776908023484 
6.859000000000001e-07 0.1479452054794521 
6.884e-07      0.1602739726027397 
6.909e-07      0.1726409409602614 
6.934e-07      0.186692759295499 
6.959e-07      0.1990215264187867 
6.984000000000001e-07 0.2131115459882583 
7.009e-07      0.2289628180039139 
7.034e-07      0.2430528375733855 
7.059e-07      0.2588684303577871 
7.084000000000001e-07 0.2747553816046967 
7.109e-07      0.2905663397943947 
7.134e-07      0.3064579256360078 
7.159e-07      0.3222707494299559 
7.184000000000001e-07 0.339921722113503 
7.209000000000001e-07 0.3557729941291585 
7.234e-07      0.3733855185909981 
7.259e-07      0.3909980430528376 
7.284e-07      0.4086105675146771 
7.309000000000001e-07 0.4262230919765166 
7.334e-07      0.5087034362294467 
7.359e-07      0.4614928233476272 
7.384e-07      0.4790606653620352 
7.409000000000001e-07 0.4966731898238748 
7.434000000000001e-07 0.5142857142857143 
7.459e-07      0.53013698630137 
7.484e-07      0.5477495107632094 
7.509e-07      0.565362035225049 
7.534000000000001e-07 0.5812133072407045 
7.559e-07      0.598825831702544 
7.584e-07      0.6146771037181996 
7.609e-07      0.6305283757338551 
7.634000000000001e-07 0.6446183953033269 
7.659e-07      0.6604289461692678 
7.684e-07      0.674559686888454 
7.709e-07      0.6904109589041096 
7.734000000000001e-07 0.7045009784735812 
7.759000000000001e-07 0.716829745596869 
7.784e-07      0.7291585127201566 
7.809e-07      0.7414872798434443 
7.834e-07      0.7538160469667319 
7.859000000000001e-07 0.7661448140900196 
7.884e-07      0.7767123287671234 
7.909e-07      0.7872798434442271 
7.934e-07      0.7960861056751468 
7.959000000000001e-07 0.8048923679060666 
7.984000000000001e-07 0.8136986301369863 
8.009e-07      0.8207436399217222 
8.034e-07      0.8277886497064579 
8.059e-07      0.8348336594911938 
8.084000000000001e-07 0.8401174168297456 
8.109e-07      0.8436399217221136 
8.134e-07      0.8489510778839512 
8.159e-07      0.8506406256327967 
8.184000000000001e-07 0.8542074363992173 
8.209000000000001e-07 0.8559686888454012 
8.234e-07      0.8576942071899191 
8.259e-07      0.8577299412915852 
8.284e-07      0.8577299412915852 
8.309000000000001e-07 0.8559983698186244 
8.334e-07      0.8542074363992173 
8.359e-07      0.8506849315068493 
8.384e-07      0.8471624266144815 
8.409000000000001e-07 0.8436399217221136 
8.434e-07      0.8383561643835618 
8.459e-07      0.8330724070450097 
8.484e-07      0.8277886497064579 
8.509000000000001e-07 0.8207436399217222 
8.534000000000001e-07 0.8119373776908024 
8.559e-07      0.8048923679060666 
8.584e-07      0.7960861056751468 
8.609e-07      0.7855185909980431 
8.634000000000001e-07 0.7749510763209393 
8.659e-07      0.7643835616438357 
8.684e-07      0.7519955479417669 
8.709e-07      0.7414872798434443 
8.734000000000001e-07 0.7291585127201566 
8.759000000000001e-07 0.715068493150685 
8.784e-07      0.7026902105690331 
8.809e-07      0.6886497064579257 
8.834e-07      0.6727984344422701 
8.859000000000001e-07 0.6587084148727985 
8.884e-07      0.6428571428571429 
8.909e-07      0.6287671232876713 
8.934e-07      0.6111545988258317 
8.959000000000001e-07 0.5953033268101761 
8.984000000000001e-07 0.5794520547945206 
9.009e-07      0.5636007827788649 
9.034e-07      0.5459882583170255 
9.059000000000001e-07 0.5283757338551859 
9.084000000000001e-07 0.5107632093933464 
9.109e-07      0.4949119373776908 
9.134e-07      0.4772994129158513 
9.159e-07      0.3935416922524252 
9.184000000000001e-07 0.4420743639921722 
9.209e-07      0.4244618395303327 
9.234e-07      0.4068493150684931 
9.259e-07      0.3892367906066536 
9.284000000000001e-07 0.3716242661448141 
9.309000000000001e-07 0.3540117416829746 
9.334e-07      0.336399217221135 
9.359e-07      0.3205479452054795 
9.384e-07      0.3046966731898239 
9.409000000000001e-07 0.2888454011741683 
9.434e-07      0.2729941291585127 
9.459e-07      0.2571428571428572 
9.484e-07      0.2412915851272016 
9.509000000000001e-07 0.22720156555773 
9.534000000000001e-07 0.2131115459882583 
9.559e-07      0.1990215264187867 
9.584e-07      0.1849315068493151 
9.609e-07      0.1726027397260274 
9.634e-07      0.1585127201565558 
9.658999999999999e-07 0.1479452054794521 
9.683999999999999e-07 0.1355877628322199 
9.708999999999999e-07 0.1250489236790607 
9.734000000000001e-07 0.1144814090019569 
9.759e-07      0.1056751467710372 
9.784e-07      0.09686888454011741 
9.809e-07      0.08806262230919765 
9.834e-07      0.08101761252446184 
9.859e-07      0.07397260273972603 
9.884000000000001e-07 0.06692759295499022 
9.909000000000001e-07 0.06164383561643835 
9.934000000000001e-07 0.0563600782778865 
9.959000000000001e-07 0.05283757338551859 
9.984e-07      0.04931506849315068 
1.0009e-06     0.04579256360078279 
1.0034e-06     0.04403131115459882 
1.0059e-06     0.04228694801227356 
1.0084e-06     0.04227005870841487 
1.0109e-06     0.04227005870841487 
1.0134e-06     0.04402978115679842 
1.0159e-06     0.04579256360078279 
1.0184e-06     0.04753694390939785 
1.0209e-06     0.05107632093933464 
1.0234e-06     0.0563600782778865 
1.0259e-06     0.0598825831702544 
1.0284e-06     0.06516634050880626 
1.0309e-06     0.07221135029354207 
1.0334e-06     0.07925636007827788 
1.0359e-06     0.0863013698630137 
1.0384e-06     0.09510763209393347 
1.0409e-06     0.1039138943248532 
1.0434e-06     0.112720156555773 
1.0459e-06     0.1232876712328767 
1.0484e-06     0.1338551859099804 
1.0509e-06     0.1444227005870841 
1.0534e-06     0.1567514677103719 
1.0559e-06     0.1691042494763398 
1.0584e-06     0.1831702544031311 
1.0609e-06     0.1954990215264188 
1.0634e-06     0.2095890410958904 
1.0659e-06     0.225440313111546 
1.0684e-06     0.2395303326810176 
1.0709e-06     0.2536203522504892 
1.0734e-06     0.2694716242661448 
1.0759e-06     0.2853228962818004 
1.0784e-06     0.301174168297456 
1.0809e-06     0.3187866927592955 
1.0834e-06     0.3346379647749511 
1.0859e-06     0.3522504892367906 
1.0884e-06     0.3680611382779143 
1.0909e-06     0.3857142857142857 
1.0934e-06     0.4033268101761253 
1.0959e-06     0.4209393346379648 
1.0984e-06     0.5042488174433796 
1.1009e-06     0.4561643835616438 
1.1034e-06     0.4737769080234834 
1.1059e-06     0.4913894324853229 
1.1084e-06     0.5090019569471624 
1.1109e-06     0.5248532289628179 
1.1134e-06     0.5424657534246575 
1.1159e-06     0.560078277886497 
1.1184e-06     0.5776908023483366 
1.1209e-06     0.5935066583914788 
1.1234e-06     0.6093933463796478 
1.1259e-06     0.6252052416497951 
1.1284e-06     0.6410958904109589 
1.1309e-06     0.65688536127144 
1.1334e-06     0.6710371819960862 
1.1359e-06     0.6851272015655577 
1.1384e-06     0.6992172211350294 
1.1409e-06     0.713307240704501 
1.1434e-06     0.7256360078277887 
1.1459e-06     0.7397260273972602 
1.1484e-06     0.7502935420743641 
1.1509e-06     0.7626223091976516 
1.1534e-06     0.7731898238747554 
1.1559e-06     0.7837573385518591 
1.1584e-06     0.7925636007827789 
1.1609e-06     0.8031311154598827 
1.1634e-06     0.8101761252446184 
1.1659e-06     0.8189553436714007 
1.1684e-06     0.826027397260274 
1.1709e-06     0.8330724070450097 
1.1734e-06     0.8383561643835618 
1.1759e-06     0.8436399217221136 
1.1784e-06     0.8471624266144815 
1.1809e-06     0.8506849315068493 
1.1834e-06     0.8542074363992173 
1.1859e-06     0.8559686888454012 
1.1884e-06     0.8559686888454012 
1.1909e-06     0.8577029866285211 
1.1934e-06     0.8577299412915852 
1.1959e-06     0.8559987005486973 
1.1984e-06     0.8542074363992173 
1.2009e-06     0.852469084658929 
1.2034e-06     0.8489236790606653 
1.2059e-06     0.8454011741682974 
1.2084e-06     0.8400882293349848 
1.2109e-06     0.8348336594911938 
1.2134e-06     0.8295499021526419 
1.2159e-06     0.8225048923679061 
1.2184e-06     0.8154598825831703 
1.2209e-06     0.8066536203522505 
1.2234e-06     0.7978473581213307 
1.2259e-06     0.7872798434442271 
1.2284e-06     0.7784735812133072 
1.2309e-06     0.7679060665362036 
1.2334e-06     0.7555239472612791 
1.2359e-06     0.7450097847358121 
1.2384e-06     0.7326810176125246 
1.2409e-06     0.7185909980430528 
1.2434e-06     0.7062622309197653 
1.2459e-06     0.6921722113502935 
1.2484e-06     0.678082191780822 
1.2509e-06     0.6639921722113503 
1.2534e-06     0.6481409001956947 
1.2559e-06     0.6322314202168743 
1.2584e-06     0.6164886210341517 
1.2609e-06     0.6005870841487281 
1.2634e-06     0.5847848705366613 
1.2659e-06     0.5671232876712329 
1.2684e-06     0.5512720156555773 
1.2709e-06     0.5336594911937378 
1.2734e-06     0.5160469667318982 
1.2759e-06     0.4984344422700587 
1.2784e-06     0.4825831702544031 
1.2809e-06     0.4009633771471742 
1.2834e-06     0.4473581213307241 
1.2859e-06     0.4297455968688845 
1.2884e-06     0.412133072407045 
1.2909e-06     0.3945205479452055 
1.2934e-06     0.3769080234833659 
1.2959e-06     0.3592954990215264 
1.2984e-06     0.3434442270058709 
1.3009e-06     0.3258317025440313 
1.3034e-06     0.3099804305283758 
1.3059e-06     0.2923679060665362 
1.3084e-06     0.2765166340508807 
1.3109e-06     0.2606653620352251 
1.3134e-06     0.2465753424657534 
1.3159e-06     0.2307240704500979 
1.3184e-06     0.2166340508806262 
1.3209e-06     0.2025440313111546 
1.3234e-06     0.188454011741683 
1.3259e-06     0.1761252446183953 
1.3284e-06     0.1620352250489237 
1.3309e-06     0.15146771037182 
1.3334e-06     0.1391104957706273 
1.3359e-06     0.1285714285714286 
1.3384e-06     0.1180039138943249 
1.3409e-06     0.1074363992172211 
1.3434e-06     0.09863013698630137 
1.3459e-06     0.0898238747553816 
1.3484e-06     0.08277886497064581 
1.3509e-06     0.07573385518590998 
1.3534e-06     0.06868884540117418 
1.3559e-06     0.06340508806262231 
1.3584e-06     0.05812133072407045 
1.3609e-06     0.05283757338551859 
1.3634e-06     0.04931506849315068 
1.3659e-06     0.04755381604696673 
1.3684e-06     0.04403131115459882 
1.3709e-06     0.04403131115459882 
1.3734e-06     0.04227466298247258 
1.3759e-06     0.04227005870841487 
1.3784e-06     0.04402746420728894 
1.3809e-06     0.04579256360078279 
1.3834e-06     0.04754629630199665 
1.3859e-06     0.05107632093933464 
1.3884e-06     0.05459882583170255 
1.3909e-06     0.05990277272928216 
1.3934e-06     0.06516634050880626 
1.3959e-06     0.07045009784735812 
1.3984e-06     0.07749510763209394 
1.4009e-06     0.08454011741682975 
1.4034e-06     0.09158512720156557 
1.4059e-06     0.1003913894324853 
1.4084e-06     0.110958904109589 
1.4109e-06     0.1197651663405088 
1.4134e-06     0.1303326810176125 
1.4159e-06     0.1426614481409002 
1.4184e-06     0.1532289628180039 
1.4209e-06     0.1655577299412916 
1.4234e-06     0.1796477495107632 
1.4259e-06     0.1919765166340509 
1.4284e-06     0.2060665362035225 
1.4309e-06     0.2201565557729941 
1.4334e-06     0.2342465753424658 
1.4359e-06     0.2500978473581214 
1.4384e-06     0.2658964522300716 
1.4409e-06     0.2818003913894325 
1.4434e-06     0.297651663405088 
1.4459e-06     0.3135029354207437 
1.4484e-06     0.3293542074363993 
1.4509e-06     0.3469667318982388 
1.4534e-06     0.3645792563600783 
1.4559e-06     0.3804848352981145 
1.4584e-06     0.3980430528375734 
1.4609e-06     0.4156555772994129 
1.4634e-06     0.4945341800091117 
1.4659e-06     0.450880626223092 
1.4684e-06     0.4684931506849315 
1.4709e-06     0.4861056751467711 
1.4734e-06     0.5037181996086106 
1.4759e-06     0.5213307240704501 
1.4784e-06     0.5371311065404935 
1.4809e-06     0.5547945205479452 
1.4834e-06     0.5724070450097848 
1.4859e-06     0.5882583170254404 
1.4884e-06     0.6040698909856521 
1.4909e-06     0.6199608610567515 
1.4934e-06     0.6358121330724071 
1.4959e-06     0.6516634050880626 
1.4984e-06     0.6675146771037183 
1.5009e-06     0.6816046966731898 
1.5034e-06     0.6956947162426614 
1.5059e-06     0.7097847358121331 
1.5084e-06     0.7221135029354208 
1.5109e-06     0.7362035225048923 
1.5134e-06     0.7467710371819961 
1.5159e-06     0.7590998043052838 
1.5184e-06     0.7696673189823875 
1.5209e-06     0.7802348336594912 
1.5234e-06     0.7908023483365949 
1.5259e-06     0.7996086105675148 
1.5284e-06     0.8084148727984345 
1.5309e-06     0.8172211350293542 
1.5334e-06     0.82426614481409 
1.5359e-06     0.8295499021526419 
1.5384e-06     0.8365949119373777 
1.5409e-06     0.8418786692759296 
1.5434e-06     0.8454011741682974 
1.5459e-06     0.8489236790606653 
1.5484e-06     0.8524461839530333 
1.5509e-06     0.8541746479124384 
1.5534e-06     0.8559686888454012 
1.5559e-06     0.8577010391979649 
1.5584e-06     0.8577299412915852 
1.5609e-06     0.8560035610166219 
1.5634e-06     0.8542074363992173 
1.5659e-06     0.8524695564001625 
1.5684e-06     0.8506849315068493 
1.5709e-06     0.8454011741682974 
1.5734e-06     0.8418786692759296 
1.5759e-06     0.8365949119373777 
1.5784e-06     0.8313111545988259 
1.5809e-06     0.82426614481409 
1.5834e-06     0.8172211350293542 
1.5859e-06     0.8084148727984345 
1.5884e-06     0.7996086105675148 
1.5909e-06     0.7908023483365949 
1.5934e-06     0.7802348336594912 
1.5959e-06     0.7714285714285714 
1.5984e-06     0.7590582654696136 
1.6009e-06     0.7485322896281801 
1.6034e-06     0.7362035225048923 
1.6059e-06     0.7238139235474721 
1.6084e-06     0.7097847358121331 
1.6109e-06     0.6956947162426614 
1.6134e-06     0.6816046966731898 
1.6159e-06     0.6675146771037183 
1.6184e-06     0.6516634050880626 
1.6209e-06     0.637573385518591 
1.6234e-06     0.6217221135029354 
1.6259e-06     0.6041095890410959 
1.6284e-06     0.5883194280782309 
1.6309e-06     0.5724070450097848 
1.6334e-06     0.5547945205479452 
1.6359e-06     0.5389432485322897 
1.6384e-06     0.5213307240704501 
1.6409e-06     0.5037181996086106 
1.6434e-06     0.4861056751467711 
1.6459e-06     0.4684931506849315 
1.6484e-06     0.3852453340547282 
1.6509e-06     0.4350293542074364 
1.6534e-06     0.4156555772994129 
1.6559e-06     0.3980430528375734 
1.6584e-06     0.3821917808219178 
1.6609e-06     0.3645792563600783 
1.6634e-06     0.3469667318982388 
1.6659e-06     0.3311154598825832 
1.6684e-06     0.3135029354207437 
1.6709e-06     0.297651663405088 
1.6734e-06     0.2818003913894325 
1.6759e-06     0.2659491193737769 
1.6784e-06     0.2501382996338748 
1.6809e-06     0.2360078277886497 
1.6834e-06     0.2201565557729941 
1.6859e-06     0.2060665362035225 
1.6884e-06     0.1919765166340509 
1.6909e-06     0.1796477495107632 
1.6934e-06     0.1672584966855345 
1.6959e-06     0.1549902152641879 
1.6984e-06     0.1426614481409002 
1.7009e-06     0.1320939334637965 
1.7034e-06     0.1215264187866928 
1.7059e-06     0.110958904109589 
1.7084e-06     0.1021526418786693 
1.7109e-06     0.09334637964774951 
1.7134e-06     0.08454011741682975 
1.7159e-06     0.07749510763209394 
1.7184e-06     0.07045009784735812 
1.7209e-06     0.06516634050880626 
1.7234e-06     0.0598825831702544 
1.7259e-06     0.05458837864072334 
1.7284e-06     0.05107632093933464 
1.7309e-06     0.04755381604696673 
1.7334e-06     0.04580599304985495 
1.7359e-06     0.04403131115459882 
1.7384e-06     0.04227396613179148 
1.7409e-06     0.04227005870841487 
1.7434e-06     0.04402077994617546 
1.7459e-06     0.04403131115459882 
1.7484e-06     0.04755381604696673 
1.7509e-06     0.04931506849315068 
1.7534e-06     0.05283757338551859 
1.7559e-06     0.05812133072407045 
1.7584e-06     0.06340508806262231 
1.7609e-06     0.06868884540117418 
1.7634e-06     0.07573385518590998 
1.7659e-06     0.08277886497064581 
1.7684e-06     0.0898238747553816 
1.7709e-06     0.09863013698630137 
1.7734e-06     0.1074363992172211 
1.7759e-06     0.1180039138943249 
1.7784e-06     0.1285714285714286 
1.7809e-06     0.1391389432485323 
1.7834e-06     0.149706457925636 
1.7859e-06     0.1620352250489237 
1.7884e-06     0.1743045310012511 
1.7909e-06     0.188454011741683 
1.7934e-06     0.2025440313111546 
1.7959e-06     0.2166340508806262 
1.7984e-06     0.2307240704500979 
1.8009e-06     0.2448140900195695 
1.8034e-06     0.2606991137343732 
1.8059e-06     0.2765166340508807 
1.8084e-06     0.2923679060665362 
1.8109e-06     0.3082191780821918 
1.8134e-06     0.3258317025440313 
1.8159e-06     0.3416829745596869 
1.8184e-06     0.3592954990215264 
1.8209e-06     0.3769080234833659 
1.8234e-06     0.3927592954990216 
1.8259e-06     0.4103718199608611 
1.8284e-06     0.4279843444227006 
1.8309e-06     0.5132160878666427 
1.8334e-06     0.4632093933463797 
1.8359e-06     0.4808219178082192 
1.8384e-06     0.4984344422700587 
1.8409e-06     0.5160469667318982 
1.8434e-06     0.5336594911937378 
1.8459e-06     0.5495658581250217 
1.8484e-06     0.5671232876712329 
1.8509e-06     0.5829745596868885 
1.8534e-06     0.6005870841487281 
1.8559e-06     0.6164383561643836 
1.8584e-06     0.6322383162499305 
1.8609e-06     0.6481878658254923 
1.8634e-06     0.6622309197651665 
1.8659e-06     0.678082191780822 
1.8684e-06     0.6921722113502935 
1.8709e-06     0.7062622309197653 
1.8734e-06     0.7185909980430528 
1.8759e-06     0.7326810176125246 
1.8784e-06     0.7432485322896282 
1.8809e-06     0.7555772994129158 
1.8834e-06     0.7679492237660931 
1.8859e-06     0.7784735812133072 
1.8884e-06     0.7872798434442271 
1.8909e-06     0.7978473581213307 
1.8934e-06     0.8066536203522505 
1.8959e-06     0.8136986301369863 
1.8984e-06     0.8224616892764736 
1.9009e-06     0.8277886497064579 
1.9034e-06     0.8348336594911938 
1.9059e-06     0.8401174168297456 
1.9084e-06     0.8454254150895463 
1.9109e-06     0.8489236790606653 
1.9134e-06     0.8524461839530333 
1.9159e-06     0.8541847136861365 
1.9184e-06     0.8559686888454012 
1.9209e-06     0.8576981108387602 
1.9234e-06     0.8577299412915852 
1.9259e-06     0.8560220522164541 
1.9284e-06     0.8559686888454012 
1.9309e-06     0.8542074363992173 
1.9334e-06     0.8506849315068493 
1.9359e-06     0.8471624266144815 
1.9384e-06     0.8436399217221136 
1.9409e-06     0.8383561643835618 
1.9434e-06     0.8330724070450097 
1.9459e-06     0.826027397260274 
1.9484e-06     0.8189823874755382 
1.9509e-06     0.8119373776908024 
1.9534e-06     0.8031311154598827 
1.9559e-06     0.7943248532289628 
1.9584e-06     0.7837573385518591 
1.9609e-06     0.7731898238747554 
1.9634e-06     0.7626223091976516 
1.9659e-06     0.752054794520548 
1.9684e-06     0.7397260273972602 
1.9709e-06     0.727346843120103 
1.9734e-06     0.713307240704501 
1.9759e-06     0.7009784735812132 
1.9784e-06     0.6868884540117417 
1.9809e-06     0.6710371819960862 
1.9834e-06     0.6569471624266144 
1.9859e-06     0.6411455824454657 
1.9884e-06     0.6252446183953033 
1.9909e-06     0.6094486082801674 
1.9934e-06     0.5935420743639922 
1.9959e-06     0.5777179507364881 
1.9984e-06     0.560078277886497 
2.0009e-06     0.5442270058708415 
2.0034e-06     0.526614481409002 
2.0059e-06     0.5090019569471624 
2.0084e-06     0.4913894324853229 
2.0109e-06     0.4737769080234834 
2.0134e-06     0.3914307120480789 
2.0159e-06     0.4384901969398576 
2.0184e-06     0.4209393346379648 
2.0209e-06     0.4033268101761253 
2.0234e-06     0.3857142857142857 
2.0259e-06     0.3698630136986301 
2.0284e-06     0.3522504892367906 
2.0309e-06     0.3346379647749511 
2.0334e-06     0.3187866927592955 
2.0359e-06     0.303004050294591 
2.0384e-06     0.2853228962818004 
2.0409e-06     0.2694716242661448 
2.0434e-06     0.2553816046966732 
2.0459e-06     0.2395484737210465 
2.0484e-06     0.225440313111546 
2.0509e-06     0.2095890410958904 
2.0534e-06     0.1972602739726027 
2.0559e-06     0.1831702544031311 
2.0584e-06     0.1708414872798434 
2.0609e-06     0.1585127201565558 
2.0634e-06     0.1461839530332681 
2.0659e-06     0.1338551859099804 
2.0684e-06     0.1232876712328767 
2.0709e-06     0.112720156555773 
2.0734e-06     0.1039138943248532 
2.0759e-06     0.09510763209393347 
2.0784e-06     0.0863013698630137 
2.0809e-06     0.07925636007827788 
2.0834e-06     0.07221135029354207 
2.0859e-06     0.06516634050880626 
2.0884e-06     0.0598825831702544 
2.0909e-06     0.0563600782778865 
2.0934e-06     0.05106349446820349 
2.0959e-06     0.0493449119745956 
2.0984e-06     0.04579256360078279 
2.1009e-06     0.04403131115459882 
2.1034e-06     0.04227921926872155 
2.1059e-06     0.04227005870841487 
2.1084e-06     0.04227005870841487 
2.1109e-06     0.04402922490337513 
2.1134e-06     0.04579256360078279 
2.1159e-06     0.04931506849315068 
2.1184e-06     0.05283757338551859 
2.1209e-06     0.0563600782778865 
2.1234e-06     0.06164383561643835 
2.1259e-06     0.06692759295499022 
2.1284e-06     0.07221135029354207 
2.1309e-06     0.07925636007827788 
2.1334e-06     0.08806262230919765 
2.1359e-06     0.09510763209393347 
2.1384e-06     0.1039138943248532 
2.1409e-06     0.1144814090019569 
2.1434e-06     0.1250489236790607 
2.1459e-06     0.1356164383561644 
2.1484e-06     0.1479880523863449 
2.1509e-06     0.1585127201565558 
2.1534e-06     0.1708414872798434 
2.1559e-06     0.1849315068493151 
2.1584e-06     0.1972966562234564 
2.1609e-06     0.2113502935420744 
2.1634e-06     0.22720156555773 
2.1659e-06     0.2412915851272016 
2.1684e-06     0.2571428571428572 
2.1709e-06     0.2712328767123288 
2.1734e-06     0.2888454011741683 
2.1759e-06     0.3046966731898239 
2.1784e-06     0.3205479452054795 
2.1809e-06     0.336399217221135 
2.1834e-06     0.3540117416829746 
2.1859e-06     0.3716242661448141 
2.1884e-06     0.3892367906066536 
2.1909e-06     0.4050880626223092 
2.1934e-06     0.4227005870841487 
2.1959e-06     0.5067433116260825 
2.1984e-06     0.4579256360078278 
2.2009e-06     0.4755381604696673 
2.2034e-06     0.4931506849315068 
2.2059e-06     0.5107632093933464 
2.2084e-06     0.5283757338551859 
2.2109e-06     0.5459882583170255 
2.2134e-06     0.5636007827788649 
2.2159e-06     0.5794520547945206 
2.2184e-06     0.5953033268101761 
2.2209e-06     0.6111545988258317 
2.2234e-06     0.6270058708414874 
2.2259e-06     0.6428571428571429 
2.2284e-06     0.6587084148727985 
2.2309e-06     0.6727984344422701 
2.2334e-06     0.6868884540117417 
2.2359e-06     0.7009784735812132 
2.2384e-06     0.715068493150685 
2.2409e-06     0.7273972602739726 
2.2434e-06     0.7414872798434443 
2.2459e-06     0.752054794520548 
2.2484e-06     0.7644275448073102 
2.2509e-06     0.7749510763209393 
2.2534e-06     0.7855185909980431 
2.2559e-06     0.7942986484213109 
2.2584e-06     0.8031311154598827 
2.2609e-06     0.8119373776908024 
2.2634e-06     0.8189823874755382 
2.2659e-06     0.826027397260274 
2.2684e-06     0.8330724070450097 
2.2709e-06     0.8383561643835618 
2.2734e-06     0.8436399217221136 
2.2759e-06     0.8471624266144815 
2.2784e-06     0.8506849315068493 
2.2809e-06     0.8542074363992173 
2.2834e-06     0.8559686888454012 
2.2859e-06     0.8576868681521232 
2.2884e-06     0.8577299412915852 
2.2909e-06     0.8577299412915852 
2.2934e-06     0.8559954231003716 
2.2959e-06     0.8542074363992173 
2.2984e-06     0.8524784749648294 
2.3009e-06     0.8489236790606653 
2.3034e-06     0.8436151999084113 
2.3059e-06     0.8401174168297456 
2.3084e-06     0.8348336594911938 
2.3109e-06     0.8277886497064579 
2.3134e-06     0.8207436399217222 
2.3159e-06     0.8136986301369863 
2.3184e-06     0.8048923679060666 
2.3209e-06     0.7960861056751468 
2.3234e-06     0.7872798434442271 
2.3259e-06     0.7767123287671234 
2.3284e-06     0.7661448140900196 
2.3309e-06     0.7555772994129158 
2.3334e-06     0.7432485322896282 
2.3359e-06     0.7308705370347766 
2.3384e-06     0.716829745596869 
2.3409e-06     0.7045009784735812 
2.3434e-06     0.6904109589041096 
2.3459e-06     0.674559686888454 
2.3484e-06     0.6604696673189824 
2.3509e-06     0.6463796477495107 
2.3534e-06     0.6305283757338551 
2.3559e-06     0.6146771037181996 
2.3584e-06     0.598825831702544 
2.3609e-06     0.5812133072407045 
2.3634e-06     0.565362035225049 
2.3659e-06     0.5477495107632094 
2.3684e-06     0.5319510289472744 
2.3709e-06     0.5142857142857143 
2.3734e-06     0.4966731898238748 
2.3759e-06     0.4790606653620352 
2.3784e-06     0.3962839028690122 
2.3809e-06     0.4438356164383562 
2.3834e-06     0.4262230919765166 
2.3859e-06     0.4086105675146771 
2.3884e-06     0.3909980430528376 
2.3909e-06     0.375146771037182 
2.3934e-06     0.3575342465753425 
2.3959e-06     0.339921722113503 
2.3984e-06     0.3223091976516634 
2.4009e-06     0.3065076094127927 
2.4034e-06     0.2906066536203523 
2.4059e-06     0.2747947319587034 
2.4084e-06     0.2589041095890411 
2.4109e-06     0.2431031190677694 
2.4134e-06     0.2289628180039139 
2.4159e-06     0.2148727984344423 
2.4184e-06     0.2007827788649707 
2.4209e-06     0.186692759295499 
2.4234e-06     0.1743639921722114 
2.4259e-06     0.1602739726027397 
2.4284e-06     0.149706457925636 
2.4309e-06     0.1373776908023484 
2.4334e-06     0.1268101761252446 
2.4359e-06     0.1162426614481409 
2.4384e-06     0.1074363992172211 
2.4409e-06     0.09686888454011741 
2.4434e-06     0.0898238747553816 
2.4459e-06     0.08104670588102218 
2.4484e-06     0.07397260273972603 
2.4509e-06     0.06692759295499022 
2.4534e-06     0.06164383561643835 
2.4559e-06     0.0563600782778865 
2.4584e-06     0.05283757338551859 
2.4609e-06     0.04931506849315068 
2.4634e-06     0.04579256360078279 
2.4659e-06     0.04403131115459882 
2.4684e-06     0.04403131115459882 
2.4709e-06     0.04227050108458786 
2.4734e-06     0.04227005870841487 
2.4759e-06     0.04402901713937563 
2.4784e-06     0.04579256360078279 
2.4809e-06     0.04754597089661031 
2.4834e-06     0.05107632093933464 
2.4859e-06     0.05459882583170255 
2.4884e-06     0.05988538063567651 
2.4909e-06     0.06516634050880626 
2.4934e-06     0.07045009784735812 
2.4959e-06     0.07749510763209394 
2.4984e-06     0.08454011741682975 
2.5009e-06     0.09334637964774951 
2.5034e-06     0.1021526418786693 
2.5059e-06     0.112720156555773 
2.5084e-06     0.1215264187866928 
2.5109e-06     0.1320939334637965 
2.5134e-06     0.1444624198332592 
2.5159e-06     0.1549902152641879 
2.5184e-06     0.1673189823874755 
2.5209e-06     0.1814090019569472 
2.5234e-06     0.1937377690802348 
2.5259e-06     0.2078277886497065 
2.5284e-06     0.2219178082191781 
2.5309e-06     0.2360078277886497 
2.5334e-06     0.2518590998043053 
2.5359e-06     0.2677526344967639 
2.5384e-06     0.2835373782922231 
2.5409e-06     0.299412915851272 
2.5434e-06     0.3152161887583318 
2.5459e-06     0.3328767123287671 
2.5484e-06     0.3487279843444228 
2.5509e-06     0.3663405088062623 
2.5534e-06     0.3839530332681018 
2.5559e-06     0.4015655577299413 
2.5584e-06     0.4174168297455969 
2.5609e-06     0.4989360463617766 
2.5634e-06     0.452641878669276 
2.5659e-06     0.4702544031311155 
2.5684e-06     0.487866927592955 
2.5709e-06     0.5054794520547945 
2.5734e-06     0.5230919765166341 
2.5759e-06     0.5407045009784736 
2.5784e-06     0.5583170254403131 
2.5809e-06     0.5741682974559688 
2.5834e-06     0.5900195694716243 
2.5859e-06     0.6076320939334638 
