
time (s)       VT("/out") (V)


2.81e-08       0.6234833659491195 
3.06e-08       0.639334637964775 
3.31e-08       0.6534246575342466 
3.56e-08       0.6692759295499021 
3.81e-08       0.6833659491193738 
4.06e-08       0.6974559686888455 
4.31e-08       0.7115459882583171 
4.56e-08       0.7238747553816047 
4.81e-08       0.7379647749510764 
5.06e-08       0.7485322896281801 
5.31e-08       0.7614211750953588 
5.56e-08       0.7714285714285714 
5.81e-08       0.7819960861056752 
6.06e-08       0.7925636007827789 
6.31e-08       0.8013698630136986 
6.560000000000001e-08 0.8101761252446184 
6.810000000000001e-08 0.8172211350293542 
7.060000000000001e-08 0.82426614481409 
7.31e-08       0.8313111545988259 
7.56e-08       0.8356962169281958 
7.809999999999999e-08 0.8418786692759296 
8.059999999999999e-08 0.8471624266144815 
8.31e-08       0.8503847475149392 
8.56e-08       0.8524461839530333 
8.81e-08       0.855621116510715 
9.06e-08       0.8559686888454012 
9.310000000000001e-08 0.8571734422827691 
9.560000000000001e-08 0.8577299412915852 
9.810000000000001e-08 0.8565264920580861 
1.006e-07      0.8542074363992173 
1.031e-07      0.8529971538240331 
1.056e-07      0.8489236790606653 
1.081e-07      0.8457015850016966 
1.106e-07      0.8395452781052151 
1.131e-07      0.8348336594911938 
1.156e-07      0.8295499021526419 
1.181e-07      0.8225048923679061 
1.206e-07      0.8154598825831703 
1.231e-07      0.8084148727984345 
1.256e-07      0.7996086105675148 
1.281e-07      0.7890410958904109 
1.306e-07      0.7802348336594912 
1.331e-07      0.7696673189823875 
1.356e-07      0.7573385518590998 
1.381e-07      0.7467710371819961 
1.406e-07      0.7344422700587084 
1.431e-07      0.7203522504892368 
1.456e-07      0.7080234833659491 
1.481e-07      0.6939334637964776 
1.506e-07      0.6798434442270059 
1.531e-07      0.6657534246575342 
1.556e-07      0.6499021526418787 
1.581e-07      0.6346318817042648 
1.606e-07      0.6181996086105676 
1.631e-07      0.6023483365949119 
1.656e-07      0.5864970645792563 
1.681e-07      0.5706457925636008 
1.706e-07      0.5530332681017613 
1.731e-07      0.5354207436399218 
1.756e-07      0.5189884184802809 
1.781e-07      0.5023136576285085 
1.806e-07      0.4843444227005871 
1.831e-07      0.4667318982387476 
1.856e-07      0.449119373776908 
1.881e-07      0.4315068493150685 
1.906e-07      0.413894324853229 
1.931e-07      0.3962818003913894 
1.956e-07      0.3786692759295499 
1.981e-07      0.3634142797798199 
2.006e-07      0.3452054794520548 
2.031e-07      0.3275929549902153 
2.056e-07      0.3117416829745597 
2.081e-07      0.2964485722423387 
2.106e-07      0.2800391389432485 
2.131e-07      0.2641878669275929 
2.156e-07      0.2483365949119374 
2.181e-07      0.2324853228962818 
2.206e-07      0.2183953033268102 
2.231e-07      0.2043052837573386 
2.256e-07      0.1902152641878669 
2.281e-07      0.1778864970645793 
2.306e-07      0.1655577299412916 
2.331e-07      0.1532289628180039 
2.356e-07      0.1409001956947162 
2.381e-07      0.1303326810176125 
2.406e-07      0.1197651663405088 
2.431e-07      0.1091976516634051 
2.456e-07      0.1003913894324853 
2.481e-07      0.09158512720156557 
2.506e-07      0.08277886497064581 
2.531e-07      0.07573385518590998 
2.556e-07      0.07136244714336058 
2.581e-07      0.06340508806262231 
2.606e-07      0.05812133072407045 
2.631e-07      0.05459882583170255 
2.656e-07      0.05136414329443581 
2.681e-07      0.04755381604696673 
2.706e-07      0.04634104822235862 
2.731e-07      0.04403131115459882 
2.756e-07      0.04280355814950301 
2.781e-07      0.04227005870841487 
2.806e-07      0.04349681627865636 
2.831e-07      0.04579256360078279 
2.856e-07      0.04701428817165053 
2.881e-07      0.04931506849315068 
2.906e-07      0.05375932576546169 
2.931e-07      0.05812133072407045 
2.956e-07      0.06340508806262231 
2.981e-07      0.06782689750533909 
3.006e-07      0.07573385518590998 
3.031e-07      0.08277886497064581 
3.056e-07      0.09158512720156557 
3.081e-07      0.1003913894324853 
3.106e-07      0.1091976516634051 
3.131e-07      0.1200981270837005 
3.156e-07      0.1285714285714286 
3.181e-07      0.1414456242099615 
3.206e-07      0.15146771037182 
3.231e-07      0.1637964774951076 
3.256e-07      0.1767074520825571 
3.281e-07      0.1902152641878669 
3.306e-07      0.2043052837573386 
3.331e-07      0.2183953033268102 
3.356e-07      0.2324853228962818 
3.381e-07      0.2483365949119374 
3.406e-07      0.262426614481409 
3.431e-07      0.2782778864970646 
3.456e-07      0.2958904109589041 
3.481e-07      0.3111671639056277 
3.506e-07      0.3275929549902153 
3.531e-07      0.3452054794520548 
3.556e-07      0.3610567514677104 
3.581e-07      0.3786692759295499 
3.606e-07      0.3962818003913894 
3.631e-07      0.413894324853229 
3.656e-07      0.4315068493150685 
3.681e-07      0.4473581213307241 
3.706e-07      0.4649706457925636 
3.731e-07      0.4843444227005871 
3.756e-07      0.5019569471624267 
3.781e-07      0.5178082191780823 
3.806e-07      0.5354207436399218 
3.831e-07      0.5530332681017613 
3.856e-07      0.5683170644990774 
3.881e-07      0.5864970645792563 
3.906e-07      0.6023483365949119 
3.931e-07      0.6181996086105676 
3.956e-07      0.6340508806262231 
3.981e-07      0.64933539207951 
4.006e-07      0.6639921722113503 
4.031e-07      0.6798434442270059 
4.056e-07      0.6939334637964776 
4.081e-07      0.7080234833659491 
4.106e-07      0.7203522504892368 
4.131e-07      0.7332635309840051 
4.156e-07      0.7447435186942541 
4.181e-07      0.7573385518590998 
4.206e-07      0.7679060665362036 
4.231e-07      0.7784735812133072 
4.256e-07      0.7890410958904109 
4.281e-07      0.7978473581213307 
4.306e-07      0.8066536203522505 
4.331e-07      0.8154598825831703 
4.356e-07      0.8225048923679061 
4.381e-07      0.8295499021526419 
4.406e-07      0.8348336594911938 
4.431e-07      0.8401174168297456 
4.456e-07      0.8459397852029369 
4.481e-07      0.8486190556112856 
4.506e-07      0.8524461839530333 
4.531e-07      0.8536550617779798 
4.556e-07      0.8559686888454012 
4.581e-07      0.8571713827019759 
4.606e-07      0.8577299412915852 
4.631e-07      0.8565370592370097 
4.656e-07      0.8559686888454012 
4.681e-07      0.852761194491804 
4.706e-07      0.8506849315068493 
4.731e-07      0.8474625365576431 
4.756e-07      0.8419743086532147 
4.781e-07      0.8365949119373777 
4.806e-07      0.8322028181599707 
4.831e-07      0.82426614481409 
4.856000000000001e-07 0.8172211350293542 
4.881e-07      0.8101761252446184 
4.906e-07      0.8013698630136986 
4.931e-07      0.7925636007827789 
4.956000000000001e-07 0.7819960861056752 
4.981e-07      0.7714285714285714 
5.006e-07      0.7608610567514678 
5.031e-07      0.7502935420743641 
5.056e-07      0.7379647749510764 
5.081000000000001e-07 0.7256360078277887 
5.106e-07      0.7115459882583171 
5.131e-07      0.6974559686888455 
5.156e-07      0.6833659491193738 
5.181e-07      0.6692759295499021 
5.206e-07      0.6551859099804306 
5.231e-07      0.638795316606819 
5.256e-07      0.6234833659491195 
5.281e-07      0.6076320939334638 
5.306000000000001e-07 0.5917808219178082 
5.331e-07      0.5741682974559688 
5.356e-07      0.5583170254403131 
5.381e-07      0.5407045009784736 
5.406e-07      0.5230919765166341 
5.431e-07      0.5072407045009785 
5.456e-07      0.489628180039139 
5.481e-07      0.4720156555772995 
5.506e-07      0.4544031311154599 
5.531e-07      0.4367906066536204 
5.556e-07      0.4191780821917809 
5.581e-07      0.4015655577299413 
5.606e-07      0.3839530332681018 
5.631e-07      0.3663405088062623 
5.656e-07      0.3499074427090164 
5.681e-07      0.3328767123287671 
5.706e-07      0.3170254403131115 
5.731e-07      0.299412915851272 
5.756e-07      0.2835616438356164 
5.781e-07      0.2682751648650219 
5.806e-07      0.2512841587682287 
5.831e-07      0.2377690802348336 
5.856000000000001e-07 0.2219178082191781 
5.881e-07      0.2078277886497065 
5.906e-07      0.1937377690802348 
5.931e-07      0.1814090019569472 
5.956e-07      0.1673189823874755 
5.981e-07      0.1567514677103719 
6.006e-07      0.1444227005870841 
6.031e-07      0.1315368007447081 
6.056e-07      0.1215264187866928 
6.081000000000001e-07 0.112720156555773 
6.106e-07      0.1021526418786693 
6.131e-07      0.09334637964774951 
6.156e-07      0.0863013698630137 
6.181e-07      0.07805627213277153 
6.206e-07      0.07221135029354207 
6.231e-07      0.06516634050880626 
6.256e-07      0.0598825831702544 
6.281e-07      0.05404518775796773 
6.306e-07      0.05137987676911102 
6.331e-07      0.04755381604696673 
6.356e-07      0.04632928485009281 
6.381e-07      0.04403131115459882 
6.406000000000001e-07 0.04280397763920015 
6.431e-07      0.04227005870841487 
6.456e-07      0.04347924952045407 
6.481e-07      0.04403131115459882 
6.506e-07      0.04579256360078279 
6.531e-07      0.04931506849315068 
6.556e-07      0.05254747001823862 
6.581e-07      0.0563600782778865 
6.606e-07      0.0608271976394034 
6.631000000000001e-07 0.06692759295499022 
6.656e-07      0.07397260273972603 
6.681e-07      0.08101761252446184 
6.706e-07      0.08806262230919765 
6.731e-07      0.09686888454011741 
6.756e-07      0.1056751467710372 
6.781e-07      0.1162426614481409 
6.806e-07      0.1268101761252446 
6.831e-07      0.1373776908023484 
6.856000000000001e-07 0.1479452054794521 
6.881e-07      0.1602739726027397 
6.906e-07      0.1731693166941166 
6.931e-07      0.186692759295499 
6.956e-07      0.1990215264187867 
6.981e-07      0.2131115459882583 
7.006e-07      0.2289628180039139 
7.031e-07      0.2430528375733855 
7.056e-07      0.2583400546239318 
7.081e-07      0.2747553816046967 
7.106e-07      0.2900379640605394 
7.131e-07      0.3064579256360078 
7.156e-07      0.3217423736961007 
7.181000000000001e-07 0.339921722113503 
7.206e-07      0.3557729941291585 
7.231e-07      0.3733855185909981 
7.256e-07      0.3909980430528376 
7.281e-07      0.4086105675146771 
7.306e-07      0.4262230919765166 
7.331e-07      0.4420743639921722 
7.356e-07      0.4620211990814824 
7.381e-07      0.4790606653620352 
7.406000000000001e-07 0.4966731898238748 
7.431e-07      0.5142857142857143 
7.456e-07      0.53013698630137 
7.481e-07      0.5477495107632094 
7.506e-07      0.565362035225049 
7.531e-07      0.5812133072407045 
7.556e-07      0.598825831702544 
7.581e-07      0.6146771037181996 
7.606e-07      0.6305283757338551 
7.631000000000001e-07 0.6446183953033269 
7.656e-07      0.6599005704354127 
7.681e-07      0.674559686888454 
7.706e-07      0.6904109589041096 
7.731000000000001e-07 0.7045009784735812 
7.756e-07      0.716745849364817 
7.781e-07      0.7291585127201566 
7.806e-07      0.7414872798434443 
7.831e-07      0.7538160469667319 
7.856e-07      0.7657982459230978 
7.881e-07      0.7767123287671234 
7.906e-07      0.7872798434442271 
7.931e-07      0.7969635241931931 
7.956000000000001e-07 0.8048923679060666 
7.981e-07      0.8136986301369863 
8.006e-07      0.8207436399217222 
8.031e-07      0.8277886497064579 
8.056e-07      0.8348336594911938 
8.081e-07      0.8401174168297456 
8.106e-07      0.8433158749450975 
8.131e-07      0.8494794536178064 
8.156e-07      0.8501122498989415 
8.181000000000001e-07 0.8542074363992173 
8.206e-07      0.8559686888454012 
8.231e-07      0.8571658314560637 
8.256e-07      0.8577299412915852 
8.281e-07      0.8577299412915852 
8.306e-07      0.8565267455524797 
8.331e-07      0.8542074363992173 
8.356e-07      0.8506849315068493 
8.381e-07      0.8474931383689349 
8.406e-07      0.8436399217221136 
8.431e-07      0.839255389284592 
8.456e-07      0.8330724070450097 
8.481e-07      0.8279863522225965 
8.506000000000001e-07 0.8207436399217222 
8.531e-07      0.8119373776908024 
8.556e-07      0.8048923679060666 
8.581e-07      0.7960861056751468 
8.606e-07      0.7855185909980431 
8.631e-07      0.7749510763209393 
8.656e-07      0.7643835616438357 
8.681e-07      0.7514671722079117 
8.706e-07      0.7414872798434443 
8.731000000000001e-07 0.7291585127201566 
8.756e-07      0.715068493150685 
8.781e-07      0.7021618348351778 
8.806e-07      0.6886497064579257 
8.831e-07      0.6727984344422701 
8.856e-07      0.6587084148727985 
8.881e-07      0.6428571428571429 
8.906e-07      0.6287671232876713 
8.931e-07      0.6111545988258317 
8.956000000000001e-07 0.5953033268101761 
8.981e-07      0.5794520547945206 
9.006e-07      0.5636007827788649 
9.031e-07      0.5459882583170255 
9.056000000000001e-07 0.5283757338551859 
9.081e-07      0.5107632093933464 
9.106e-07      0.4949119373776908 
9.131e-07      0.4772994129158513 
9.156e-07      0.4596868884540117 
9.181e-07      0.4420743639921722 
9.206e-07      0.4244618395303327 
9.231e-07      0.4068493150684931 
9.256e-07      0.3896061239294514 
9.281000000000001e-07 0.3716242661448141 
9.306e-07      0.3540117416829746 
9.331e-07      0.336399217221135 
9.356e-07      0.3205479452054795 
9.381e-07      0.3046966731898239 
9.406e-07      0.2888454011741683 
9.431e-07      0.2729941291585127 
9.456e-07      0.2571428571428572 
9.481e-07      0.2412915851272016 
9.506000000000001e-07 0.22720156555773 
9.531e-07      0.2131115459882583 
9.556e-07      0.1990215264187867 
9.581e-07      0.1849315068493151 
9.606000000000002e-07 0.1726027397260274 
9.631000000000001e-07 0.1585127201565558 
9.656000000000001e-07 0.1479452054794521 
9.681000000000001e-07 0.1350593870983651 
9.706000000000001e-07 0.1250489236790607 
9.731000000000001e-07 0.1144814090019569 
9.756e-07      0.1056751467710372 
9.781e-07      0.09686888454011741 
9.806e-07      0.08806262230919765 
9.831e-07      0.08101761252446184 
9.855999999999999e-07 0.07397260273972603 
9.881000000000001e-07 0.06692759295499022 
9.906000000000001e-07 0.06164383561643835 
9.931000000000001e-07 0.0571363763085745 
9.956e-07      0.05283757338551859 
9.981e-07      0.04962133420294156 
1.0006e-06     0.04579256360078279 
1.0031e-06     0.04403131115459882 
1.0056e-06     0.04281532374612879 
1.0081e-06     0.04227005870841487 
1.0106e-06     0.04227005870841487 
1.0131e-06     0.04350140542294319 
1.0156e-06     0.04579256360078279 
1.0181e-06     0.04700856817554262 
1.0206e-06     0.05107632093933464 
1.0231e-06     0.05687720126562046 
1.0256e-06     0.05961264056577419 
1.0281e-06     0.06516634050880626 
1.0306e-06     0.07221135029354207 
1.0331e-06     0.07925636007827788 
1.0356e-06     0.0863013698630137 
1.0381e-06     0.09510763209393347 
1.0406e-06     0.1039138943248532 
1.0431e-06     0.1135102321502484 
1.0456e-06     0.1232876712328767 
1.0481e-06     0.1338551859099804 
1.0506e-06     0.1444227005870841 
1.0531e-06     0.1567514677103719 
1.0556e-06     0.169632625210195 
1.0581e-06     0.1831702544031311 
1.0606e-06     0.1954253570740729 
1.0631e-06     0.2095890410958904 
1.0656e-06     0.225440313111546 
1.0681e-06     0.2395303326810176 
1.0706e-06     0.2536203522504892 
1.0731e-06     0.2694716242661448 
1.0756e-06     0.2853228962818004 
1.0781e-06     0.301174168297456 
1.0806e-06     0.3187866927592955 
1.0831e-06     0.3346379647749511 
1.0856e-06     0.3522504892367906 
1.0881e-06     0.3675327625440591 
1.0906e-06     0.3857142857142857 
1.0931e-06     0.4033268101761253 
1.0956e-06     0.4209393346379648 
1.0981e-06     0.4385518590998043 
1.1006e-06     0.4561643835616438 
1.1031e-06     0.4737769080234834 
1.1056e-06     0.4913894324853229 
1.1081e-06     0.5090019569471624 
1.1106e-06     0.5248532289628179 
1.1131e-06     0.5424657534246575 
1.1156e-06     0.560078277886497 
1.1181e-06     0.5776908023483366 
1.1206e-06     0.5929782826576235 
1.1231e-06     0.6093933463796478 
1.1256e-06     0.6246768659159398 
1.1281e-06     0.6410958904109589 
1.1306e-06     0.6563569855375848 
1.1331e-06     0.6710371819960862 
1.1356e-06     0.6851272015655577 
1.1381e-06     0.6992172211350294 
1.1406e-06     0.713307240704501 
1.1431e-06     0.7256360078277887 
1.1456e-06     0.7397260273972602 
1.1481e-06     0.7502935420743641 
1.1506e-06     0.7626223091976516 
1.1531e-06     0.7731898238747554 
1.1556e-06     0.7837573385518591 
1.1581e-06     0.7925636007827789 
1.1606e-06     0.8031311154598827 
1.1631e-06     0.8101761252446184 
1.1656e-06     0.8184269679375454 
1.1681e-06     0.826027397260274 
1.1706e-06     0.8330724070450097 
1.1731e-06     0.8383561643835618 
1.1756e-06     0.8427487301324448 
1.1781e-06     0.8471624266144815 
1.1806e-06     0.8503791403486241 
1.1831e-06     0.8542074363992173 
1.1856e-06     0.8559686888454012 
1.1881e-06     0.8559686888454012 
1.1906e-06     0.8571746108946658 
1.1931e-06     0.8577299412915852 
1.1956e-06     0.8565270762825525 
1.1981e-06     0.8542074363992173 
1.2006e-06     0.8529974603927842 
1.2031e-06     0.8489236790606653 
1.2056e-06     0.845714980031673 
1.2081e-06     0.8395598536011296 
1.2106e-06     0.8348336594911938 
1.2131e-06     0.8295499021526419 
1.2156e-06     0.8225048923679061 
1.2181e-06     0.8154598825831703 
1.2206e-06     0.8066536203522505 
1.2231e-06     0.7978473581213307 
1.2256e-06     0.7872798434442271 
1.2281e-06     0.7784735812133072 
1.2306e-06     0.7679060665362036 
1.2331e-06     0.7549955715274239 
1.2356e-06     0.7450097847358121 
1.2381e-06     0.7326818972241871 
1.2406e-06     0.7185909980430528 
1.2431e-06     0.7062622309197653 
1.2456e-06     0.6921722113502935 
1.2481e-06     0.678082191780822 
1.2506e-06     0.6639921722113503 
1.2531e-06     0.6481409001956947 
1.2556e-06     0.6317030444830189 
1.2581e-06     0.6170169967680069 
1.2606e-06     0.6005870841487281 
1.2631e-06     0.5853132462705164 
1.2656e-06     0.5671232876712329 
1.2681e-06     0.5512720156555773 
1.2706e-06     0.5336594911937378 
1.2731e-06     0.5160469667318982 
1.2756e-06     0.4984344422700587 
1.2781e-06     0.4825831702544031 
1.2806e-06     0.4649706457925636 
1.2831e-06     0.4473581213307241 
1.2856e-06     0.4297455968688845 
1.2881e-06     0.412133072407045 
1.2906e-06     0.3945205479452055 
1.2931e-06     0.3769080234833659 
1.2956e-06     0.3592954990215264 
1.2981e-06     0.3434442270058709 
1.3006e-06     0.3258317025440313 
1.3031e-06     0.3099804305283758 
1.3056e-06     0.2923679060665362 
1.3081e-06     0.2765166340508807 
1.3106e-06     0.2606653620352251 
1.3131e-06     0.2465753424657534 
1.3156e-06     0.2307240704500979 
1.3181e-06     0.2166340508806262 
1.3206e-06     0.2025440313111546 
1.3231e-06     0.188454011741683 
1.3256e-06     0.1761252446183953 
1.3281e-06     0.1620352250489237 
1.3306e-06     0.15146771037182 
1.3331e-06     0.1385821200367721 
1.3356e-06     0.1285714285714286 
1.3381e-06     0.1180039138943249 
1.3406e-06     0.1074363992172211 
1.3431e-06     0.09863013698630137 
1.3456e-06     0.0898238747553816 
1.3481e-06     0.08277886497064581 
1.3506e-06     0.07573385518590998 
1.3531e-06     0.06868884540117418 
1.3556e-06     0.06424958861491659 
1.3581e-06     0.05812133072407045 
1.3606e-06     0.05295210064235302 
1.3631e-06     0.04960329050623829 
1.3656e-06     0.04755381604696673 
1.3681e-06     0.04434756370452676 
1.3706e-06     0.04403131115459882 
1.3731e-06     0.0428030387163278 
1.3756e-06     0.04227005870841487 
1.3781e-06     0.04349908847343371 
1.3806e-06     0.04579256360078279 
1.3831e-06     0.04701792056814142 
1.3856e-06     0.05107632093933464 
1.3881e-06     0.05431470715979812 
1.3906e-06     0.06043114846313737 
1.3931e-06     0.06516634050880626 
1.3956e-06     0.07045009784735812 
1.3981e-06     0.07749510763209394 
1.4006e-06     0.08454011741682975 
1.4031e-06     0.09158512720156557 
1.4056e-06     0.1003913894324853 
1.4081e-06     0.110958904109589 
1.4106e-06     0.1206213371051398 
1.4131e-06     0.1303326810176125 
1.4156e-06     0.1426614481409002 
1.4181e-06     0.1532289628180039 
1.4206e-06     0.1655577299412916 
1.4231e-06     0.1796477495107632 
1.4256e-06     0.1919765166340509 
1.4281e-06     0.2060665362035225 
1.4306e-06     0.2201565557729941 
1.4331e-06     0.2342465753424658 
1.4356e-06     0.2500978473581214 
1.4381e-06     0.2653680764962164 
1.4406e-06     0.2818003913894325 
1.4431e-06     0.297651663405088 
1.4456e-06     0.3135029354207437 
1.4481e-06     0.3293542074363993 
1.4506e-06     0.347005291562852 
1.4531e-06     0.3645792563600783 
1.4556e-06     0.3810132110319697 
1.4581e-06     0.3977009909917631 
1.4606e-06     0.4156555772994129 
1.4631e-06     0.4332681017612525 
1.4656e-06     0.450880626223092 
1.4681e-06     0.4684931506849315 
1.4706e-06     0.4861056751467711 
1.4731e-06     0.5037181996086106 
1.4756e-06     0.5213307240704501 
1.4781e-06     0.5366027308066381 
1.4806e-06     0.5547945205479452 
1.4831e-06     0.5724070450097848 
1.4856e-06     0.5882583170254404 
1.4881e-06     0.6035415152517969 
1.4906e-06     0.6199608610567515 
1.4931e-06     0.6358121330724071 
1.4956e-06     0.6516634050880626 
1.4981e-06     0.6675146771037183 
1.5006e-06     0.6816046966731898 
1.5031e-06     0.6956947162426614 
1.5056e-06     0.7097847358121331 
1.5081e-06     0.7221135029354208 
1.5106e-06     0.7362035225048923 
1.5131e-06     0.7467710371819961 
1.5156e-06     0.7590204022776342 
1.5181e-06     0.7696673189823875 
1.5206e-06     0.7802348336594912 
1.5231e-06     0.7908023483365949 
1.5256e-06     0.7996086105675148 
1.5281e-06     0.8084148727984345 
1.5306e-06     0.8172211350293542 
1.5331e-06     0.82426614481409 
1.5356e-06     0.8285769748030992 
1.5381e-06     0.8365949119373777 
1.5406e-06     0.8418786692759296 
1.5431e-06     0.8454011741682974 
1.5456e-06     0.8486213611592145 
1.5481e-06     0.8524461839530333 
1.5506e-06     0.8536462721785831 
1.5531e-06     0.8559686888454012 
1.5556e-06     0.8571726634641097 
1.5581e-06     0.8577299412915852 
1.5606e-06     0.8565319367504771 
1.5631e-06     0.8542074363992173 
1.5656e-06     0.8529979321340179 
1.5681e-06     0.8506849315068493 
1.5706e-06     0.8462671121039957 
1.5731e-06     0.8418786692759296 
1.5756e-06     0.8365949119373777 
1.5781e-06     0.832230606340814 
1.5806e-06     0.82426614481409 
1.5831e-06     0.8172211350293542 
1.5856e-06     0.8084148727984345 
1.5881e-06     0.7996086105675148 
1.5906e-06     0.7908023483365949 
1.5931e-06     0.7802348336594912 
1.5956e-06     0.7714285714285714 
1.5981e-06     0.7585298897357585 
1.6006e-06     0.7485322896281801 
1.6031e-06     0.7362035225048923 
1.6056e-06     0.7232855478136169 
1.6081e-06     0.7097847358121331 
1.6106e-06     0.6956947162426614 
1.6131e-06     0.6816046966731898 
1.6156e-06     0.6675146771037183 
1.6181e-06     0.6516634050880626 
1.6206e-06     0.637573385518591 
1.6231e-06     0.6217221135029354 
1.6256e-06     0.6041095890410959 
1.6281e-06     0.5888478038120861 
1.6306e-06     0.5724070450097848 
1.6331e-06     0.5547945205479452 
1.6356e-06     0.5389432485322897 
1.6381e-06     0.5213307240704501 
1.6406e-06     0.5037181996086106 
1.6431e-06     0.4861056751467711 
1.6456e-06     0.4684931506849315 
1.6481e-06     0.452641878669276 
1.6506e-06     0.4350293542074364 
1.6531e-06     0.4156555772994129 
1.6556e-06     0.3980430528375734 
1.6581e-06     0.3821917808219178 
1.6606e-06     0.3645792563600783 
1.6631e-06     0.3469667318982388 
1.6656e-06     0.3311154598825832 
1.6681e-06     0.3135029354207437 
1.6706e-06     0.297651663405088 
1.6731e-06     0.2818003913894325 
1.6756e-06     0.2659491193737769 
1.6781e-06     0.2506666753677301 
1.6806e-06     0.2360078277886497 
1.6831e-06     0.2201565557729941 
1.6856e-06     0.2060665362035225 
1.6881e-06     0.1919765166340509 
1.6906e-06     0.1796477495107632 
1.6931e-06     0.1667301209516793 
1.6956e-06     0.1552354086483626 
1.6981e-06     0.1426614481409002 
1.7006e-06     0.1320939334637965 
1.7031e-06     0.1215264187866928 
1.7056e-06     0.110958904109589 
1.7081e-06     0.1021526418786693 
1.7106e-06     0.09334637964774951 
1.7131e-06     0.08454011741682975 
1.7156e-06     0.07749510763209394 
1.7181e-06     0.07045009784735812 
1.7206e-06     0.06516634050880626 
1.7231e-06     0.0598825831702544 
1.7256e-06     0.05406000290686812 
1.7281e-06     0.05136934737912957 
1.7306e-06     0.04755381604696673 
1.7331e-06     0.04633436878371017 
1.7356e-06     0.04403131115459882 
1.7381e-06     0.0428023418656467 
1.7406e-06     0.04227005870841487 
1.7431e-06     0.04349240421232024 
1.7456e-06     0.04403131115459882 
1.7481e-06     0.04727810877535803 
1.7506e-06     0.04931506849315068 
1.7531e-06     0.05255134174138752 
1.7556e-06     0.05812133072407045 
1.7581e-06     0.06340508806262231 
1.7606e-06     0.067851119686266 
1.7631e-06     0.07573385518590998 
1.7656e-06     0.08277886497064581 
1.7681e-06     0.0898238747553816 
1.7706e-06     0.09863013698630137 
1.7731e-06     0.1074363992172211 
1.7756e-06     0.1180039138943249 
1.7781e-06     0.1285714285714286 
1.7806e-06     0.1391389432485323 
1.7831e-06     0.149706457925636 
1.7856e-06     0.1620352250489237 
1.7881e-06     0.1737761552673958 
1.7906e-06     0.188454011741683 
1.7931e-06     0.2025440313111546 
1.7956e-06     0.2166340508806262 
1.7981e-06     0.2307240704500979 
1.8006e-06     0.2448140900195695 
1.8031e-06     0.2612274894682284 
1.8056e-06     0.2765166340508807 
1.8081e-06     0.2923679060665362 
1.8106e-06     0.3082191780821918 
1.8131e-06     0.3258317025440313 
1.8156e-06     0.3416829745596869 
1.8181e-06     0.3592954990215264 
1.8206e-06     0.3769080234833659 
1.8231e-06     0.3927592954990216 
1.8256e-06     0.4103718199608611 
1.8281e-06     0.4279843444227006 
1.8306e-06     0.4455968688845401 
1.8331e-06     0.4632093933463797 
1.8356e-06     0.4808219178082192 
1.8381e-06     0.4984344422700587 
1.8406e-06     0.5160469667318982 
1.8431e-06     0.5336594911937378 
1.8456e-06     0.5500942338588768 
1.8481e-06     0.5668056242953073 
1.8506e-06     0.5829745596868885 
1.8531e-06     0.6005870841487281 
1.8556e-06     0.6164383561643836 
1.8581e-06     0.6317099405160753 
1.8606e-06     0.6487162415593476 
1.8631e-06     0.6622309197651665 
1.8656e-06     0.678082191780822 
1.8681e-06     0.6921722113502935 
1.8706e-06     0.7062622309197653 
1.8731e-06     0.7185909980430528 
1.8756e-06     0.7326810176125246 
1.8781e-06     0.7432485322896282 
1.8806e-06     0.7555772994129158 
1.8831e-06     0.7684775994999483 
1.8856e-06     0.7784735812133072 
1.8881e-06     0.7872798434442271 
1.8906e-06     0.7981703518724625 
1.8931e-06     0.8066536203522505 
1.8956e-06     0.8136986301369863 
1.8981e-06     0.8219333135426183 
1.9006e-06     0.8277886497064579 
1.9031e-06     0.8348336594911938 
1.9056e-06     0.8401174168297456 
1.9081e-06     0.8459537908234011 
1.9106e-06     0.8486121755216256 
1.9131e-06     0.8524461839530333 
1.9156e-06     0.8536563379522816 
1.9181e-06     0.8559686888454012 
1.9206e-06     0.8571697351049054 
1.9231e-06     0.8577299412915852 
1.9256e-06     0.856550427950309 
1.9281e-06     0.8559686888454012 
1.9306e-06     0.8542074363992173 
1.9331e-06     0.8506849315068493 
1.9356e-06     0.8474701681482087 
1.9381e-06     0.8436399217221136 
1.9406e-06     0.8392639813810787 
1.9431e-06     0.8330724070450097 
1.9456e-06     0.826027397260274 
1.9481e-06     0.8189823874755382 
1.9506e-06     0.8119373776908024 
1.9531e-06     0.8031311154598827 
1.9556e-06     0.7943248532289628 
1.9581e-06     0.7837573385518591 
1.9606e-06     0.7731898238747554 
1.9631e-06     0.7626223091976516 
1.9656e-06     0.752054794520548 
1.9681e-06     0.7397260273972602 
1.9706e-06     0.7268184673862482 
1.9731e-06     0.713307240704501 
1.9756e-06     0.7009784735812132 
1.9781e-06     0.6868884540117417 
1.9806e-06     0.6710371819960862 
1.9831e-06     0.6569471624266144 
1.9856e-06     0.6416739581793205 
1.9881e-06     0.6252446183953033 
1.9906e-06     0.6099769840140223 
1.9931e-06     0.5935420743639922 
1.9956e-06     0.5782463264703429 
1.9981e-06     0.560078277886497 
2.0006e-06     0.5442270058708415 
2.0031e-06     0.526614481409002 
2.0056e-06     0.5090019569471624 
2.0081e-06     0.4913894324853229 
2.0106e-06     0.4737769080234834 
2.0131e-06     0.4579256360078278 
2.0156e-06     0.4379618212060027 
2.0181e-06     0.4209393346379648 
2.0206e-06     0.4033268101761253 
2.0231e-06     0.3857142857142857 
2.0256e-06     0.3698630136986301 
2.0281e-06     0.3522504892367906 
2.0306e-06     0.3346379647749511 
2.0331e-06     0.3187866927592955 
2.0356e-06     0.3035324260284458 
2.0381e-06     0.2853228962818004 
2.0406e-06     0.2694716242661448 
2.0431e-06     0.2553816046966732 
2.0456e-06     0.2400768494549014 
2.0481e-06     0.225440313111546 
2.0506e-06     0.2095890410958904 
2.0531e-06     0.197539223271939 
2.0556e-06     0.1831702544031311 
2.0581e-06     0.1708414872798434 
2.0606e-06     0.1585127201565558 
2.0631e-06     0.1461839530332681 
2.0656e-06     0.1343266220259625 
2.0681e-06     0.1232876712328767 
2.0706e-06     0.112720156555773 
2.0731e-06     0.1039138943248532 
2.0756e-06     0.09510763209393347 
2.0781e-06     0.0863013698630137 
2.0806e-06     0.07925636007827788 
2.0831e-06     0.07221135029354207 
2.0856e-06     0.06516634050880626 
2.0881e-06     0.0598825831702544 
2.0906e-06     0.05662268102388875 
2.0931e-06     0.05053511873434865 
2.0956e-06     0.04987328770845046 
2.0981e-06     0.04579256360078279 
2.1006e-06     0.04403131115459882 
2.1031e-06     0.0428075950025764 
2.1056e-06     0.04227005870841487 
2.1081e-06     0.04227005870841487 
2.1106e-06     0.04350084916952027 
2.1131e-06     0.04579256360078279 
2.1156e-06     0.04931506849315068 
2.1181e-06     0.05252208614816526 
2.1206e-06     0.0563600782778865 
2.1231e-06     0.06083425174594816 
2.1256e-06     0.06692759295499022 
2.1281e-06     0.07209610680519821 
2.1306e-06     0.07925636007827788 
2.1331e-06     0.08806262230919765 
2.1356e-06     0.09510763209393347 
2.1381e-06     0.1039138943248532 
2.1406e-06     0.1144814090019569 
2.1431e-06     0.1250489236790607 
2.1456e-06     0.1356164383561644 
2.1481e-06     0.1485164281201998 
2.1506e-06     0.1585127201565558 
2.1531e-06     0.1708414872798434 
2.1556e-06     0.1849315068493151 
2.1581e-06     0.1978250319573113 
2.1606e-06     0.2113502935420744 
2.1631e-06     0.22720156555773 
2.1656e-06     0.2412915851272016 
2.1681e-06     0.2571428571428572 
2.1706e-06     0.2712328767123288 
2.1731e-06     0.2888454011741683 
2.1756e-06     0.3046966731898239 
2.1781e-06     0.3205479452054795 
2.1806e-06     0.336399217221135 
2.1831e-06     0.3540117416829746 
2.1856e-06     0.3716242661448141 
2.1881e-06     0.3892367906066536 
2.1906e-06     0.4050880626223092 
2.1931e-06     0.4227005870841487 
2.1956e-06     0.4403131115459882 
2.1981e-06     0.4579256360078278 
2.2006e-06     0.4755381604696673 
2.2031e-06     0.4931506849315068 
2.2056e-06     0.5104366366992472 
2.2081e-06     0.5283757338551859 
2.2106e-06     0.5459882583170255 
2.2131e-06     0.5636007827788649 
2.2156e-06     0.5794520547945206 
2.2181e-06     0.5953033268101761 
2.2206e-06     0.6111545988258317 
2.2231e-06     0.6270518071730526 
2.2256e-06     0.6428571428571429 
2.2281e-06     0.6587084148727985 
2.2306e-06     0.6727984344422701 
2.2331e-06     0.6868884540117417 
2.2356e-06     0.7009784735812132 
2.2381e-06     0.715068493150685 
2.2406e-06     0.7273972602739726 
2.2431e-06     0.7414872798434443 
2.2456e-06     0.752054794520548 
2.2481e-06     0.7649559205411651 
2.2506e-06     0.7749510763209393 
2.2531e-06     0.7855185909980431 
2.2556e-06     0.793770272687456 
2.2581e-06     0.8031311154598827 
2.2606e-06     0.8119373776908024 
2.2631e-06     0.8189823874755382 
2.2656e-06     0.826027397260274 
2.2681e-06     0.8330724070450097 
2.2706e-06     0.8383561643835618 
2.2731e-06     0.8427701788105063 
2.2756e-06     0.8471624266144815 
2.2781e-06     0.8503689880474062 
2.2806e-06     0.8542074363992173 
2.2831e-06     0.8559686888454012 
2.2856e-06     0.8571584924182684 
2.2881e-06     0.8577299412915852 
2.2906e-06     0.8577299412915852 
2.2931e-06     0.8565237988342264 
2.2956e-06     0.8542074363992173 
2.2981e-06     0.8530068506986843 
2.3006e-06     0.8489236790606653 
2.3031e-06     0.8430868241745564 
2.3056e-06     0.8404515374566799 
2.3081e-06     0.8348336594911938 
2.3106e-06     0.8277886497064579 
2.3131e-06     0.8207436399217222 
2.3156e-06     0.8136986301369863 
2.3181e-06     0.8048923679060666 
2.3206e-06     0.7960861056751468 
2.3231e-06     0.7872798434442271 
2.3256e-06     0.7767123287671234 
2.3281e-06     0.7661448140900196 
2.3306e-06     0.7555772994129158 
2.3331e-06     0.7432485322896282 
2.3356e-06     0.7303421613009218 
2.3381e-06     0.716829745596869 
2.3406e-06     0.7045428417042193 
2.3431e-06     0.6904109589041096 
2.3456e-06     0.674559686888454 
2.3481e-06     0.6604696673189824 
2.3506e-06     0.6463796477495107 
2.3531e-06     0.6305283757338551 
2.3556e-06     0.6146771037181996 
2.3581e-06     0.598825831702544 
2.3606e-06     0.5812133072407045 
2.3631e-06     0.565362035225049 
2.3656e-06     0.5477495107632094 
2.3681e-06     0.5324794046811293 
2.3706e-06     0.5142857142857143 
2.3731e-06     0.4966731898238748 
2.3756e-06     0.4790606653620352 
2.3781e-06     0.4614481409001957 
2.3806e-06     0.4438356164383562 
2.3831e-06     0.4262230919765166 
2.3856e-06     0.4086105675146771 
2.3881e-06     0.3909980430528376 
2.3906e-06     0.375146771037182 
2.3931e-06     0.3575342465753425 
2.3956e-06     0.339921722113503 
2.3981e-06     0.3223091976516634 
2.4006e-06     0.3070359851466475 
2.4031e-06     0.2906066536203523 
2.4056e-06     0.2753231076925582 
2.4081e-06     0.2589041095890411 
2.4106e-06     0.2436314948016243 
2.4131e-06     0.2289628180039139 
2.4156e-06     0.2148727984344423 
2.4181e-06     0.2007827788649707 
2.4206e-06     0.186692759295499 
2.4231e-06     0.1743639921722114 
2.4256e-06     0.1602739726027397 
2.4281e-06     0.149706457925636 
2.4306e-06     0.1373776908023484 
2.4331e-06     0.1268101761252446 
2.4356e-06     0.1162426614481409 
2.4381e-06     0.1074363992172211 
2.4406e-06     0.09686888454011741 
2.4431e-06     0.0898238747553816 
2.4456e-06     0.08157508161487703 
2.4481e-06     0.07397260273972603 
2.4506e-06     0.06692759295499022 
2.4531e-06     0.06164383561643835 
2.4556e-06     0.05715547144422762 
2.4581e-06     0.05283757338551859 
2.4606e-06     0.04961292188735645 
2.4631e-06     0.04579256360078279 
2.4656e-06     0.04403131115459882 
2.4681e-06     0.04403131115459882 
2.4706e-06     0.04279887681844271 
2.4731e-06     0.04227005870841487 
2.4756e-06     0.04350064140552078 
2.4781e-06     0.04579256360078279 
2.4806e-06     0.04701759516275545 
2.4831e-06     0.05107632093933464 
2.4856e-06     0.05429529471895467 
2.4881e-06     0.06041375636953137 
2.4906e-06     0.06516634050880626 
2.4931e-06     0.07045009784735812 
2.4956e-06     0.07749510763209394 
2.4981e-06     0.08454011741682975 
2.5006e-06     0.09334637964774951 
2.5031e-06     0.1021526418786693 
2.5056e-06     0.112720156555773 
2.5081e-06     0.1215264187866928 
2.5106e-06     0.1320939334637965 
2.5131e-06     0.1449907955671141 
2.5156e-06     0.1549902152641879 
2.5181e-06     0.1672958748962728 
2.5206e-06     0.1814090019569472 
2.5231e-06     0.1937377690802348 
2.5256e-06     0.2078277886497065 
2.5281e-06     0.2219178082191781 
2.5306e-06     0.2360078277886497 
2.5331e-06     0.2518590998043053 
2.5356e-06     0.2682810102306187 
2.5381e-06     0.2830090025583683 
2.5406e-06     0.299412915851272 
2.5431e-06     0.314687813024477 
2.5456e-06     0.3328767123287671 
2.5481e-06     0.3487279843444228 
2.5506e-06     0.3663405088062623 
2.5531e-06     0.3839530332681018 
2.5556e-06     0.4015655577299413 
2.5581e-06     0.4174168297455969 
2.5606e-06     0.4350293542074364 
2.5631e-06     0.452641878669276 
2.5656e-06     0.4702544031311155 
2.5681e-06     0.487866927592955 
2.5706e-06     0.5054794520547945 
2.5731e-06     0.5230919765166341 
2.5756e-06     0.5407045009784736 
2.5781e-06     0.5583170254403131 
2.5806e-06     0.5741682974559688 
2.5831e-06     0.5900195694716243 
2.5856e-06     0.6076320939334638 
