
time (s)       VT("/out") (V)


2.75e-08       0.6226415528789887 
3e-08          0.6340014078022713 
3.25e-08       0.6534246575342466 
3.5e-08        0.6663164220497899 
3.75e-08       0.6881467577668282 
4e-08          0.69383949580819 
4.25e-08       0.7115459882583171 
4.500000000000001e-08 0.719538724073391 
4.75e-08       0.7379647749510764 
5e-08          0.7473186503134369 
5.25e-08       0.7624779265630691 
5.5e-08        0.7656099432912747 
5.750000000000001e-08 0.7808519135754134 
6.000000000000001e-08 0.7970066395422157 
6.250000000000001e-08 0.796419762757848 
6.5e-08        0.8101761252446184 
6.75e-08       0.8172211350293542 
7e-08          0.8209120704637324 
7.249999999999999e-08 0.8309690715602165 
7.5e-08        0.8325259625250647 
7.75e-08       0.8401925063263683 
8e-08          0.8464546332431457 
8.25e-08       0.8482712445795185 
8.500000000000001e-08 0.8529054535479594 
8.750000000000001e-08 0.8535076135752944 
9e-08          0.8559686888454012 
9.25e-08       0.8561166908150587 
9.5e-08        0.8577299412915852 
9.750000000000001e-08 0.8575832435257965 
1e-07          0.855053478294275 
1.025e-07      0.8540539052917435 
1.05e-07       0.8498037024599029 
1.075e-07      0.8478150879371172 
1.1e-07        0.8384885266375047 
1.125e-07      0.8374117177371027 
1.15e-07       0.8289144618898577 
1.175e-07      0.8259337200859694 
1.2e-07        0.8154598825831703 
1.225e-07      0.8117763242065198 
1.25e-07       0.8015448746652477 
1.275e-07      0.7947679018520887 
1.3e-07        0.7725287387140638 
1.325e-07      0.7724655856746201 
1.35e-07       0.7583452231180574 
1.375e-07      0.7526767124566722 
1.4e-07        0.7364918368229005 
1.425e-07      0.7203522504892368 
1.45e-07       0.7108925144797396 
1.475e-07      0.6939334637964776 
1.5e-07        0.6833933066457973 
1.525e-07      0.6607466764272923 
1.55e-07       0.6545254517321978 
1.575e-07      0.6356886331719752 
1.6e-07        0.6154487022450466 
1.625e-07      0.6077640430314223 
1.65e-07       0.586465192954541 
1.675e-07      0.5758736621279944 
1.7e-07        0.550287144208385 
1.725e-07      0.541645389473899 
1.75e-07       0.5179316670125707 
1.775e-07      0.5044271605639291 
1.8e-07        0.4889278415437064 
1.825e-07      0.4667318982387476 
1.85e-07       0.449119373776908 
1.875e-07      0.4376931283605333 
1.9e-07        0.413894324853229 
1.925e-07      0.4024399308871284 
1.95e-07       0.3770843813563122 
1.975e-07      0.3644710312475302 
2e-07          0.3512647265682557 
2.025e-07      0.3248532898173546 
2.05e-07       0.316325964613011 
2.075e-07      0.297505323710049 
2.1e-07        0.2772875156478629 
2.125e-07      0.2694980536183327 
2.15e-07       0.2483365949119374 
2.175e-07      0.2376199561983509 
2.2e-07        0.2136232473929944 
2.225e-07      0.207960475822531 
2.25e-07       0.1902152641878669 
2.275e-07      0.1799128926563132 
2.3e-07        0.1646830352908908 
2.325e-07      0.1552820824434167 
2.35e-07       0.1482696514742496 
2.375e-07      0.1297435045943753 
2.4e-07        0.1223714237292223 
2.425e-07      0.1032392857935414 
2.45e-07       0.104540022986415 
2.475e-07      0.09341182515080196 
2.5e-07        0.08094505925847835 
2.525e-07      0.07907899237683758 
2.55e-07       0.07453270154649168 
2.575e-07      0.06358395778965287 
2.6e-07        0.05974829972795462 
2.625e-07      0.05459882583170255 
2.65e-07       0.05347764622985653 
2.675e-07      0.04842864152695519 
2.7e-07        0.04739779969006898 
2.725e-07      0.0448324879354389 
2.75e-07       0.04386030961721336 
2.775e-07      0.04227005870841487 
2.8e-07        0.04244006481094601 
2.825e-07      0.04496337411719518 
2.85e-07       0.04595753670394018 
2.875e-07      0.04985808250497648 
2.9e-07        0.05058907136233061 
2.925e-07      0.05812133072407045 
2.95e-07       0.06172982158492129 
2.975e-07      0.06465664310220802 
3e-07          0.07558112863700767 
3.025e-07      0.07946363237803132 
3.05e-07       0.09381110584038937 
3.075e-07      0.09849185831483549 
3.1e-07        0.1050740120927701 
3.125e-07      0.1222116300191212 
3.15e-07       0.1267052508199965 
3.175e-07      0.1425023756776718 
3.2e-07        0.1456853733306923 
3.225e-07      0.1610452428348662 
3.25e-07       0.1777642035502675 
3.275e-07      0.1865852170238823 
3.3e-07        0.2043052837573386 
3.325e-07      0.2147890380868474 
3.35e-07       0.237103863560711 
3.375e-07      0.2431327846745178 
3.4e-07        0.262426614481409 
3.425e-07      0.2737915810162234 
3.45e-07       0.2980155787998263 
3.475e-07      0.3101104124379173 
3.5e-07        0.3230797054818115 
3.525e-07      0.3467899366580162 
3.55e-07       0.3557634251696841 
3.575e-07      0.3786692759295499 
3.6e-07        0.3974603929667543 
3.625e-07      0.4077294795399761 
3.65e-07       0.4315068493150685 
3.675e-07      0.4428949738926204 
3.7e-07        0.4649706457925636 
3.725e-07      0.4826565754231314 
3.75e-07       0.4974370284670442 
3.775e-07      0.5169834793871715 
3.8e-07        0.5354207436399218 
3.825e-07      0.5468738680362105 
3.85e-07       0.5672603130313671 
3.875e-07      0.5819535268681578 
3.9e-07        0.602682266886835 
3.925e-07      0.6128256366706072 
3.95e-07       0.6375126451580312 
3.975e-07      0.6482786406117996 
4e-07          0.6602840392870248 
4.025e-07      0.6838330507739286 
4.05e-07       0.6903121908579126 
4.075e-07      0.7080234833659491 
4.1e-07        0.7175002434450389 
4.125e-07      0.7343202824517154 
4.15e-07       0.7373462584202817 
4.175e-07      0.7552846793592441 
4.2e-07        0.7685100365887553 
4.225e-07      0.7757481813108739 
4.25e-07       0.7951547826886363 
4.275e-07      0.7929079534714907 
4.3e-07        0.8055925830337761 
4.325e-07      0.8104811363416455 
4.35e-07       0.8225048923679061 
4.375e-07      0.8262024100244706 
4.4e-07        0.8356947598580339 
4.425e-07      0.8376564268715437 
4.45e-07       0.8469965366706473 
4.475e-07      0.8465055526758648 
4.5e-07        0.8515567715212204 
4.525e-07      0.8525983103102694 
4.55e-07       0.8551535365535008 
4.575e-07      0.8561146312342656 
4.6e-07        0.8577299412915852 
4.625e-07      0.8575938107047201 
4.65e-07       0.8559686888454012 
4.675e-07      0.8548746974272247 
4.7e-07        0.8502763994501897 
4.725e-07      0.8495760394930638 
4.75e-07       0.843031060120925 
4.775000000000001e-07 0.8384097579834784 
4.800000000000001e-07 0.8353730725631013 
4.825e-07      0.8245607278678194 
4.85e-07       0.82055857711696 
4.875e-07      0.8101761252446184 
4.9e-07        0.8013698630136986 
4.924999999999999e-07 0.7974828939037246 
4.95e-07       0.7774705422452617 
4.975e-07      0.7727088728806314 
5.000000000000001e-07 0.7666972212217341 
5.025000000000001e-07 0.7496786620931867 
5.05e-07       0.7399940062182011 
5.075e-07      0.7273762651728696 
5.1e-07        0.7152311938737834 
5.125e-07      0.6974559686888455 
5.149999999999999e-07 0.6869290066579542 
5.174999999999999e-07 0.6643363973908051 
5.200000000000001e-07 0.6589240854369582 
5.225000000000001e-07 0.6377385651391088 
5.250000000000001e-07 0.6287962469646623 
5.275e-07      0.6084829297582238 
5.3e-07        0.5972288455828083 
5.325e-07      0.5741682974559688 
5.35e-07       0.555523799904033 
5.374999999999999e-07 0.5453849155848495 
5.399999999999999e-07 0.5233257249334287 
5.425000000000001e-07 0.5125708711428593 
5.450000000000001e-07 0.4881774507680846 
5.475000000000001e-07 0.4721434402636278 
5.5e-07        0.4587467243775796 
5.525e-07      0.4367906066536204 
5.55e-07       0.4191780821917809 
5.575e-07      0.4077287822867157 
5.599999999999999e-07 0.3844967139175941 
5.624999999999999e-07 0.372561430285936 
5.650000000000001e-07 0.3488506912413061 
5.675000000000001e-07 0.3317278729121314 
5.7e-07        0.3223714065905913 
5.725e-07      0.299412915851272 
5.75e-07       0.2880532780922948 
5.775e-07      0.2693319163327323 
5.8e-07        0.2502274073005183 
5.824999999999999e-07 0.2414009262909916 
5.850000000000001e-07 0.2186070320258441 
5.875000000000001e-07 0.2115430035860697 
5.900000000000001e-07 0.1937377690802348 
5.925e-07      0.1835098161808102 
5.95e-07       0.1673189823874755 
5.975e-07      0.1625612992381004 
6e-07          0.1472293948775388 
6.024999999999999e-07 0.1304800492769977 
6.049999999999999e-07 0.1242417143855027 
6.075000000000001e-07 0.1175291233963918 
6.100000000000001e-07 0.09620964212403711 
6.125000000000001e-07 0.09447833650064719 
6.15e-07       0.0895918493788439 
6.175e-07      0.07911302360048178 
6.2e-07        0.07388165757700385 
6.225e-07      0.06540275687267993 
6.249999999999999e-07 0.06230976879464098 
6.274999999999999e-07 0.05298843629025728 
6.300000000000001e-07 0.05349337970453155 
6.325000000000001e-07 0.04845431943410661 
6.350000000000001e-07 0.04738603631780308 
6.375e-07      0.04484167061570325 
6.4e-07        0.0438607291069106 
6.425e-07      0.04227005870841487 
6.45e-07       0.04242249805274362 
6.474999999999999e-07 0.04403131115459882 
6.499999999999999e-07 0.0450063923239231 
6.525000000000001e-07 0.04845201625907815 
6.550000000000001e-07 0.05043396708281809 
6.575000000000001e-07 0.0563600782778865 
6.6e-07        0.0576569432362726 
6.625e-07      0.06528726448280628 
6.65e-07       0.07377405873170473 
6.675e-07      0.07773760937132647 
6.699999999999999e-07 0.08806262230919765 
6.724999999999999e-07 0.09192940693680836 
6.750000000000001e-07 0.1056751467710372 
6.775000000000001e-07 0.1150514731499299 
6.800000000000001e-07 0.1255579742875134 
6.825e-07      0.1316153147386274 
6.85e-07       0.1485326062230949 
6.875e-07      0.1560107976357829 
6.9e-07        0.174226068161827 
6.924999999999999e-07 0.183045358943503 
6.949999999999999e-07 0.1984465997653174 
6.975000000000001e-07 0.2094643571031333 
7.000000000000001e-07 0.2327469484538131 
7.025000000000001e-07 0.2394862606022989 
7.05e-07       0.2572833031562216 
7.075e-07      0.2717863892972017 
7.1e-07        0.288981212592829 
7.125e-07      0.3019369967903987 
7.149999999999999e-07 0.3206856222283903 
7.175000000000001e-07 0.3456620851215289 
7.200000000000001e-07 0.3513047245639626 
7.225000000000001e-07 0.3733855185909981 
7.25e-07       0.3848340671622756 
7.275e-07      0.4105046016857445 
7.3e-07        0.4260169439622554 
7.325e-07      0.4367939059297138 
7.35e-07       0.4630779505491929 
7.374999999999999e-07 0.4790606653620352 
7.400000000000001e-07 0.4905417455146616 
7.425000000000001e-07 0.5137674033177946 
7.450000000000001e-07 0.52483958443699 
7.475e-07      0.5477495107632094 
7.5e-07        0.5710719936202585 
7.525e-07      0.5767350132763702 
7.55e-07       0.598825831702544 
7.574999999999999e-07 0.609351137469502 
7.599999999999999e-07 0.6296658044084623 
7.625000000000001e-07 0.6408921505993506 
7.650000000000001e-07 0.6588438189677025 
7.675000000000001e-07 0.6708692988247161 
7.7e-07        0.6991054050103549 
7.725e-07      0.7045009784735812 
7.75e-07       0.7093485890908436 
7.775e-07      0.7271206401905662 
7.799999999999999e-07 0.74237844419609 
7.824999999999999e-07 0.7517897805275197 
7.850000000000001e-07 0.7626279915199671 
7.875000000000001e-07 0.7754597898917925 
7.900000000000001e-07 0.781511749860195 
7.925e-07      0.8001337785963238 
7.95e-07       0.802989747074444 
7.975e-07      0.8095197847102066 
8e-07          0.8207436399217222 
8.024999999999999e-07 0.8244541658029656 
8.049999999999999e-07 0.8345537067878355 
8.075000000000001e-07 0.8376003575645501 
8.100000000000001e-07 0.841202372009677 
8.125000000000001e-07 0.8505362050855166 
8.15e-07       0.8490554984312312 
8.175e-07      0.8533477133545152 
8.2e-07        0.8551497898704312 
8.225e-07      0.8561090799883533 
8.249999999999999e-07 0.8577299412915852 
8.274999999999999e-07 0.8577299412915852 
8.300000000000001e-07 0.8575834970201899 
8.325000000000001e-07 0.8550301976214791 
8.350000000000001e-07 0.8516209838044764 
8.375e-07      0.8496066413043554 
8.4e-07        0.8436399217221136 
8.425e-07      0.8424256436877233 
8.45e-07       0.8348131762714686 
8.474999999999999e-07 0.829043103690307 
8.500000000000001e-07 0.8240872011423568 
8.525000000000001e-07 0.8124885091809155 
8.550000000000001e-07 0.8082418311456223 
8.575e-07      0.7978539604268173 
8.6e-07        0.779454999390331 
8.625e-07      0.7808093727043406 
8.65e-07       0.7656438679290497 
8.675e-07      0.7504104207402014 
8.699999999999999e-07 0.7442770956710183 
8.725000000000001e-07 0.7283084642502698 
8.750000000000001e-07 0.7188059231083936 
8.775000000000001e-07 0.7011050833674676 
8.8e-07        0.692320155748169 
8.825e-07      0.6694451340351425 
8.85e-07       0.6624581012526851 
8.875e-07      0.6427745964389273 
8.899999999999999e-07 0.6324884331559926 
8.924999999999999e-07 0.612169186410329 
8.950000000000001e-07 0.6006626242455573 
8.975000000000001e-07 0.5793969719553195 
9.000000000000001e-07 0.5688287383098908 
9.025e-07      0.5401481053101872 
9.05e-07       0.5285930356416533 
9.075e-07      0.5153189824140012 
9.1e-07        0.4957409152375407 
9.124999999999999e-07 0.4772994129158513 
9.149999999999999e-07 0.4656441775228002 
9.175000000000001e-07 0.4420743639921722 
9.200000000000001e-07 0.4306996193037446 
9.225000000000001e-07 0.4068493150684931 
9.25e-07       0.3917196268648719 
9.275e-07      0.3763062242872169 
9.3e-07        0.3541852739104847 
9.325e-07      0.3305325744606487 
9.349999999999999e-07 0.3259400546824596 
9.374999999999999e-07 0.3046668356062712 
9.400000000000001e-07 0.2941123187234556 
9.425000000000001e-07 0.2721611126095737 
9.450000000000001e-07 0.2624241866163136 
9.475e-07      0.2412371100082753 
9.5e-07        0.2306856973134598 
9.525e-07      0.2081946533860228 
9.55e-07       0.2027413135560091 
9.574999999999999e-07 0.1849315068493151 
9.600000000000001e-07 0.1753792209051143 
9.625000000000001e-07 0.1585127201565558 
9.650000000000001e-07 0.1506586719415063 
9.675000000000001e-07 0.1340026356306546 
9.7e-07        0.1262634333746467 
9.725e-07      0.1201189679796828 
9.75e-07       0.1003956320652674 
9.775e-07      0.09686888454011741 
9.799999999999999e-07 0.09296938415270267 
9.824999999999999e-07 0.08101761252446184 
9.849999999999999e-07 0.07725400692919392 
9.875000000000001e-07 0.0671949873689994 
9.900000000000001e-07 0.0633051048401661 
9.925e-07      0.06030663071170585 
9.95e-07       0.05283757338551859 
9.975e-07      0.05173483713836246 
1e-06          0.04664720830573298 
1.0025e-06     0.04484948065152325 
1.005e-06      0.04387207521383923 
1.0075e-06     0.04227005870841487 
1.01e-06       0.04227005870841487 
1.0125e-06     0.04244465395523274 
1.015e-06      0.04499274005610066 
1.0175e-06     0.04595181670783217 
1.02e-06       0.05026801425433128 
1.0225e-06     0.05793395273333091 
1.025e-06      0.05749913763035329 
1.0275e-06     0.06276201085798942 
1.03e-06       0.07198162708708464 
1.0325e-06     0.07596618296419701 
1.035e-06      0.0863013698630137 
1.0375e-06     0.09098595021943955 
1.04e-06       0.102097407257657 
1.0425e-06     0.1166804865533798 
1.045e-06      0.1175900334652864 
1.0475e-06     0.1327577186585236 
1.05e-06       0.1424880202084284 
1.0525e-06     0.153950432213191 
1.055e-06      0.1706893766779055 
1.0575e-06     0.1793477613305682 
1.06e-06       0.1880280968000998 
1.0625e-06     0.2095890410958904 
1.065e-06      0.234306804553342 
1.0675e-06     0.2358300439050609 
1.07e-06       0.2536203522504892 
1.0725e-06     0.2641645040970926 
1.075e-06      0.2844992496845561 
1.0775e-06     0.295888189293346 
1.08e-06       0.3187866927592955 
1.0825e-06     0.3301820631066394 
1.085e-06      0.3580978166784378 
1.0875e-06     0.3664760110763487 
1.09e-06       0.3795595601456871 
1.0925e-06     0.4031376135834286 
1.095e-06      0.4147312974801248 
1.0975e-06     0.4385518590998043 
1.1e-06        0.4561643835616438 
1.1025e-06     0.469338822679447 
1.105e-06      0.4913894324853229 
1.1075e-06     0.5101197815744565 
1.11e-06       0.5203831550429757 
1.1125e-06     0.5424657534246575 
1.115e-06      0.5539474514419186 
1.1175e-06     0.583583008750634 
1.12e-06       0.591921531189913 
1.1225e-06     0.6048397152887243 
1.125e-06      0.6236201144482295 
1.1275e-06     0.6380899641493368 
1.13e-06       0.6553002340698745 
1.1325e-06     0.6674006030473286 
1.135e-06      0.6899850797240387 
1.1375e-06     0.69559568004499 
1.14e-06       0.713307240704501 
1.1425e-06     0.7236190067764012 
1.145e-06      0.7397260273972602 
1.1475e-06     0.7475405720310447 
1.15e-06       0.7617265114749873 
1.1525e-06     0.7673473772322983 
1.155e-06      0.7826136619303014 
1.1575e-06     0.79864974530361 
1.16e-06       0.8018075789834952 
1.1625e-06     0.8068195706259046 
1.165e-06      0.817370216469835 
1.1675e-06     0.8226921168645281 
1.17e-06       0.8327526021596512 
1.1725e-06     0.8365805011257075 
1.175e-06      0.8395784757293134 
1.1775e-06     0.8471624266144815 
1.18e-06       0.8482656374132032 
1.1825e-06     0.8533330348112871 
1.185e-06      0.8551403162637041 
1.1875e-06     0.8559686888454012 
1.19e-06       0.8561178594269553 
1.1925e-06     0.8577299412915852 
1.195e-06      0.857583827750263 
1.1975e-06     0.8550444129221156 
1.2e-06        0.8540542118604947 
1.2025e-06     0.8498032907136105 
1.205e-06      0.8478284829670939 
1.2075e-06     0.8385031021334192 
1.21e-06       0.8373546046772565 
1.2125e-06     0.8287939402882936 
1.215e-06      0.8258654900136922 
1.2175e-06     0.8154598825831703 
1.22e-06       0.8116233963675394 
1.2225e-06     0.798983586228011 
1.225e-06      0.7811524124121205 
1.2275e-06     0.7834702776888051 
1.23e-06       0.7706720361767997 
1.2325e-06     0.7539388200597135 
1.235e-06      0.7463338773100144 
1.2375e-06     0.7400791574981602 
1.24e-06       0.7185909980430528 
1.2425e-06     0.7083603028871468 
1.245e-06      0.6921722113502935 
1.2475e-06     0.6816615062511067 
1.25e-06       0.6589028468707099 
1.2525e-06     0.6536097515828857 
1.255e-06      0.6306462930153085 
1.2575e-06     0.6180737482357174 
1.26e-06       0.6051714235898883 
1.2625e-06     0.5863699977382268 
1.265e-06      0.5716030446705099 
1.2675e-06     0.5483597838059948 
1.27e-06       0.5336594911937378 
1.2725e-06     0.5222199648021701 
1.275e-06      0.4992689115892607 
1.2775e-06     0.4878710308058993 
1.28e-06       0.4649706457925636 
1.2825e-06     0.4473581213307241 
1.285e-06      0.4359704309240548 
1.2875e-06     0.412133072407045 
1.29e-06       0.4009498705557814 
1.2925e-06     0.3754050637112058 
1.295e-06      0.3595148478860755 
1.2975e-06     0.346300869770384 
1.3e-06        0.3245728359440411 
1.3025e-06     0.3156116330543064 
1.305e-06      0.2923679060665362 
1.3075e-06     0.2773761719953677 
1.31e-06       0.2659482259701273 
1.3125e-06     0.2465753424657534 
1.315e-06      0.23354124434816 
1.3175e-06     0.211818232591156 
1.32e-06       0.2062095812540754 
1.3225e-06     0.188454011741683 
1.325e-06      0.1804451024443732 
1.3275e-06     0.1620352250489237 
1.33e-06       0.1526334727362022 
1.3325e-06     0.1375253685690617 
1.335e-06      0.1343070818475196 
1.3375e-06     0.1190818675632119 
1.34e-06       0.1030878988776959 
1.3425e-06     0.1035741800609122 
1.345e-06      0.0898238747553816 
1.3475e-06     0.08277886497064581 
1.35e-06       0.07903849016929709 
1.3525e-06     0.0690126001435666 
1.355e-06      0.06741984301804795 
1.3575e-06     0.05975206109369213 
1.36e-06       0.05400885211006348 
1.3625e-06     0.05171679344165919 
1.365e-06      0.04714409924212529 
1.3675e-06     0.04646106663994767 
1.37e-06       0.04403131115459882 
1.3725e-06     0.04385979018403825 
1.375e-06      0.04227005870841487 
1.3775e-06     0.04244233700572327 
1.38e-06       0.04498027034508151 
1.3825e-06     0.04596116910043097 
1.385e-06      0.05024350220768171 
1.3875e-06     0.05220120422437721 
1.39e-06       0.06148789993084783 
1.3925e-06     0.06270000087957343 
1.395e-06      0.07108636072184522 
1.3975e-06     0.07413045924887218 
1.4e-06        0.08454011741682975 
1.4025e-06     0.08828191906809624 
1.405e-06      0.09853115926098893 
1.4075e-06     0.1052101157610507 
1.41e-06       0.1237915915082711 
1.4125e-06     0.1276897646366823 
1.415e-06      0.141728479054144 
1.4175e-06     0.14739199428689 
1.42e-06       0.1635678781503573 
1.4225e-06     0.1796477495107632 
1.425e-06      0.1891930215167519 
1.4275e-06     0.2060665362035225 
1.43e-06       0.2165687200451133 
1.4325e-06     0.2389137568392328 
1.435e-06      0.245667080927935 
1.4375e-06     0.2643113250285059 
1.44e-06       0.2844643639607973 
1.4425e-06     0.2923145319374063 
1.445e-06      0.3136228784410047 
1.4475e-06     0.324086019670438 
1.45e-06       0.3491187944982729 
1.4525e-06     0.3584020045812729 
1.455e-06      0.3820699624996802 
1.4575e-06     0.3955874880563422 
1.46e-06       0.4110268972236983 
1.4625e-06     0.4332408045215783 
1.465e-06      0.450880626223092 
1.4675e-06     0.4625015245019129 
1.47e-06       0.4861056751467711 
1.4725e-06     0.4976058691463502 
1.475e-06      0.5231684375309468 
1.4775e-06     0.5355459793389277 
1.48e-06       0.5486809056605838 
1.4825e-06     0.5745000489099553 
1.485e-06      0.5837385955067128 
1.4875e-06     0.6024847637840864 
1.49e-06       0.6227439133580902 
1.4925e-06     0.6304498707404195 
1.495e-06      0.6518270925504255 
1.4975e-06     0.6622036058898353 
1.5e-06        0.6863959910421197 
1.5025e-06     0.6920875807213774 
1.505e-06      0.7097847358121331 
1.5075e-06     0.720066321436054 
1.51e-06       0.7362035225048923 
1.5125e-06     0.74549131320649 
1.515e-06      0.7516231420036612 
1.5175e-06     0.7704792557548314 
1.52e-06       0.7775661131768042 
1.5225e-06     0.7968256244926381 
1.525e-06      0.7954694149113449 
1.5275e-06     0.8065811354305 
1.53e-06       0.8191328199135022 
1.5325e-06     0.8208754324048636 
1.535e-06      0.8254067203999679 
1.5375e-06     0.8363759048684297 
1.54e-06       0.8401877006077781 
1.5425e-06     0.8454011741682974 
1.545e-06      0.8465078582237936 
1.5475e-06     0.8515605664918601 
1.55e-06       0.8525895207108727 
1.5525e-06     0.8551576057968998 
1.555e-06      0.8561159119963992 
1.5575e-06     0.8577299412915852 
1.56e-06       0.8575886882181876 
1.5625e-06     0.8550731654724941 
1.565e-06      0.8540546836017282 
1.5675e-06     0.8501722309971396 
1.57e-06       0.8494373665071271 
1.5725e-06     0.8418786692759296 
1.575e-06      0.8383600056353788 
1.5775e-06     0.8354008607439453 
1.58e-06       0.8245340023546249 
1.5825e-06     0.8205885942296246 
1.585e-06      0.8062953286853221 
1.5875e-06     0.8015743503934348 
1.59e-06       0.7949311422383376 
1.5925e-06     0.7741138026378186 
1.595e-06      0.7734283884455008 
1.5975e-06     0.757473138268048 
1.6e-06        0.75438515149698 
1.6025e-06     0.7390268608320583 
1.605e-06      0.7222287963459064 
1.6075e-06     0.713466150761176 
1.61e-06       0.6956947162426614 
1.6125e-06     0.6851547712317499 
1.615e-06      0.6625706211408046 
1.6175e-06     0.6570415659883632 
1.62e-06       0.637573385518591 
1.6225e-06     0.6262686958862209 
1.625e-06      0.6021638507081105 
1.6275e-06     0.5899045552797965 
1.63e-06       0.5768850495155726 
1.6325e-06     0.5521142828764403 
1.635e-06      0.5442976321261819 
1.6375e-06     0.5213942791308035 
1.64e-06       0.5026416707921086 
1.6425e-06     0.4922071366096246 
1.645e-06      0.4684931506849315 
1.6475e-06     0.456930723383234 
1.65e-06       0.4350293542074364 
1.6525e-06     0.417564753730771 
1.655e-06      0.402653198912434 
1.6575e-06     0.3830356397145695 
1.66e-06       0.3645792563600783 
1.6625e-06     0.3530828702223778 
1.665e-06      0.3291035796455868 
1.6675e-06     0.3181487384446425 
1.67e-06       0.2975608202409115 
1.6725e-06     0.2871090369979689 
1.675e-06      0.2629081387682571 
1.6775e-06     0.2517234268354405 
1.68e-06       0.2395807466213547 
1.6825e-06     0.2162039986710029 
1.685e-06      0.2097597728315333 
1.6875e-06     0.1919765166340509 
1.69e-06       0.1824667107492143 
1.6925e-06     0.1656733694839689 
1.695e-06      0.1626326689223357 
1.6975e-06     0.1447004383815551 
1.7e-06        0.1316517333103268 
1.7025e-06     0.1241668483512911 
1.705e-06      0.1049063653100044 
1.7075e-06     0.1070947987005342 
1.71e-06       0.09442587879653166 
1.7125e-06     0.08944216486603419 
1.715e-06      0.07749510763209394 
1.7175e-06     0.07375040887864079 
1.72e-06       0.06439968753632175 
1.7225e-06     0.0622945513085287 
1.725e-06      0.05300325143915766 
1.7275e-06     0.05348285031455047 
1.73e-06       0.0484472764757877 
1.7325e-06     0.04739112025142063 
1.735e-06      0.04483336715953546 
1.7375e-06     0.04385909333335716 
1.74e-06       0.04227005870841487 
1.7425e-06     0.04243565274460979 
1.745e-06      0.04403131115459882 
1.7475e-06     0.04516460583993712 
1.75e-06       0.04972488574601754 
1.7525e-06     0.05043783880596662 
1.755e-06      0.05748454310277951 
1.7575e-06     0.06167846251218496 
1.76e-06       0.06468086528313464 
1.7625e-06     0.07554208810505196 
1.765e-06      0.07949208904440376 
1.7675e-06     0.0898238747553816 
1.77e-06       0.09863013698630137 
1.7725e-06     0.1025265770751982 
1.775e-06      0.1223643705877437 
1.7775e-06     0.1274106931977135 
1.78e-06       0.1333791662706922 
1.7825e-06     0.1504954295532091 
1.785e-06      0.1600705541588982 
1.7875e-06     0.1727194037996854 
1.79e-06       0.1848225939236225 
1.7925e-06     0.2025440313111546 
1.795e-06      0.2130063019996264 
1.7975e-06     0.2353597486636178 
1.8e-06        0.2412541193955793 
1.8025e-06     0.2622842409359388 
1.805e-06      0.2712562084475514 
1.8075e-06     0.291532544983778 
1.81e-06       0.3028147154768288 
1.8125e-06     0.3258317025440313 
1.815e-06      0.3408675320985213 
1.8175e-06     0.3546873078411065 
1.82e-06       0.3767588279072225 
1.8225e-06     0.3873578511086747 
1.825e-06      0.4121867105362794 
1.8275e-06     0.4278335806984863 
1.83e-06       0.441089166458951 
1.8325e-06     0.4632093933463797 
1.835e-06      0.4808219178082192 
1.8375e-06     0.492348869174325 
1.84e-06       0.5158607613491257 
1.8425e-06     0.5274829477586628 
1.845e-06      0.5511509853265871 
1.8475e-06     0.5646921213598864 
1.85e-06       0.5777093832155707 
1.8525e-06     0.6005870841487281 
1.855e-06      0.6119071491754281 
1.8575e-06     0.6306531890483648 
1.86e-06       0.649772993027058 
1.8625e-06     0.6584496888149465 
1.865e-06      0.6814101642664857 
1.8675e-06     0.6885163492918321 
1.87e-06       0.7062622309197653 
1.8725e-06     0.7164412804864078 
1.875e-06      0.7326810176125246 
1.8775e-06     0.7374272106377968 
1.88e-06       0.7527690425930847 
1.8825e-06     0.7695343509676588 
1.885e-06      0.7756938759154319 
1.8875e-06     0.7823265953395913 
1.89e-06       0.8002838548078836 
1.8925e-06     0.8055406447609692 
1.895e-06      0.8103652063614846 
1.8975e-06     0.8208765620749079 
1.9e-06        0.8260983151836385 
1.9025e-06     0.834578380479345 
1.905e-06      0.837634838221614 
1.9075e-06     0.8470105422911116 
1.91e-06       0.8464986725862047 
1.9125e-06     0.8515397319019815 
1.915e-06      0.8525995864845711 
1.9175e-06     0.85515283396561 
1.92e-06       0.8561129836371949 
1.9225e-06     0.8577299412915852 
1.925e-06      0.8576071794180194 
1.9275e-06     0.8559686888454012 
1.93e-06       0.8550220998481961 
1.9325e-06     0.8515933989011075 
1.935e-06      0.8495836710836296 
1.9375e-06     0.8436399217221136 
1.94e-06       0.8424342357842101 
1.9425e-06     0.8348059396156335 
1.945e-06      0.8263566959407879 
1.9475e-06     0.8223238804594328 
1.95e-06       0.8119373776908024 
1.9525e-06     0.8081317079902088 
1.955e-06      0.7943248532289628 
1.9575e-06     0.7792714693047268 
1.96e-06       0.7745835398248738 
1.9625e-06     0.7684584292836307 
1.965e-06      0.7516042617358493 
1.9675e-06     0.7440908898450249 
1.97e-06       0.7257617159185378 
1.9725e-06     0.7170281040462528 
1.975e-06      0.7016788995957515 
1.9775e-06     0.6905135312437523 
1.98e-06       0.666958346182742 
1.9825e-06     0.6606794809118467 
1.985e-06      0.6427307096470311 
1.9875e-06     0.628308359958104 
1.99e-06       0.6110337354817327 
1.9925e-06     0.5981400986456512 
1.995e-06      0.5793030779380534 
1.9975e-06     0.5542558403527345 
2e-06          0.5487569815096998 
2.0025e-06     0.526614481409002 
2.005e-06      0.5151023187907864 
2.0075e-06     0.4898759175331991 
2.01e-06       0.473928510754809 
2.0125e-06     0.4630230703196208 
2.015e-06      0.4369050697382923 
2.0175e-06     0.4209393346379648 
2.02e-06       0.409533119875672 
2.0225e-06     0.3865786717268451 
2.025e-06      0.3752339452080926 
2.0275e-06     0.3522914318988568 
2.03e-06       0.3288521813758243 
2.0325e-06     0.3233409310508759 
2.035e-06      0.3045891774961563 
2.0375e-06     0.2898746284667327 
2.04e-06       0.270344046180426 
2.0425e-06     0.2590697637078807 
2.045e-06      0.2411336009226118 
2.0475e-06     0.2290018009316877 
2.05e-06       0.2009332081397626 
2.0525e-06     0.2049364835459122 
2.055e-06      0.1831702544031311 
2.0575e-06     0.1728713400632318 
2.06e-06       0.1576400496808588 
2.0625e-06     0.1481954591945088 
2.065e-06      0.1374968764290939 
2.0675e-06     0.124441777415058 
2.07e-06       0.1183239321321161 
2.0725e-06     0.09637813359796533 
2.075e-06      0.09703735717165018 
2.0775e-06     0.09042769032374663 
2.08e-06       0.07925636007827788 
2.0825e-06     0.07550161719103805 
2.085e-06      0.06542026376687333 
2.0875e-06     0.06234892227925543 
2.09e-06       0.05873618395930964 
2.0925e-06     0.04947836726663819 
2.095e-06      0.05093003917616092 
2.0975e-06     0.04664145518499112 
2.1e-06        0.04484606001666281 
2.1025e-06     0.04386434647028685 
2.105e-06      0.04227005870841487 
2.1075e-06     0.04227005870841487 
2.11e-06       0.04244409770180983 
2.1125e-06     0.04499485476230726 
2.115e-06      0.04842949980922259 
2.1175e-06     0.05040858321274436 
2.12e-06       0.0563600782778865 
2.1225e-06     0.05766399734281682 
2.125e-06      0.06528336007318472 
2.1275e-06     0.07103935533748776 
2.13e-06       0.07597233375490402 
2.1325e-06     0.08767400830711707 
2.135e-06      0.09181459958167786 
2.1375e-06     0.1022180778240652 
2.14e-06       0.1203415183856079 
2.1425e-06     0.1193363712897824 
2.145e-06      0.1345182075158408 
2.1475e-06     0.1495731795879102 
2.15e-06       0.1558081607723942 
2.1525e-06     0.1716890423773277 
2.155e-06      0.181246979148504 
2.1575e-06     0.1988817834250217 
2.16e-06       0.2076254821324137 
2.1625e-06     0.2302927460837752 
2.165e-06      0.2376955587470792 
2.1675e-06     0.2573474372968542 
2.17e-06       0.2675808869084265 
2.1725e-06     0.2881827750224894 
2.175e-06      0.299393726984166 
2.1775e-06     0.3208323668466556 
2.18e-06       0.3310902421218679 
2.1825e-06     0.3598453384817806 
2.185e-06      0.3714765374830411 
2.1875e-06     0.384632811499779 
2.19e-06       0.4042622548458069 
2.1925e-06     0.4227005870841487 
2.195e-06      0.4341910918956624 
2.1975e-06     0.4579256360078278 
2.2e-06        0.4694887464969563 
2.2025e-06     0.4931506849315068 
2.205e-06      0.5083231337638262 
2.2075e-06     0.5237755659973056 
2.21e-06       0.5459224319037967 
2.2125e-06     0.569365914750824 
2.215e-06      0.5741493710278139 
2.2175e-06     0.5954259258380562 
2.22e-06       0.6058401839505606 
2.2225e-06     0.6281085586407631 
2.225e-06      0.6375326247964936 
2.2275e-06     0.6590115940515159 
2.23e-06       0.6691615120699268 
2.2325e-06     0.6918030821050559 
2.235e-06      0.6973156680322561 
2.2375e-06     0.715068493150685 
2.24e-06       0.7246078679493997 
2.2425e-06     0.7414872798434443 
2.245e-06      0.7493550903409433 
2.2475e-06     0.7660126720088755 
2.25e-06       0.7736248593831205 
2.2525e-06     0.7797216272156603 
2.255e-06      0.7927135212197456 
2.2575e-06     0.8031311154598827 
2.26e-06       0.8069769262910199 
2.2625e-06     0.8189823874755382 
2.265e-06      0.8226926743474504 
2.2675e-06     0.83277982030967 
2.27e-06       0.8366161584503825 
2.2725e-06     0.839599924407375 
2.275e-06      0.8471624266144815 
2.2775e-06     0.8482554851119855 
2.28e-06       0.8533437376674953 
2.2825e-06     0.8551440562689111 
2.285e-06      0.8561017409505579 
2.2875e-06     0.8577299412915852 
2.29e-06       0.8577299412915852 
2.2925e-06     0.8575805503019369 
2.295e-06      0.8550397173828105 
2.2975e-06     0.8540636021663949 
2.3e-06        0.8497869558724348 
2.3025e-06     0.8420300727068459 
2.305e-06      0.8425650403921009 
2.3075e-06     0.8373417392577898 
2.31e-06       0.8281494349846488 
2.3125e-06     0.8240960435793017 
2.315e-06      0.8136986301369863 
2.3175e-06     0.8090956009804974 
2.32e-06       0.7979549841995913 
2.3225e-06     0.7795879447770383 
2.325e-06      0.7825641442747908 
2.3275e-06     0.7673823331611689 
2.33e-06       0.7576680382698497 
2.3325e-06     0.7460981887575514 
2.335e-06      0.7292854098332113 
2.3375e-06     0.7207345548942927 
2.34e-06       0.7119401019781925 
2.3425e-06     0.6904109589041096 
2.345e-06      0.6653484963898381 
2.3475e-06     0.6643479141067742 
2.35e-06       0.6463796477495107 
2.3525e-06     0.6359178019353726 
2.355e-06      0.615528623002279 
2.3575e-06     0.6041718523142358 
2.36e-06       0.5812133072407045 
2.3625e-06     0.5697781665818311 
2.365e-06      0.5418971869661147 
2.3675e-06     0.5335361561488398 
2.37e-06       0.5203809596401897 
2.3725e-06     0.4970767947033047 
2.375e-06      0.4851793511829485 
2.3775e-06     0.4614481409001957 
2.38e-06       0.4438356164383562 
2.3825e-06     0.4308881005689755 
2.385e-06      0.4087263195883395 
2.3875e-06     0.3898481409658318 
2.39e-06       0.3796900676971687 
2.3925e-06     0.3575342465753425 
2.395e-06      0.3459647621210113 
2.3975e-06     0.3163942253148487 
2.4e-06        0.308092736614358 
2.4025e-06     0.295137521784668 
2.405e-06      0.2763798591602687 
2.4075e-06     0.2618765449188594 
2.41e-06       0.2446882462693347 
2.4125e-06     0.2324565764626461 
2.415e-06      0.2100222691602113 
2.4175e-06     0.2044785718560597 
2.42e-06       0.186692759295499 
2.4225e-06     0.1763540121230314 
2.425e-06      0.1602739726027397 
2.4275e-06     0.1524441109574902 
2.43e-06       0.1383430938935359 
2.4325e-06     0.1325642721645428 
2.435e-06      0.1173019483260194 
2.4375e-06     0.1014282769291833 
2.44e-06       0.09817602731633482 
2.4425e-06     0.09312433496726426 
2.445e-06      0.08263183308258749 
2.4475e-06     0.07727261281602603 
2.45e-06       0.0672096482201657 
2.4525e-06     0.06335472426058605 
2.455e-06      0.06032572584735897 
2.4575e-06     0.05283757338551859 
2.46e-06       0.05172642482277735 
2.4625e-06     0.04666165336682616 
2.465e-06      0.04485535591794905 
2.4675e-06     0.04403131115459882 
2.47e-06       0.04385562828615316 
2.4725e-06     0.04227005870841487 
2.475e-06      0.04244388993781033 
2.4775e-06     0.04498345252732659 
2.48e-06       0.045960843695045 
2.4825e-06     0.05025178985006584 
2.485e-06      0.05218179178353376 
2.4875e-06     0.06147050783724182 
2.49e-06       0.06273704947567151 
2.4925e-06     0.07117630995180677 
2.495e-06      0.07418555139863005 
2.4975e-06     0.08454011741682975 
2.5e-06        0.08844417352020599 
2.5025e-06     0.1011118708669569 
2.505e-06      0.1186486917132492 
2.5075e-06     0.1166572240443981 
2.51e-06       0.1294835994641882 
2.5125e-06     0.1460475470348246 
2.515e-06      0.1537288162761959 
2.5175e-06     0.1598986146222997 
2.52e-06       0.1814090019569472 
2.5225e-06     0.1917169141313277 
2.525e-06      0.2078277886497065 
2.5275e-06     0.218306937500814 
2.53e-06       0.2407821149201932 
2.5325e-06     0.2465468737917073 
2.535e-06      0.2693377616983292 
2.5375e-06     0.2819522510906577 
2.54e-06       0.2949052618600333 
2.5425e-06     0.3136310615567666 
2.545e-06      0.328347158965066 
2.5475e-06     0.3479037253445318 
2.55e-06       0.3663405088062623 
2.5525e-06     0.3777530124510105 
2.555e-06      0.4011303920060005 
2.5575e-06     0.4120841673572435 
2.56e-06       0.4350293542074364 
2.5625e-06     0.452641878669276 
2.565e-06      0.4642488904937438 
2.5675e-06     0.487866927592955 
2.57e-06       0.4990265614024617 
2.5725e-06     0.5248979422242589 
2.575e-06      0.5405799275003242 
2.5775e-06     0.5537459480205543 
2.58e-06       0.5733353022615189 
2.5825e-06     0.5843856000036066 
2.585e-06      0.6076320939334638 
