
time (s)       VT("/out") (V)


2.765e-08      0.6229057407459163 
3.015e-08      0.6363790986046196 
3.265e-08      0.6534246575342466 
3.515e-08      0.6686941128521382 
3.765e-08      0.6833659491193738 
4.015e-08      0.6959529987436108 
4.265e-08      0.7115459882583171 
4.515e-08      0.7213880391418841 
4.765e-08      0.7379647749510764 
5.015e-08      0.7485322896281801 
5.265e-08      0.7622137386961415 
5.515e-08      0.7671950704928402 
5.765e-08      0.7819960861056752 
6.014999999999999e-08 0.7943647608729401 
6.265e-08      0.7977407020924858 
6.515e-08      0.8101761252446184 
6.765e-08      0.8172211350293542 
7.015e-08      0.8219688219314428 
7.265000000000001e-08 0.8313111545988259 
7.515000000000001e-08 0.8333185261258474 
7.765e-08      0.8409850699271511 
8.015e-08      0.8467188211100733 
8.265e-08      0.8487996203133736 
8.514999999999999e-08 0.8526412656810318 
8.765000000000001e-08 0.8540359893091495 
9.015e-08      0.8559686888454012 
9.265e-08      0.8563808786819863 
9.515e-08      0.8577299412915852 
9.765e-08      0.8573190556588689 
1.0015e-07     0.8547892904273473 
1.0265e-07     0.8537897174248159 
1.0515e-07     0.8492753267260477 
1.0765e-07     0.847286712203262 
1.1015e-07     0.8387527145044323 
1.1265e-07     0.8366191541363199 
1.1515e-07     0.8291786497567853 
1.1765e-07     0.8248769686182591 
1.2015e-07     0.8154598825831703 
1.2265e-07     0.8107195727388095 
1.2515e-07     0.8002239353306099 
1.2765e-07     0.7931827746505231 
1.3015e-07     0.7754348052502671 
1.3265e-07     0.7708804584730545 
1.3515e-07     0.7580810352511298 
1.3765e-07     0.7510915852551066 
1.4015e-07     0.7346425217544076 
1.4265e-07     0.7203522504892368 
1.4515e-07     0.7090431994112462 
1.4765e-07     0.6939334637964776 
1.5015e-07     0.6812798037103764 
1.5265e-07     0.6657534246575342 
1.5515e-07     0.6521477609298493 
1.5765e-07     0.6354244453050476 
1.6015e-07     0.6172980173135398 
1.6265e-07     0.6053863522290742 
1.6515e-07     0.5864970645792563 
1.6765e-07     0.5734959713256462 
1.7015e-07     0.5518722714099507 
1.7265e-07     0.5390035108046234 
1.7515e-07     0.5181958548794982 
1.7765e-07     0.503898784830074 
1.8015e-07     0.4862859628744308 
1.8265e-07     0.4667318982387476 
1.8515e-07     0.449119373776908 
1.8765e-07     0.4350512496912572 
1.9015e-07     0.413894324853229 
1.9265e-07     0.3997980522178523 
1.9515e-07     0.3786692759295499 
1.9765e-07     0.3642068433806026 
2.0015e-07     0.3486228478989801 
2.0265e-07     0.32643841701892 
2.0515e-07     0.3139482738106625 
2.0765e-07     0.2972411358431215 
2.1015e-07     0.2791368307163563 
2.1265e-07     0.2671203628159846 
2.1515e-07     0.2483365949119374 
2.1765e-07     0.2352422653960028 
2.2015e-07     0.2183953033268102 
2.2265e-07     0.2058469728871105 
2.2515e-07     0.1902152641878669 
2.2765e-07     0.1780635775878199 
2.3015e-07     0.1649472231578184 
2.3265e-07     0.1534327673749234 
2.3515e-07     0.1464203364057566 
2.3765e-07     0.1302718803282305 
2.4015e-07     0.1207862965276572 
2.4265e-07     0.1058811644628176 
2.4515e-07     0.1032190836517769 
2.4765e-07     0.0920908858161639 
2.5015e-07     0.08173762285926092 
2.5265e-07     0.07802224090912713 
2.5515e-07     0.07374013794570883 
2.5765e-07     0.06340508806262231 
2.6015e-07     0.05895573612717177 
2.6265e-07     0.05459882583170255 
2.6515e-07     0.05294927049600131 
2.6765e-07     0.04790026579309997 
2.7015e-07     0.04713361182314137 
2.7265e-07     0.04456830006851129 
2.7515e-07     0.04359612175028574 
2.7765e-07     0.04227005870841487 
2.8015e-07     0.04270425267787362 
2.8265e-07     0.0452275619841228 
2.8515e-07     0.04622172457086779 
2.8765e-07     0.04959389463804886 
2.9015e-07     0.05138163496311345 
2.9265e-07     0.05812133072407045 
2.9515e-07     0.06252238518570412 
2.9765e-07     0.06544920670299084 
3.0015e-07     0.07573385518590998 
3.0265e-07     0.08052038384574178 
3.0515e-07     0.09301854223960654 
3.0765e-07     0.09981279764947355 
3.1015e-07     0.1063949514274081 
3.1265e-07     0.121683254285266 
3.1515e-07     0.1280261901546345 
3.1765e-07     0.1422381878107442 
3.2015e-07     0.147270500532258 
3.2265e-07     0.1628945579033595 
3.2515e-07     0.1775000156833399 
3.2765e-07     0.1886987199593033 
3.3015e-07     0.2043052837573386 
3.3265e-07     0.2169025410222683 
3.3515e-07     0.2324853228962818 
3.3765e-07     0.2455104754768663 
3.4015e-07     0.262426614481409 
3.4265e-07     0.2761692718185719 
3.4515e-07     0.2964304515982606 
3.4765e-07     0.3103746003048449 
3.5015e-07     0.3254573962841599 
3.5265e-07     0.3462615609241609 
3.5515e-07     0.3581411159720326 
3.5765e-07     0.3786692759295499 
3.6015e-07     0.3962818003913894 
3.6265e-07     0.4103713582092523 
3.6515e-07     0.4315068493150685 
3.6765e-07     0.4452726646949689 
3.7015e-07     0.4649706457925636 
3.7265e-07     0.4843444227005871 
3.7515e-07     0.5000789071363204 
3.7765e-07     0.5172476672540991 
3.8015e-07     0.5354207436399218 
3.8265e-07     0.5495157467054868 
3.8515e-07     0.5675245008982946 
3.8765e-07     0.5845954055374339 
3.9015e-07     0.6024180790199074 
3.9265e-07     0.6152033274729557 
3.9515e-07     0.6356633300895379 
3.9765e-07     0.6485428284787272 
4.0015e-07     0.6623975422224457 
4.0265e-07     0.6798434442270059 
4.0515e-07     0.6924256937933335 
4.0765e-07     0.7080234833659491 
4.1015e-07     0.7193495585135322 
4.1265e-07     0.7340560945847878 
4.1515e-07     0.7391955734887748 
4.1765e-07     0.7571339944277374 
4.2015e-07     0.7679816608549001 
4.2265e-07     0.7773333085124395 
4.2515e-07     0.7925129040193601 
4.2765e-07     0.7942288928061287 
4.3015e-07     0.8066536203522505 
4.3265e-07     0.8118020756762835 
4.3515e-07     0.8225048923679061 
4.3765e-07     0.8272591614921809 
4.4015e-07     0.8354305719911063 
4.4265e-07     0.8384489904723266 
4.4515e-07     0.8467323488037197 
4.4765e-07     0.8470339284097201 
4.5015e-07     0.8520851472550758 
4.5265e-07     0.8528624981771971 
4.5515e-07     0.8554177244204284 
4.5765e-07     0.8563788191011932 
4.6015e-07     0.8577299412915852 
4.6265e-07     0.8573296228377925 
4.6515e-07     0.8559686888454012 
4.6765e-07     0.8543463216933694 
4.7015e-07     0.8505405873171173 
4.7265e-07     0.8490476637592087 
4.7515e-07     0.8427668722539974 
4.7765e-07     0.8376171943826962 
4.8015e-07     0.8345805089623192 
4.826499999999999e-07 0.82426614481409 
4.8515e-07     0.8195018256492496 
4.8765e-07     0.8101761252446184 
4.9015e-07     0.8013698630136986 
4.9265e-07     0.7961619545690864 
4.9515e-07     0.7801124209145378 
4.9765e-07     0.7714285714285714 
5.0015e-07     0.7651120940201696 
5.0265e-07     0.7502070378270416 
5.051499999999999e-07 0.7381446911497092 
5.0765e-07     0.7265837015720867 
5.1015e-07     0.7131176909383624 
5.1265e-07     0.6974559686888455 
5.1515e-07     0.6848155037225333 
5.176499999999999e-07 0.6692759295499021 
5.2015e-07     0.6568105825015389 
5.2265e-07     0.638002753006036 
5.2515e-07     0.6264185561623155 
5.276499999999999e-07 0.6082187418912964 
5.3015e-07     0.5948511547804598 
5.3265e-07     0.5741682974559688 
5.3515e-07     0.5573731149725264 
5.376499999999999e-07 0.5427430369155734 
5.401499999999999e-07 0.5230919765166341 
5.4265e-07     0.5101931803405124 
5.4515e-07     0.489628180039139 
5.4765e-07     0.4720156555772995 
5.501499999999999e-07 0.4561048457083053 
5.5265e-07     0.4367906066536204 
5.5515e-07     0.4191780821917809 
5.5765e-07     0.4050869036174395 
5.601499999999999e-07 0.3839683381837389 
5.626499999999999e-07 0.3699195516166599 
5.6515e-07     0.3491148791082336 
5.6765e-07     0.3328767123287671 
5.7015e-07     0.3199937157882444 
5.726499999999999e-07 0.299412915851272 
5.7515e-07     0.2856755872899463 
5.7765e-07     0.2690677284658047 
5.8015e-07     0.250491595167446 
5.826499999999999e-07 0.2392874233555707 
5.8515e-07     0.2219178082191781 
5.8765e-07     0.2094295006506503 
5.9015e-07     0.1937377690802348 
5.9265e-07     0.1816605011123183 
5.951499999999999e-07 0.1673189823874755 
5.9765e-07     0.1609761720365347 
6.0015e-07     0.1453800798090455 
6.0265e-07     0.1307442371439253 
6.051499999999999e-07 0.122656587183937 
6.0765e-07     0.1162081840617547 
6.1015e-07     0.09885152079331137 
6.1265e-07     0.09334637964774951 
6.151499999999999e-07 0.08853509791113419 
6.176499999999999e-07 0.07884883573355436 
6.2015e-07     0.07308909397622101 
6.2265e-07     0.06516634050880626 
6.2515e-07     0.06151720519385814 
6.276499999999999e-07 0.05325262415718489 
6.3015e-07     0.0529650039706767 
6.3265e-07     0.04792594370025176 
6.3515e-07     0.04712184845087566 
6.376499999999999e-07 0.04457748274877581 
6.4015e-07     0.04359654123998299 
6.4265e-07     0.04227005870841487 
6.4515e-07     0.04268668591967124 
6.4765e-07     0.04403131115459882 
6.501499999999999e-07 0.04527058019085071 
6.5265e-07     0.048980391992933 
6.5515e-07     0.05096234281667294 
6.5765e-07     0.0563600782778865 
6.601499999999999e-07 0.05844950683705488 
6.6265e-07     0.06607982808358913 
6.6515e-07     0.07397260273972603 
6.6765e-07     0.07879436083903693 
6.701499999999999e-07 0.08806262230919765 
6.726499999999999e-07 0.09325034627144642 
6.7515e-07     0.1056751467710372 
6.7765e-07     0.1155798488837847 
6.8015e-07     0.1268101761252446 
6.826499999999999e-07 0.133200441940192 
6.8515e-07     0.1480042304892396 
6.8765e-07     0.1578601127042762 
6.9015e-07     0.1739618802948995 
6.926499999999999e-07 0.1851588618789239 
6.951499999999999e-07 0.198710787632245 
6.9765e-07     0.2115778600385527 
7.0015e-07     0.2289628180039139 
7.0265e-07     0.2415997635377183 
7.051499999999999e-07 0.257547491023149 
7.0765e-07     0.2741640800995502 
7.1015e-07     0.2892454004597566 
7.1265e-07     0.3043146875927473 
7.151499999999999e-07 0.3209498100953179 
7.1765e-07     0.3440769579199644 
7.2015e-07     0.3536824153663094 
7.2265e-07     0.3733855185909981 
7.2515e-07     0.3874759458315499 
7.276499999999999e-07 0.4089194744841799 
7.3015e-07     0.4262230919765166 
7.3265e-07     0.4391715967320624 
7.3515e-07     0.4628137626822653 
7.376499999999999e-07 0.4790606653620352 
7.4015e-07     0.4931836241839359 
7.4265e-07     0.5142857142857143 
7.4515e-07     0.5272172752393368 
7.476499999999999e-07 0.5477495107632094 
7.501499999999999e-07 0.5694868664186939 
7.5265e-07     0.5791127040787187 
7.5515e-07     0.598825831702544 
7.5765e-07     0.6117288282718504 
7.601499999999999e-07 0.6299299922753899 
7.6265e-07     0.64300565353477 
7.6515e-07     0.6591080068346299 
7.6765e-07     0.6729828017601355 
7.701499999999999e-07 0.693029084071024 
7.7265e-07     0.7045009784735812 
7.7515e-07     0.711197904159337 
7.7765e-07     0.7289699552590595 
7.8015e-07     0.7421142563291624 
7.826499999999999e-07 0.7536390955960129 
7.8515e-07     0.7634205551207494 
7.8765e-07     0.7767123287671234 
7.9015e-07     0.7830968770617597 
7.926499999999999e-07 0.7993412149955417 
7.9515e-07     0.8043106864090821 
7.9765e-07     0.8108407240448446 
8.0015e-07     0.8207436399217222 
8.0265e-07     0.8255109172706759 
8.051499999999999e-07 0.8348336594911938 
8.0765e-07     0.8383929211653323 
8.1015e-07     0.8417307477435318 
8.1265e-07     0.8502720172185892 
8.151499999999999e-07 0.8493196862981587 
8.1765e-07     0.8538760890883704 
8.2015e-07     0.8554139777373588 
8.2265e-07     0.8563732678552809 
8.251499999999999e-07 0.8577299412915852 
8.276499999999999e-07 0.8577299412915852 
8.3015e-07     0.8573193091532625 
8.3265e-07     0.8547660097545519 
8.3515e-07     0.8510926080706215 
8.376499999999999e-07 0.8490782655705005 
8.4015e-07     0.8436399217221136 
8.4265e-07     0.8416330800869405 
8.4515e-07     0.8340206126706857 
8.476499999999999e-07 0.8287789158233794 
8.5015e-07     0.8230304496746471 
8.5265e-07     0.8122243213139881 
8.5515e-07     0.8071850796779125 
8.5765e-07     0.7965330210921803 
8.601499999999999e-07 0.7820968780596053 
8.6265e-07     0.7792242455027748 
8.6515e-07     0.7643835616438357 
8.6765e-07     0.7506746086071289 
8.701499999999999e-07 0.7426919684694525 
8.7265e-07     0.7285726521171974 
8.7515e-07     0.7166924201729743 
8.7765e-07     0.701369271234395 
8.8015e-07     0.6902066528127495 
8.826499999999999e-07 0.6727984344422701 
8.8515e-07     0.6603445983172642 
8.8765e-07     0.6428571428571429 
8.9015e-07     0.6303749302205716 
8.926499999999999e-07 0.6116408106764738 
8.9515e-07     0.5982849334432104 
8.9765e-07     0.5794520547945206 
9.0015e-07     0.566451047507544 
9.026499999999999e-07 0.5417332325117518 
9.0515e-07     0.5283757338551859 
9.0765e-07     0.5126771037447252 
9.1015e-07     0.495476727370613 
9.1265e-07     0.4772994129158513 
9.151499999999999e-07 0.4630022988535241 
9.1765e-07     0.4420743639921722 
9.2015e-07     0.4280577406344703 
9.2265e-07     0.4068493150684931 
9.251499999999999e-07 0.391191251131017 
9.2765e-07     0.3736643456179408 
9.3015e-07     0.3540117416829746 
9.3265e-07     0.3321177016622143 
9.3515e-07     0.3235623638801111 
9.376499999999999e-07 0.3046966731898239 
9.4015e-07     0.2917346279211088 
9.4265e-07     0.2724253004765011 
9.4515e-07     0.2600464958139668 
9.476499999999999e-07 0.2412915851272016 
9.5015e-07     0.2285721943780388 
9.5265e-07     0.2131115459882583 
9.551500000000001e-07 0.2006278106205867 
9.576500000000001e-07 0.1849315068493151 
9.6015e-07     0.1735299058366223 
9.6265e-07     0.1585127201565558 
9.6515e-07     0.1490735447399417 
9.6765e-07     0.134266823497582 
9.701499999999999e-07 0.1250489236790607 
9.726500000000001e-07 0.118533840778116 
9.751500000000001e-07 0.1033016986014732 
9.776500000000001e-07 0.09686888454011741 
9.801500000000001e-07 0.09164844481806367 
9.8265e-07     0.08101761252446184 
9.8515e-07     0.07619725546148272 
9.876500000000002e-07 0.06692759295499022 
9.901500000000002e-07 0.06251254123938271 
9.926500000000001e-07 0.05951406711092246 
9.951500000000001e-07 0.05283757338551859 
9.976500000000001e-07 0.05120646140450686 
1.00015e-06    0.04611883257187738 
1.00265e-06    0.04458529278459544 
1.00515e-06    0.04360788734691144 
1.00765e-06    0.04227005870841487 
1.01015e-06    0.04227005870841487 
1.01265e-06    0.04270884182216055 
1.01515e-06    0.04525692792302846 
1.01765e-06    0.04621600457475997 
1.02015e-06    0.05079638998818688 
1.02265e-06    0.05766976486640311 
1.02515e-06    0.05802751336420889 
1.02765e-06    0.06355457445877283 
1.03015e-06    0.07221135029354207 
1.03265e-06    0.0770229344319082 
1.03515e-06    0.0863013698630137 
1.03765e-06    0.09230688955407854 
1.04015e-06    0.103418346592296 
1.04265e-06    0.1158879229525964 
1.04515e-06    0.1191751606668532 
1.04765e-06    0.1338551859099804 
1.05015e-06    0.143016395942284 
1.05265e-06    0.1557997472816856 
1.05515e-06    0.1704251888109777 
1.05765e-06    0.1814612642659905 
1.06015e-06    0.1898774118685944 
1.06265e-06    0.2095890410958904 
1.06515e-06    0.2282304836140026 
1.06765e-06    0.2379435468404833 
1.07015e-06    0.2536203522504892 
1.07265e-06    0.2665421948994428 
1.07515e-06    0.284763437551484 
1.07765e-06    0.2982658800956962 
1.08015e-06    0.3187866927592955 
1.08265e-06    0.3325597539089896 
1.08515e-06    0.356512689476871 
1.08765e-06    0.3667401989432765 
1.09015e-06    0.382201438814965 
1.09265e-06    0.4033268101761253 
1.09515e-06    0.4173731761494028 
1.09765e-06    0.4385518590998043 
1.10015e-06    0.4561643835616438 
1.10265e-06    0.471980701348725 
1.10515e-06    0.4913894324853229 
1.10765e-06    0.5090019569471624 
1.11015e-06    0.5227608458453259 
1.11265e-06    0.5424657534246575 
1.11515e-06    0.5565893301111965 
1.11765e-06    0.5819978815490672 
1.12015e-06    0.5921857190568408 
1.12265e-06    0.6072174060910746 
1.12515e-06    0.6238843023151572 
1.12765e-06    0.6404676549516871 
1.13015e-06    0.6555644219368023 
1.13265e-06    0.6695141059827511 
1.13515e-06    0.6851272015655577 
1.13765e-06    0.6977091829804124 
1.14015e-06    0.713307240704501 
1.14265e-06    0.7254683218448958 
1.14515e-06    0.7397260273972602 
1.14765e-06    0.7491256992326116 
1.15015e-06    0.7619906993419151 
1.15265e-06    0.7689325044338651 
1.15515e-06    0.7837573385518591 
1.15765e-06    0.7957436787674042 
1.16015e-06    0.8031311154598827 
1.16265e-06    0.8078763220936157 
1.16515e-06    0.8176344043367628 
1.16765e-06    0.8237488683322393 
1.17015e-06    0.8330724070450097 
1.17265e-06    0.8373730647264908 
1.17515e-06    0.8403710393300968 
1.17765e-06    0.8471624266144815 
1.18015e-06    0.8487940131470587 
1.18265e-06    0.8538614105451426 
1.18515e-06    0.8554045041306318 
1.18765e-06    0.8559686888454012 
1.19015e-06    0.8563820472938831 
1.19265e-06    0.8577299412915852 
1.19515e-06    0.8573196398833351 
1.19765e-06    0.8547802250551879 
1.20015e-06    0.8537900239935668 
1.20265e-06    0.8492749149797549 
1.20515e-06    0.8473001072332383 
1.20765e-06    0.838767290000347 
1.21015e-06    0.8365620410764731 
1.21265e-06    0.8290581281552214 
1.21515e-06    0.8248087385459811 
1.21765e-06    0.8154598825831703 
1.22015e-06    0.8103024570329004 
1.22265e-06    0.7978473581213307 
1.22515e-06    0.7837942910813985 
1.22765e-06    0.782149338354166 
1.23015e-06    0.7690869089752329 
1.23265e-06    0.7542030079266413 
1.23515e-06    0.7450097847358121 
1.23765e-06    0.7382298424296656 
1.24015e-06    0.7185909980430528 
1.24265e-06    0.7065109878186522 
1.24515e-06    0.6921722113502935 
1.24765e-06    0.6795480033156843 
1.25015e-06    0.6639921722113503 
1.25265e-06    0.6512320607805355 
1.25515e-06    0.6309104808822363 
1.25765e-06    0.6178095603687895 
1.26015e-06    0.6027937327875381 
1.26265e-06    0.5861058098712991 
1.26515e-06    0.5689611660012319 
1.26765e-06    0.5502090988744894 
1.27015e-06    0.5336594911937378 
1.27265e-06    0.5195780861328921 
1.27515e-06    0.4987405358554051 
1.27765e-06    0.4854933400035492 
1.28015e-06    0.4649706457925636 
1.28265e-06    0.4473581213307241 
1.28515e-06    0.4333285522547768 
1.28765e-06    0.412133072407045 
1.29015e-06    0.3983079918865034 
1.29265e-06    0.3769080234833659 
1.29515e-06    0.3592954990215264 
1.29765e-06    0.3439231789680338 
1.30015e-06    0.3258317025440313 
1.30265e-06    0.3132339422519562 
1.30515e-06    0.2923679060665362 
1.30765e-06    0.27711198412844 
1.31015e-06    0.2635705351677771 
1.31265e-06    0.2465753424657534 
1.31515e-06    0.2311635535458098 
1.31765e-06    0.2166340508806262 
1.32015e-06    0.204096078318653 
1.32265e-06    0.188454011741683 
1.32515e-06    0.1785957873758786 
1.32765e-06    0.1620352250489237 
1.33015e-06    0.15146771037182 
1.33265e-06    0.1377895564359894 
1.33515e-06    0.1327219546459528 
1.33765e-06    0.1180039138943249 
1.34015e-06    0.1057297775469739 
1.34265e-06    0.1022532407262732 
1.34515e-06    0.0898238747553816 
1.34765e-06    0.08277886497064581 
1.35015e-06    0.0779817387015859 
1.35265e-06    0.06868884540117418 
1.35515e-06    0.06662727941726454 
1.35765e-06    0.05895949749290872 
1.36015e-06    0.05374466424313567 
1.36265e-06    0.0511884177078036 
1.36515e-06    0.04740828710905309 
1.36765e-06    0.04593269090609207 
1.37015e-06    0.04403131115459882 
1.37265e-06    0.04359560231711046 
1.37515e-06    0.04227005870841487 
1.37765e-06    0.04270652487265107 
1.38015e-06    0.04524445821200931 
1.38265e-06    0.04622535696735878 
1.38515e-06    0.05077187794153731 
1.38765e-06    0.05272957995823282 
1.39015e-06    0.06122371206392003 
1.39265e-06    0.06349256448035684 
1.39515e-06    0.07082217285491743 
1.39765e-06    0.07518721071658338 
1.40015e-06    0.08454011741682975 
1.40265e-06    0.08933867053580744 
1.40515e-06    0.09985209859562794 
1.40765e-06    0.1067952429626175 
1.41015e-06    0.1229990279074877 
1.41265e-06    0.1292748918382491 
1.41515e-06    0.1419926669210718 
1.41765e-06    0.1489771214884567 
1.42015e-06    0.1654171932188519 
1.42265e-06    0.1796477495107632 
1.42515e-06    0.1910423365852464 
1.42765e-06    0.2060665362035225 
1.43015e-06    0.2186822229805357 
1.43265e-06    0.2342465753424658 
1.43515e-06    0.2480447717302852 
1.43765e-06    0.2645755128954337 
1.44015e-06    0.2826150488923027 
1.44265e-06    0.2946922227397564 
1.44515e-06    0.3135029354207437 
1.44765e-06    0.3264637104727882 
1.45015e-06    0.3485904187644173 
1.45265e-06    0.3610438832505509 
1.45515e-06    0.3818057746327524 
1.45765e-06    0.3961158637901978 
1.46015e-06    0.4136687758929763 
1.46265e-06    0.4332681017612525 
1.46515e-06    0.450880626223092 
1.46765e-06    0.4651434031711909 
1.47015e-06    0.4861056751467711 
1.47265e-06    0.5002477478156282 
1.47515e-06    0.52158331032938 
1.47765e-06    0.5358101672058555 
1.48015e-06    0.5513227843298618 
1.48265e-06    0.5739716731760998 
1.48515e-06    0.586116286309063 
1.48765e-06    0.6027489516510143 
1.49015e-06    0.6208945982895957 
1.49265e-06    0.6328275615427696 
1.49515e-06    0.6516634050880626 
1.49765e-06    0.6645812966921855 
1.50015e-06    0.6816046966731898 
1.50265e-06    0.6942010836567999 
1.50515e-06    0.7097847358121331 
1.50765e-06    0.7219156365045487 
1.51015e-06    0.7362035225048923 
1.51265e-06    0.7467710371819961 
1.51515e-06    0.7534724570721557 
1.51765e-06    0.7699508800209759 
1.52015e-06    0.7791512403783711 
1.52265e-06    0.79418374582336 
1.52515e-06    0.7967903542459839 
1.52765e-06    0.8079020747651391 
1.53015e-06    0.8183402563127188 
1.53265e-06    0.8219321838725747 
1.53515e-06    0.8261992840007513 
1.53765e-06    0.8365949119373777 
1.54015e-06    0.8409802642085615 
1.54265e-06    0.8454011741682974 
1.54515e-06    0.8470362339576492 
1.54765e-06    0.8520889422257157 
1.55015e-06    0.8528537085778005 
1.55265e-06    0.8554217936638275 
1.55515e-06    0.856380099863327 
1.55765e-06    0.8577299412915852 
1.56015e-06    0.8573245003512598 
1.56265e-06    0.8548089776055664 
1.56515e-06    0.8537904957348005 
1.56765e-06    0.8504364188640673 
1.57015e-06    0.8486448029063437 
1.57265e-06    0.8418786692759296 
1.57515e-06    0.8375674420345955 
1.57765e-06    0.8346082971431619 
1.58015e-06    0.82426614481409 
1.58265e-06    0.8195318427619134 
1.58515e-06    0.8070878922861054 
1.58765e-06    0.8002534110587958 
1.59015e-06    0.7936102029036985 
1.59265e-06    0.7767556813070965 
1.59515e-06    0.7721074491108616 
1.59765e-06    0.7577373261349758 
1.60015e-06    0.7528000242954132 
1.60265e-06    0.7371775457635636 
1.60515e-06    0.7224929842128343 
1.60765e-06    0.7113526478257536 
1.61015e-06    0.6956947162426614 
1.61265e-06    0.6830412682963275 
1.61515e-06    0.6675146771037183 
1.61765e-06    0.6546638751860129 
1.62015e-06    0.637573385518591 
1.62265e-06    0.6238910050838707 
1.62515e-06    0.6037489779096773 
1.62765e-06    0.5896403674128687 
1.63015e-06    0.5745073587132224 
1.63265e-06    0.5536994100780072 
1.63515e-06    0.5419199413238316 
1.63765e-06    0.5213307240704501 
1.64015e-06    0.5037181996086106 
1.64265e-06    0.4895652579403467 
1.64515e-06    0.4684931506849315 
1.64765e-06    0.4545530325808838 
1.65015e-06    0.4350293542074364 
1.65265e-06    0.4156555772994129 
1.65515e-06    0.4000113202431561 
1.65765e-06    0.3827714518476417 
1.66015e-06    0.3645792563600783 
1.66265e-06    0.3504409915530998 
1.66515e-06    0.3309528947140814 
1.66765e-06    0.3155068597753645 
1.67015e-06    0.297651663405088 
1.67265e-06    0.2847313461956187 
1.67515e-06    0.2647574538367518 
1.67765e-06    0.2514592389685127 
1.68015e-06    0.2374672436859323 
1.68265e-06    0.2201565557729941 
1.68515e-06    0.2076462698961109 
1.68765e-06    0.1919765166340509 
1.69015e-06    0.1806173956807196 
1.69265e-06    0.1659375573508967 
1.69515e-06    0.1607833538538411 
1.69765e-06    0.1428511233130605 
1.70015e-06    0.1320939334637965 
1.70265e-06    0.1225817211497243 
1.70515e-06    0.1075482439792824 
1.70765e-06    0.1057738593658952 
1.71015e-06    0.09334637964774951 
1.71265e-06    0.08812122553139519 
1.71515e-06    0.07749510763209394 
1.71765e-06    0.07269365741092958 
1.72015e-06    0.06466387540324955 
1.72265e-06    0.0615019877077453 
1.72515e-06    0.05326743930608546 
1.72765e-06    0.05295447458069487 
1.73015e-06    0.04791890074193209 
1.73265e-06    0.04712693238449282 
1.73515e-06    0.04456917929260765 
1.73765e-06    0.04359490546642936 
1.74015e-06    0.04227005870841487 
1.74265e-06    0.04269984061153759 
1.74515e-06    0.04403131115459882 
1.74765e-06    0.04569298157379272 
1.75015e-06    0.04946069787908973 
1.75265e-06    0.05096621453982222 
1.75515e-06    0.05774873096970731 
1.75765e-06    0.06247102611296836 
1.76015e-06    0.06547342888391805 
1.76265e-06    0.07573385518590998 
1.76515e-06    0.08054884051211496 
1.76765e-06    0.0898238747553816 
1.77015e-06    0.09863013698630137 
1.77265e-06    0.1038475164098372 
1.77515e-06    0.1197224919184657 
1.77765e-06    0.1285714285714286 
1.78015e-06    0.1349642934722589 
1.78265e-06    0.1499670538193535 
1.78515e-06    0.1619198692273928 
1.78765e-06    0.1729835916666132 
1.79015e-06    0.1869360968590449 
1.79265e-06    0.2025440313111546 
1.79515e-06    0.2151198049350488 
1.79765e-06    0.2307240704500979 
1.80015e-06    0.2433676223310017 
1.80265e-06    0.262020053069011 
1.80515e-06    0.2736338992499016 
1.80765e-06    0.2917967328507058 
1.81015e-06    0.305192406279179 
1.81265e-06    0.3258317025440313 
1.81515e-06    0.3411317199654491 
1.81765e-06    0.3573291865103845 
1.82015e-06    0.3769080234833659 
1.82265e-06    0.3897355419110249 
1.82515e-06    0.4106015833347126 
1.82765e-06    0.4279843444227006 
1.83015e-06    0.443731045128229 
1.83265e-06    0.4632093933463797 
1.83515e-06    0.4808219178082192 
1.83765e-06    0.494990747843603 
1.84015e-06    0.5160469667318982 
1.84265e-06    0.5301248264279408 
1.84515e-06    0.5508867974596594 
1.84765e-06    0.565220497093742 
1.85015e-06    0.5800870740179209 
1.85265e-06    0.6005870841487281 
1.85515e-06    0.6142848399777783 
1.85765e-06    0.6309173769152926 
1.86015e-06    0.6495088051601302 
1.86265e-06    0.6605631917503689 
1.86515e-06    0.678082191780822 
1.86765e-06    0.6906298522272545 
1.87015e-06    0.7062622309197653 
1.87265e-06    0.7182905955549024 
1.87515e-06    0.7326810176125246 
1.87765e-06    0.7390123378393637 
1.88015e-06    0.7546183576615794 
1.88265e-06    0.7692701631007309 
1.88515e-06    0.7772790031169987 
1.88765e-06    0.7836475346742303 
1.89015e-06    0.799755479074028 
1.89265e-06    0.8066536203522505 
1.89515e-06    0.8114219578291958 
1.89765e-06    0.8211407499418357 
1.90015e-06    0.8268908787844219 
1.90265e-06    0.8348336594911938 
1.90515e-06    0.8384274018223973 
1.90765e-06    0.8467463544241842 
1.91015e-06    0.8470270483200596 
1.91265e-06    0.8520681076358363 
1.91515e-06    0.8528637743514985 
1.91765e-06    0.8554170218325374 
1.92015e-06    0.8563771715041223 
1.92265e-06    0.8577299412915852 
1.92515e-06    0.8573429915510921 
1.92765e-06    0.8559686888454012 
1.93015e-06    0.8547579119812686 
1.93265e-06    0.8510650231672526 
1.93515e-06    0.8490552953497748 
1.93765e-06    0.8436399217221136 
1.94015e-06    0.8416416721834278 
1.94265e-06    0.8340133760148513 
1.94515e-06    0.826027397260274 
1.94765e-06    0.8212671289917232 
1.95015e-06    0.8119373776908024 
1.95265e-06    0.8068107686555718 
1.95515e-06    0.7943248532289628 
1.95765e-06    0.7819133479740009 
1.96015e-06    0.7731898238747554 
1.96265e-06    0.7668733020820662 
1.96515e-06    0.752054794520548 
1.96765e-06    0.742241574776533 
1.97015e-06    0.7260259037854652 
1.97265e-06    0.7149146011108335 
1.97515e-06    0.701414711728824 
1.97765e-06    0.6884000283083329 
1.98015e-06    0.6710371819960862 
1.98265e-06    0.6585659779764272 
1.98515e-06    0.6424665217801037 
1.98765e-06    0.6259306691557571 
1.99015e-06    0.6107695476148053 
1.99265e-06    0.5957624078433044 
1.99515e-06    0.579038890071126 
1.99765e-06    0.5558409675542989 
2.00015e-06    0.546379290707353 
2.00265e-06    0.526614481409002 
2.00515e-06    0.512460440121512 
2.00765e-06    0.4913894324853229 
2.01015e-06    0.4737769080234834 
2.01265e-06    0.460645379517274 
2.01515e-06    0.4371692576052197 
2.01765e-06    0.4209393346379648 
2.02015e-06    0.4068912412063977 
2.02265e-06    0.3860502959929902 
2.02515e-06    0.3728562544057457 
2.02765e-06    0.3522504892367906 
2.03015e-06    0.3304373085773889 
2.03265e-06    0.3209632402485291 
2.03515e-06    0.3043249896292289 
2.03765e-06    0.2872327497974584 
2.04015e-06    0.2700798583134986 
2.04265e-06    0.2569562607724612 
2.04515e-06    0.2408694130556844 
2.04765e-06    0.2268882979962683 
2.05015e-06    0.2070095290790934 
2.05265e-06    0.2030871684774202 
2.05515e-06    0.1831702544031311 
2.05765e-06    0.1710220249947398 
2.06015e-06    0.1579042375477863 
2.06265e-06    0.1463461441260168 
2.06515e-06    0.1367043128283116 
2.06765e-06    0.1232876712328767 
2.07015e-06    0.1167388049305515 
2.07265e-06    0.09928420013416703 
2.07515e-06    0.09571641783701305 
2.07765e-06    0.08910675098910951 
2.08015e-06    0.07925636007827788 
2.08265e-06    0.07444486572332835 
2.08515e-06    0.06516634050880626 
2.08765e-06    0.06155635867847314 
2.09015e-06    0.05820780822545479 
2.09265e-06    0.04974255513356562 
2.09515e-06    0.05066585130923348 
2.09765e-06    0.04611307945113627 
2.10015e-06    0.04458187214973538 
2.10265e-06    0.04360015860335942 
2.10515e-06    0.04227005870841487 
2.10765e-06    0.04227005870841487 
2.11015e-06    0.04270828556873726 
2.11265e-06    0.04525904262923468 
2.11515e-06    0.04895787554307744 
2.11765e-06    0.05093695894659921 
2.12015e-06    0.0563600782778865 
2.12265e-06    0.05845656094359909 
2.12515e-06    0.066075923673967 
2.12765e-06    0.07130354320441518 
2.13015e-06    0.07702908522261372 
2.13265e-06    0.08793819617404448 
2.13515e-06    0.09287135104938755 
2.13765e-06    0.1035390171587023 
2.14015e-06    0.1176996397163337 
2.14265e-06    0.1209214984913469 
2.14515e-06    0.1356164383561644 
2.14765e-06    0.1493089917209828 
2.15015e-06    0.1573932879739588 
2.15265e-06    0.1714248545104002 
2.15515e-06    0.1833604820839235 
2.15765e-06    0.1986175955580943 
2.16015e-06    0.2097389850678331 
2.16265e-06    0.22720156555773 
2.16515e-06    0.2398090616824986 
2.16765e-06    0.2571428571428572 
2.17015e-06    0.2696943898438459 
2.17265e-06    0.2887111507563443 
2.17515e-06    0.3017714177865129 
2.17765e-06    0.3205681789797282 
2.18015e-06    0.3334679329242147 
2.18265e-06    0.358260211280216 
2.18515e-06    0.3716242661448141 
2.18765e-06    0.3872746901690532 
2.19015e-06    0.4045264427127342 
2.19265e-06    0.4227005870841487 
2.19515e-06    0.4368329705649366 
2.19765e-06    0.4579256360078278 
2.20015e-06    0.4721306251662306 
2.20265e-06    0.4931506849315068 
2.20515e-06    0.5088515094976811 
2.20765e-06    0.5264174446665798 
2.21015e-06    0.5459882583170255 
2.21265e-06    0.5677807875492594 
2.21515e-06    0.5765270618301608 
2.21765e-06    0.5953033268101761 
2.22015e-06    0.6082178747529073 
2.22265e-06    0.6278443707738357 
2.22515e-06    0.6399103155988405 
2.22765e-06    0.6587474061845885 
2.23015e-06    0.6712750150053461 
2.23265e-06    0.6868884540117417 
2.23515e-06    0.6994291709676755 
2.23765e-06    0.715068493150685 
2.24015e-06    0.7264571830178916 
2.24265e-06    0.7414872798434443 
2.24515e-06    0.7509402175425078 
2.24765e-06    0.7657484841419481 
2.25015e-06    0.7749510763209393 
2.25265e-06    0.7813067544172249 
2.25515e-06    0.792977709086673 
2.25765e-06    0.8031311154598827 
2.26015e-06    0.808297865625657 
2.26265e-06    0.8189823874755382 
2.26515e-06    0.8237494258151601 
2.26765e-06    0.8330724070450097 
2.27015e-06    0.8374087220511648 
2.27265e-06    0.8403924880081572 
2.27515e-06    0.8471624266144815 
2.27765e-06    0.8487838608458403 
2.28015e-06    0.8538721134013501 
2.28265e-06    0.8554082441358385 
2.28515e-06    0.8563659288174853 
2.28765e-06    0.8577299412915852 
2.29015e-06    0.8577299412915852 
2.29265e-06    0.8573163624350095 
2.29515e-06    0.8547755295158831 
2.29765e-06    0.8537994142994674 
2.30015e-06    0.8492585801385799 
2.30265e-06    0.8422942605737733 
2.30515e-06    0.842036664658246 
2.30765e-06    0.8365491756570075 
2.31015e-06    0.8277886497064579 
2.31265e-06    0.8230392921115919 
2.31515e-06    0.8136986301369863 
2.31765e-06    0.8077746616458603 
2.32015e-06    0.7966340448649541 
2.32265e-06    0.78249401131324 
2.32515e-06    0.7809790170732263 
2.32765e-06    0.7661448140900196 
2.33015e-06    0.7571396625359947 
2.33265e-06    0.7442488736890595 
2.33515e-06    0.7295495977001388 
2.33765e-06    0.7186210519588734 
2.34015e-06    0.7100907869097005 
2.34265e-06    0.6904109589041096 
2.34515e-06    0.6714248173291689 
2.34765e-06    0.6622344111713548 
2.35015e-06    0.6463796477495107 
2.35265e-06    0.6335401111330258 
2.35515e-06    0.6152644351353515 
2.35765e-06    0.6017941615118889 
2.36015e-06    0.5812133072407045 
2.36265e-06    0.5674004757794843 
2.36515e-06    0.5434823141676792 
2.36765e-06    0.5332719682819123 
2.37015e-06    0.5177390809709155 
2.37265e-06    0.4966731898238748 
2.37515e-06    0.4825374725136742 
2.37765e-06    0.4614481409001957 
2.38015e-06    0.4438356164383562 
2.38265e-06    0.4282462218997013 
2.38515e-06    0.4086105675146771 
2.38765e-06    0.3909980430528376 
2.39015e-06    0.3773123768948219 
2.39265e-06    0.3575342465753425 
2.39515e-06    0.3433228834517371 
2.39765e-06    0.3179793525164132 
2.40015e-06    0.3078285487474306 
2.40265e-06    0.2927598309823212 
2.40515e-06    0.2761156712933412 
2.40765e-06    0.2594988541165125 
2.41015e-06    0.2444240584024073 
2.41265e-06    0.2303430735272267 
2.41515e-06    0.2148727984344423 
2.41765e-06    0.2023650689206404 
2.42015e-06    0.186692759295499 
2.42265e-06    0.1745046970545394 
2.42515e-06    0.1602739726027397 
2.42765e-06    0.1508589837559257 
2.43015e-06    0.1380789060266085 
2.43265e-06    0.1309791449629782 
2.43515e-06    0.1162426614481409 
2.43765e-06    0.1043343434653849 
2.44015e-06    0.09686888454011741 
2.44265e-06    0.09206758349955456 
2.44515e-06    0.08236764521566006 
2.44765e-06    0.07621586134831633 
2.45015e-06    0.06692759295499022 
2.45265e-06    0.06256216065980379 
2.45515e-06    0.05953316224657669 
2.45765e-06    0.05283757338551859 
2.46015e-06    0.0511980490889225 
2.46265e-06    0.04613327763297131 
2.46515e-06    0.04459116805102162 
2.46765e-06    0.04403131115459882 
2.47015e-06    0.04359144041922574 
2.47265e-06    0.04227005870841487 
2.47515e-06    0.04270807780473776 
2.47765e-06    0.04524764039425402 
2.48015e-06    0.04622503156197243 
2.48265e-06    0.0507801655839207 
2.48515e-06    0.05271016751738861 
2.48765e-06    0.06120631997031439 
2.49015e-06    0.06352961307645379 
2.49265e-06    0.07091212208487935 
2.49515e-06    0.07524230286633975 
2.49765e-06    0.08454011741682975 
2.50015e-06    0.08976511285484312 
2.50265e-06    0.1021526418786693 
2.50515e-06    0.1160068130439749 
2.50765e-06    0.1179781633790353 
2.51015e-06    0.1310687266657527 
2.51265e-06    0.1457833591678972 
2.51515e-06    0.1549902152641879 
2.51765e-06    0.1617479296907916 
2.52015e-06    0.1814090019569472 
2.52265e-06    0.1935662291998197 
2.52515e-06    0.2078277886497065 
2.52765e-06    0.2204204404362334 
2.53015e-06    0.2360078277886497 
2.53265e-06    0.2489245645940542 
2.53515e-06    0.2690735738314018 
2.53765e-06    0.2822164389575852 
2.54015e-06    0.2972829526623801 
2.54265e-06    0.313895249423694 
2.54515e-06    0.3309890376343403 
2.54765e-06    0.3481679132114592 
2.55015e-06    0.3663405088062623 
2.55265e-06    0.3803948911202848 
2.55515e-06    0.4015655577299413 
2.55765e-06    0.4144618581595903 
2.56015e-06    0.4350293542074364 
2.56265e-06    0.452641878669276 
2.56515e-06    0.4668907691630181 
2.56765e-06    0.487866927592955 
2.57015e-06    0.5016684400717359 
2.57265e-06    0.5233128150226943 
2.57515e-06    0.5407045009784736 
2.57765e-06    0.5563878266898287 
2.58015e-06    0.5735994901284464 
2.58265e-06    0.5867632908059534 
2.58515e-06    0.6076320939334638 
