
time (s)       VT("/out") (V)


2.87e-08       0.6234833659491195 
3.12e-08       0.639334637964775 
3.37e-08       0.6534246575342466 
3.62e-08       0.7196058810440771 
3.87e-08       0.6833659491193738 
4.12e-08       0.6974559686888455 
4.37e-08       0.7115459882583171 
4.62e-08       0.7238747553816047 
4.87e-08       0.7379647749510764 
5.12e-08       0.7485322896281801 
5.37e-08       0.7608610567514678 
5.62e-08       0.7714285714285714 
5.87e-08       0.788699202373398 
6.119999999999999e-08 0.7925636007827789 
6.369999999999999e-08 0.8013698630136986 
6.62e-08       0.8101761252446184 
6.87e-08       0.8172211350293542 
7.12e-08       0.82426614481409 
7.37e-08       0.8313111545988259 
7.620000000000001e-08 0.8365949119373777 
7.87e-08       0.8418786692759296 
8.12e-08       0.8471624266144815 
8.37e-08       0.8506849315068493 
8.619999999999999e-08 0.8524461839530333 
8.870000000000001e-08 0.8559686888454012 
9.12e-08       0.8559686888454012 
9.37e-08       0.8577299412915852 
9.62e-08       0.8577299412915852 
9.87e-08       0.8559686888454012 
1.012e-07      0.8542074363992173 
1.037e-07      0.8524461839530333 
1.062e-07      0.8489236790606653 
1.087e-07      0.8454011741682974 
1.112e-07      0.8401174168297456 
1.137e-07      0.8348336594911938 
1.162e-07      0.8295499021526419 
1.187e-07      0.8225048923679061 
1.212e-07      0.8154598825831703 
1.237e-07      0.8084148727984345 
1.262e-07      0.7996086105675148 
1.287e-07      0.7819133988609864 
1.312e-07      0.7802348336594912 
1.337e-07      0.7696673189823875 
1.362e-07      0.7573385518590998 
1.387e-07      0.7467710371819961 
1.412e-07      0.7344422700587084 
1.437e-07      0.7203522504892368 
1.462e-07      0.7080234833659491 
1.487e-07      0.6939334637964776 
1.512e-07      0.6299026655203748 
1.537e-07      0.6657534246575342 
1.562e-07      0.6499021526418787 
1.587e-07      0.6340508806262231 
1.612e-07      0.6181996086105676 
1.637e-07      0.6023483365949119 
1.662e-07      0.5864970645792563 
1.687e-07      0.5636156504662753 
1.712e-07      0.5530332681017613 
1.737e-07      0.5354207436399218 
1.762e-07      0.5195694716242661 
1.787e-07      0.5019569471624267 
1.812e-07      0.4843444227005871 
1.837e-07      0.346345055915572 
1.862e-07      0.449119373776908 
1.887e-07      0.4315068493150685 
1.912e-07      0.413894324853229 
1.937e-07      0.3962818003913894 
1.962e-07      0.3786692759295499 
1.987e-07      0.3628180039138943 
2.012e-07      0.3382684737698712 
2.037e-07      0.3275929549902153 
2.062e-07      0.3117416829745597 
2.087e-07      0.2958904109589041 
2.112e-07      0.2800391389432485 
2.137e-07      0.2641878669275929 
2.162e-07      0.2483365949119374 
2.187e-07      0.1825773567454207 
2.212e-07      0.2183953033268102 
2.237e-07      0.2043052837573386 
2.262e-07      0.1902152641878669 
2.287e-07      0.1778864970645793 
2.312e-07      0.1655577299412916 
2.337e-07      0.1532289628180039 
2.362e-07      0.1409001956947162 
2.387e-07      0.1303326810176125 
2.412e-07      0.1125507706823349 
2.437e-07      0.1091976516634051 
2.462e-07      0.1003913894324853 
2.487e-07      0.09158512720156557 
2.512e-07      0.08277886497064581 
2.537e-07      0.07573385518590998 
2.562e-07      0.07045009784735812 
2.587e-07      0.06340508806262231 
2.612e-07      0.05812133072407045 
2.637e-07      0.05459882583170255 
2.662e-07      0.05107632093933464 
2.687e-07      0.04755381604696673 
2.712e-07      0.04579256360078279 
2.737e-07      0.04403131115459882 
2.762e-07      0.04227005870841487 
2.787e-07      0.04227005870841487 
2.812e-07      0.04403131115459882 
2.837e-07      0.04579256360078279 
2.862e-07      0.04755381604696673 
2.887e-07      0.04931506849315068 
2.912e-07      0.05459882583170255 
2.937e-07      0.05812133072407045 
2.962e-07      0.06340508806262231 
2.987e-07      0.06868884540117418 
3.012e-07      0.07573385518590998 
3.037e-07      0.08277886497064581 
3.062e-07      0.09158512720156557 
3.087e-07      0.1003913894324853 
3.112e-07      0.1170650657960926 
3.137e-07      0.1197651663405088 
3.162e-07      0.1285714285714286 
3.187e-07      0.1409001956947162 
3.212e-07      0.15146771037182 
3.237e-07      0.1637964774951076 
3.262e-07      0.1761252446183953 
3.287e-07      0.1902152641878669 
3.312e-07      0.2043052837573386 
3.337e-07      0.2693468106393834 
3.362e-07      0.2324853228962818 
3.387e-07      0.2483365949119374 
3.412e-07      0.262426614481409 
3.437e-07      0.2782778864970646 
3.462e-07      0.2958904109589041 
3.487e-07      0.3117416829745597 
3.512e-07      0.334479355750679 
3.537e-07      0.3452054794520548 
3.562e-07      0.3610567514677104 
3.587e-07      0.3786692759295499 
3.612e-07      0.3962818003913894 
3.637e-07      0.413894324853229 
3.662e-07      0.4315068493150685 
3.687e-07      0.5689755868657139 
3.712e-07      0.4649706457925636 
3.737e-07      0.4843444227005871 
3.762e-07      0.5019569471624267 
3.787e-07      0.5178082191780823 
3.812e-07      0.5354207436399218 
3.837e-07      0.5599940040569611 
3.862e-07      0.5688845401174168 
3.887e-07      0.5864970645792563 
3.912e-07      0.6023483365949119 
3.937e-07      0.6181996086105676 
3.962e-07      0.6340508806262231 
3.987e-07      0.6499021526418787 
4.012e-07      0.713932286163502 
4.037e-07      0.6798434442270059 
4.062e-07      0.6939334637964776 
4.087e-07      0.7080234833659491 
4.112e-07      0.7203522504892368 
4.137e-07      0.7326810176125246 
4.162e-07      0.7450097847358121 
4.187e-07      0.7573385518590998 
4.212e-07      0.7679060665362036 
4.237e-07      0.7840100654988503 
4.262e-07      0.7890410958904109 
4.287e-07      0.7978473581213307 
4.312e-07      0.8066536203522505 
4.337e-07      0.8154598825831703 
4.362e-07      0.8225048923679061 
4.387e-07      0.8295499021526419 
4.412e-07      0.8348336594911938 
4.437e-07      0.8401174168297456 
4.462e-07      0.8454011741682974 
4.487e-07      0.8489236790606653 
4.512e-07      0.8524461839530333 
4.537e-07      0.8542074363992173 
4.562e-07      0.8559686888454012 
4.587e-07      0.8577299412915852 
4.612e-07      0.8577299412915852 
4.637e-07      0.8559686888454012 
4.662e-07      0.8559686888454012 
4.687e-07      0.8524461839530333 
4.712e-07      0.8506849315068493 
4.737e-07      0.8471624266144815 
4.762e-07      0.8418786692759296 
4.787000000000001e-07 0.8365949119373777 
4.812e-07      0.8313111545988259 
4.837e-07      0.82426614481409 
4.862e-07      0.8172211350293542 
4.887e-07      0.8101761252446184 
4.912000000000001e-07 0.8013698630136986 
4.937e-07      0.7855699842356479 
4.962e-07      0.7819960861056752 
4.987e-07      0.7714285714285714 
5.012000000000001e-07 0.7608610567514678 
5.037e-07      0.7502935420743641 
5.062e-07      0.7379647749510764 
5.087000000000001e-07 0.7256360078277887 
5.112000000000001e-07 0.7115459882583171 
5.137000000000001e-07 0.6974559686888455 
5.162e-07      0.6336909606377056 
5.187e-07      0.6692759295499021 
5.212000000000001e-07 0.6551859099804306 
5.237000000000001e-07 0.639334637964775 
5.262e-07      0.6234833659491195 
5.287e-07      0.6076320939334638 
5.312000000000001e-07 0.5917808219178082 
5.337000000000001e-07 0.5676621449597 
5.362000000000001e-07 0.5583170254403131 
5.387e-07      0.5407045009784736 
5.412e-07      0.5230919765166341 
5.437000000000001e-07 0.5072407045009785 
5.462000000000001e-07 0.489628180039139 
5.487e-07      0.4720156555772995 
5.512e-07      0.3347842088277956 
5.537000000000001e-07 0.4367906066536204 
5.562000000000001e-07 0.4191780821917809 
5.587e-07      0.4015655577299413 
5.612e-07      0.3839530332681018 
5.637e-07      0.3663405088062623 
5.662000000000001e-07 0.3436931883705321 
5.687000000000001e-07 0.3328767123287671 
5.712e-07      0.3170254403131115 
5.737e-07      0.299412915851272 
5.762000000000001e-07 0.2835616438356164 
5.787000000000001e-07 0.2677103718199609 
5.812e-07      0.2518590998043053 
5.837e-07      0.1885207616023308 
5.862000000000001e-07 0.2219178082191781 
5.887000000000001e-07 0.2078277886497065 
5.912000000000001e-07 0.1937377690802348 
5.937e-07      0.1814090019569472 
5.962e-07      0.1673189823874755 
5.987000000000001e-07 0.1567514677103719 
6.012000000000001e-07 0.1444227005870841 
6.037e-07      0.1320939334637965 
6.062e-07      0.1215264187866928 
6.087000000000001e-07 0.1046169765573384 
6.112000000000001e-07 0.1021526418786693 
6.137e-07      0.09334637964774951 
6.162e-07      0.0863013698630137 
6.187e-07      0.07749510763209394 
6.212000000000001e-07 0.07221135029354207 
6.237000000000001e-07 0.06516634050880626 
6.262e-07      0.0598825831702544 
6.287e-07      0.05459882583170255 
6.312000000000001e-07 0.05107632093933464 
6.337000000000001e-07 0.04755381604696673 
6.362e-07      0.04579256360078279 
6.387e-07      0.04403131115459882 
6.412000000000001e-07 0.04227005870841487 
6.437000000000001e-07 0.04227005870841487 
6.462000000000001e-07 0.04403131115459882 
6.487e-07      0.04403131115459882 
6.512e-07      0.04579256360078279 
6.537000000000001e-07 0.04931506849315068 
6.562000000000001e-07 0.05283757338551859 
6.587e-07      0.0563600782778865 
6.612e-07      0.06164383561643835 
6.637000000000001e-07 0.06692759295499022 
6.662000000000001e-07 0.07397260273972603 
6.687000000000001e-07 0.08101761252446184 
6.712e-07      0.08806262230919765 
6.737e-07      0.09686888454011741 
6.762000000000001e-07 0.1132843010541618 
6.787000000000001e-07 0.1162426614481409 
6.812e-07      0.1268101761252446 
6.837e-07      0.1373776908023484 
6.862000000000001e-07 0.1479452054794521 
6.887000000000001e-07 0.1602739726027397 
6.912e-07      0.1726027397260274 
6.937e-07      0.186692759295499 
6.962e-07      0.1990215264187867 
6.987000000000001e-07 0.2637144369738611 
7.012000000000001e-07 0.2289628180039139 
7.037e-07      0.2430528375733855 
7.062e-07      0.2589041095890411 
7.087000000000001e-07 0.2747553816046967 
7.112000000000001e-07 0.2906066536203523 
7.137e-07      0.3064579256360078 
7.162e-07      0.3284950116709164 
7.187000000000001e-07 0.339921722113503 
7.212000000000001e-07 0.3557729941291585 
7.237000000000001e-07 0.3733855185909981 
7.262e-07      0.3909980430528376 
7.287e-07      0.4086105675146771 
7.312000000000001e-07 0.4262230919765166 
7.337000000000001e-07 0.5628498033952891 
7.362e-07      0.4614481409001957 
7.387e-07      0.4790606653620352 
7.412000000000001e-07 0.4966731898238748 
7.437000000000001e-07 0.5142857142857143 
7.462000000000001e-07 0.53013698630137 
7.487e-07      0.5541616767265075 
7.512e-07      0.565362035225049 
7.537000000000001e-07 0.5812133072407045 
7.562000000000001e-07 0.598825831702544 
7.587e-07      0.6146771037181996 
7.612e-07      0.6305283757338551 
7.637000000000001e-07 0.6446183953033269 
7.662000000000001e-07 0.6604696673189824 
7.687e-07      0.725365830792975 
7.712e-07      0.6904109589041096 
7.737000000000001e-07 0.7045009784735812 
7.762000000000001e-07 0.716829745596869 
7.787000000000001e-07 0.7291585127201566 
7.812e-07      0.7414872798434443 
7.837e-07      0.7538160469667319 
7.862000000000001e-07 0.7661448140900196 
7.887000000000001e-07 0.7767123287671234 
7.912e-07      0.794501371033092 
7.937e-07      0.7960861056751468 
7.962000000000001e-07 0.8048923679060666 
7.987000000000001e-07 0.8136986301369863 
8.012000000000001e-07 0.8207436399217222 
8.037e-07      0.8277886497064579 
8.062e-07      0.8348336594911938 
8.087000000000001e-07 0.8401174168297456 
8.112000000000001e-07 0.8436399217221136 
8.137e-07      0.8489236790606653 
8.162e-07      0.8506849315068493 
8.187000000000001e-07 0.8542074363992173 
8.212000000000001e-07 0.8559686888454012 
8.237000000000001e-07 0.8577299412915852 
8.262e-07      0.8577299412915852 
8.287e-07      0.8577299412915852 
8.312000000000001e-07 0.8559686888454012 
8.337000000000001e-07 0.8542074363992173 
8.362e-07      0.8506849315068493 
8.387e-07      0.8471624266144815 
8.412000000000001e-07 0.8436399217221136 
8.437000000000001e-07 0.8383561643835618 
8.462e-07      0.8330724070450097 
8.487e-07      0.8277886497064579 
8.512000000000001e-07 0.8207436399217222 
8.537000000000001e-07 0.8119373776908024 
8.562000000000001e-07 0.8048923679060666 
8.587e-07      0.7894755459684594 
8.612e-07      0.7855185909980431 
8.637000000000001e-07 0.7749510763209393 
8.662000000000001e-07 0.7643835616438357 
8.687e-07      0.752054794520548 
8.712e-07      0.7414872798434443 
8.737000000000001e-07 0.7291585127201566 
8.762000000000001e-07 0.715068493150685 
8.787000000000001e-07 0.7027397260273973 
8.812e-07      0.6393005731417257 
8.837e-07      0.6727984344422701 
8.862000000000001e-07 0.6587084148727985 
8.887000000000001e-07 0.6428571428571429 
8.912e-07      0.6287671232876713 
8.937e-07      0.6111545988258317 
8.962000000000001e-07 0.5953033268101761 
8.987000000000001e-07 0.5794520547945206 
9.012e-07      0.5562739445221286 
9.037e-07      0.5459882583170255 
9.062000000000001e-07 0.5283757338551859 
9.087000000000001e-07 0.5107632093933464 
9.112000000000001e-07 0.4949119373776908 
9.137e-07      0.4772994129158513 
9.162e-07      0.3397050837065274 
9.187000000000001e-07 0.4420743639921722 
9.212000000000001e-07 0.4244618395303327 
9.237e-07      0.4068493150684931 
9.262e-07      0.3892367906066536 
9.287000000000001e-07 0.3716242661448141 
9.312000000000001e-07 0.3491918076366007 
9.337000000000001e-07 0.336399217221135 
9.362e-07      0.3205479452054795 
9.387e-07      0.3046966731898239 
9.412000000000001e-07 0.2888454011741683 
9.437000000000001e-07 0.2729941291585127 
9.462e-07      0.2571428571428572 
9.487e-07      0.2412915851272016 
9.512000000000001e-07 0.1769203792391073 
9.537000000000001e-07 0.2131115459882583 
9.562000000000001e-07 0.1990215264187867 
9.587e-07      0.1849315068493151 
9.612e-07      0.1726027397260274 
9.637e-07      0.1585127201565558 
9.662e-07      0.1479452054794521 
9.686999999999999e-07 0.1356164383561644 
9.711999999999999e-07 0.1250489236790607 
9.737000000000001e-07 0.1067936968638233 
9.762000000000001e-07 0.1056751467710372 
9.787e-07      0.09686888454011741 
9.812e-07      0.08806262230919765 
9.837e-07      0.08101761252446184 
9.862e-07      0.07397260273972603 
9.887000000000002e-07 0.06692759295499022 
9.912000000000001e-07 0.06164383561643835 
9.937000000000001e-07 0.0563600782778865 
9.962000000000001e-07 0.05283757338551859 
9.987000000000001e-07 0.04931506849315068 
1.0012e-06     0.04579256360078279 
1.0037e-06     0.04403131115459882 
1.0062e-06     0.04227005870841487 
1.0087e-06     0.04227005870841487 
1.0112e-06     0.04227005870841487 
1.0137e-06     0.04403131115459882 
1.0162e-06     0.04579256360078279 
1.0187e-06     0.04755381604696673 
1.0212e-06     0.05107632093933464 
1.0237e-06     0.0563600782778865 
1.0262e-06     0.0598825831702544 
1.0287e-06     0.06516634050880626 
1.0312e-06     0.07221135029354207 
1.0337e-06     0.07925636007827788 
1.0362e-06     0.0863013698630137 
1.0387e-06     0.09510763209393347 
1.0412e-06     0.1110970528491449 
1.0437e-06     0.112720156555773 
1.0462e-06     0.1232876712328767 
1.0487e-06     0.1338551859099804 
1.0512e-06     0.1444227005870841 
1.0537e-06     0.1567514677103719 
1.0562e-06     0.1690802348336595 
1.0587e-06     0.1831702544031311 
1.0612e-06     0.1954990215264188 
1.0637e-06     0.258239929168663 
1.0662e-06     0.225440313111546 
1.0687e-06     0.2395303326810176 
1.0712e-06     0.2536203522504892 
1.0737e-06     0.2694716242661448 
1.0762e-06     0.2853228962818004 
1.0787e-06     0.301174168297456 
1.0812e-06     0.3187866927592955 
1.0837e-06     0.3419274347102066 
1.0862e-06     0.3522504892367906 
1.0887e-06     0.3681017612524461 
1.0912e-06     0.3857142857142857 
1.0937e-06     0.4033268101761253 
1.0962e-06     0.4209393346379648 
1.0987e-06     0.5601399125381026 
1.1012e-06     0.4561643835616438 
1.1037e-06     0.4737769080234834 
1.1062e-06     0.4913894324853229 
1.1087e-06     0.5090019569471624 
1.1112e-06     0.5248532289628179 
1.1137e-06     0.5424657534246575 
1.1162e-06     0.5673734563776763 
1.1187e-06     0.5776908023483366 
1.1212e-06     0.5935420743639922 
1.1237e-06     0.6093933463796478 
1.1262e-06     0.6252446183953033 
1.1287e-06     0.6410958904109589 
1.1312e-06     0.6569471624266144 
1.1337e-06     0.7216797126034367 
1.1362e-06     0.6851272015655577 
1.1387e-06     0.6992172211350294 
1.1412e-06     0.713307240704501 
1.1437e-06     0.7256360078277887 
1.1462e-06     0.7397260273972602 
1.1487e-06     0.7502935420743641 
1.1512e-06     0.7626223091976516 
1.1537e-06     0.7731898238747554 
1.1562e-06     0.7906606303453925 
1.1587e-06     0.7925636007827789 
1.1612e-06     0.8031311154598827 
1.1637e-06     0.8101761252446184 
1.1662e-06     0.8189823874755382 
1.1687e-06     0.826027397260274 
1.1712e-06     0.8330724070450097 
1.1737e-06     0.8383561643835618 
1.1762e-06     0.8436399217221136 
1.1787e-06     0.8471624266144815 
1.1812e-06     0.8506849315068493 
1.1837e-06     0.8542074363992173 
1.1862e-06     0.8559686888454012 
1.1887e-06     0.8559686888454012 
1.1912e-06     0.8577299412915852 
1.1937e-06     0.8577299412915852 
1.1962e-06     0.8559686888454012 
1.1987e-06     0.8542074363992173 
1.2012e-06     0.8524461839530333 
1.2037e-06     0.8489236790606653 
1.2062e-06     0.8454011741682974 
1.2087e-06     0.8401174168297456 
1.2112e-06     0.8348336594911938 
1.2137e-06     0.8295499021526419 
1.2162e-06     0.8225048923679061 
1.2187e-06     0.8154598825831703 
1.2212e-06     0.8066536203522505 
1.2237e-06     0.7922268934839638 
1.2262e-06     0.7872798434442271 
1.2287e-06     0.7784735812133072 
1.2312e-06     0.7679060665362036 
1.2337e-06     0.7555772994129158 
1.2362e-06     0.7450097847358121 
1.2387e-06     0.7326810176125246 
1.2412e-06     0.7185909980430528 
1.2437e-06     0.7062622309197653 
1.2462e-06     0.6921722113502935 
1.2487e-06     0.6280990463249656 
1.2512e-06     0.6639921722113503 
1.2537e-06     0.6481409001956947 
1.2562e-06     0.6322896281800392 
1.2587e-06     0.6164383561643836 
1.2612e-06     0.6005870841487281 
1.2637e-06     0.5847358121330725 
1.2662e-06     0.5600588617210039 
1.2687e-06     0.5512720156555773 
1.2712e-06     0.5336594911937378 
1.2737e-06     0.5160469667318982 
1.2762e-06     0.4984344422700587 
1.2787e-06     0.4825831702544031 
1.2812e-06     0.3455323201014877 
1.2837e-06     0.4473581213307241 
1.2862e-06     0.4297455968688845 
1.2887e-06     0.412133072407045 
1.2912e-06     0.3945205479452055 
1.2937e-06     0.3769080234833659 
1.2962e-06     0.3592954990215264 
1.2987e-06     0.3363970244358504 
1.3012e-06     0.3258317025440313 
1.3037e-06     0.3099804305283758 
1.3062e-06     0.2923679060665362 
1.3087e-06     0.2765166340508807 
1.3112e-06     0.2606653620352251 
1.3137e-06     0.2465753424657534 
1.3162e-06     0.1805863241864387 
1.3187e-06     0.2166340508806262 
1.3212e-06     0.2025440313111546 
1.3237e-06     0.188454011741683 
1.3262e-06     0.1761252446183953 
1.3287e-06     0.1620352250489237 
1.3312e-06     0.15146771037182 
1.3337e-06     0.1391389432485323 
1.3362e-06     0.1285714285714286 
1.3387e-06     0.1105728118430211 
1.3412e-06     0.1074363992172211 
1.3437e-06     0.09863013698630137 
1.3462e-06     0.0898238747553816 
1.3487e-06     0.08277886497064581 
1.3512e-06     0.07573385518590998 
1.3537e-06     0.06868884540117418 
1.3562e-06     0.06340508806262231 
1.3587e-06     0.05812133072407045 
1.3612e-06     0.05283757338551859 
1.3637e-06     0.04931506849315068 
1.3662e-06     0.04755381604696673 
1.3687e-06     0.04403131115459882 
1.3712e-06     0.04403131115459882 
1.3737e-06     0.04227005870841487 
1.3762e-06     0.04227005870841487 
1.3787e-06     0.04403131115459882 
1.3812e-06     0.04579256360078279 
1.3837e-06     0.04755381604696673 
1.3862e-06     0.05107632093933464 
1.3887e-06     0.05459882583170255 
1.3912e-06     0.0598825831702544 
1.3937e-06     0.06516634050880626 
1.3962e-06     0.07045009784735812 
1.3987e-06     0.07749510763209394 
1.4012e-06     0.08454011741682975 
1.4037e-06     0.09158512720156557 
1.4062e-06     0.1003913894324853 
1.4087e-06     0.1188991859225648 
1.4112e-06     0.1197651663405088 
1.4137e-06     0.1303326810176125 
1.4162e-06     0.1426614481409002 
1.4187e-06     0.1532289628180039 
1.4212e-06     0.1655577299412916 
1.4237e-06     0.1796477495107632 
1.4262e-06     0.1919765166340509 
1.4287e-06     0.2060665362035225 
1.4312e-06     0.2713005643731447 
1.4337e-06     0.2342465753424658 
1.4362e-06     0.2500978473581214 
1.4387e-06     0.2659491193737769 
1.4412e-06     0.2818003913894325 
1.4437e-06     0.297651663405088 
1.4462e-06     0.3135029354207437 
1.4487e-06     0.3363483620612438 
1.4512e-06     0.3469667318982388 
1.4537e-06     0.3645792563600783 
1.4562e-06     0.3804305283757339 
1.4587e-06     0.3980430528375734 
1.4612e-06     0.4156555772994129 
1.4637e-06     0.5549274593544025 
1.4662e-06     0.450880626223092 
1.4687e-06     0.4684931506849315 
1.4712e-06     0.4861056751467711 
1.4737e-06     0.5037181996086106 
1.4762e-06     0.5213307240704501 
1.4787e-06     0.5371819960861057 
1.4812e-06     0.5619003433053339 
1.4837e-06     0.5724070450097848 
1.4862e-06     0.5882583170254404 
1.4887e-06     0.6041095890410959 
1.4912e-06     0.6199608610567515 
1.4937e-06     0.6358121330724071 
1.4962e-06     0.6516634050880626 
1.4987e-06     0.7177021513948318 
1.5012e-06     0.6816046966731898 
1.5037e-06     0.6956947162426614 
1.5062e-06     0.7097847358121331 
1.5087e-06     0.7221135029354208 
1.5112e-06     0.7362035225048923 
1.5137e-06     0.7467710371819961 
1.5162e-06     0.7590998043052838 
1.5187e-06     0.7696673189823875 
1.5212e-06     0.7865742928870471 
1.5237e-06     0.7908023483365949 
1.5262e-06     0.7996086105675148 
1.5287e-06     0.8084148727984345 
1.5312e-06     0.8172211350293542 
1.5337e-06     0.82426614481409 
1.5362e-06     0.8295499021526419 
1.5387e-06     0.8365949119373777 
1.5412e-06     0.8418786692759296 
1.5437e-06     0.8454011741682974 
1.5462e-06     0.8489236790606653 
1.5487e-06     0.8524461839530333 
1.5512e-06     0.8542074363992173 
1.5537e-06     0.8559686888454012 
1.5562e-06     0.8577299412915852 
1.5587e-06     0.8577299412915852 
1.5612e-06     0.8559686888454012 
1.5637e-06     0.8542074363992173 
1.5662e-06     0.8524461839530333 
1.5687e-06     0.8506849315068493 
1.5712e-06     0.8454011741682974 
1.5737e-06     0.8418786692759296 
1.5762e-06     0.8365949119373777 
1.5787e-06     0.8313111545988259 
1.5812e-06     0.82426614481409 
1.5837e-06     0.8172211350293542 
1.5862e-06     0.8084148727984345 
1.5887e-06     0.7996086105675148 
1.5912e-06     0.7837971956934071 
1.5937e-06     0.7802348336594912 
1.5962e-06     0.7714285714285714 
1.5987e-06     0.7590998043052838 
1.6012e-06     0.7485322896281801 
1.6037e-06     0.7362035225048923 
1.6062e-06     0.7238747553816047 
1.6087e-06     0.7097847358121331 
1.6112e-06     0.6956947162426614 
1.6137e-06     0.631846947244296 
1.6162e-06     0.6675146771037183 
1.6187e-06     0.6516634050880626 
1.6212e-06     0.637573385518591 
1.6237e-06     0.6217221135029354 
1.6262e-06     0.6041095890410959 
1.6287e-06     0.5882583170254404 
1.6312e-06     0.5655871001878052 
1.6337e-06     0.5547945205479452 
1.6362e-06     0.5389432485322897 
1.6387e-06     0.5213307240704501 
1.6412e-06     0.5037181996086106 
1.6437e-06     0.4861056751467711 
1.6462e-06     0.4684931506849315 
1.6487e-06     0.3331964990260033 
1.6512e-06     0.4350293542074364 
1.6537e-06     0.4156555772994129 
1.6562e-06     0.3980430528375734 
1.6587e-06     0.3821917808219178 
1.6612e-06     0.3645792563600783 
1.6637e-06     0.3401052722317067 
1.6662e-06     0.3311154598825832 
1.6687e-06     0.3135029354207437 
1.6712e-06     0.297651663405088 
1.6737e-06     0.2818003913894325 
1.6762e-06     0.2659491193737769 
1.6787e-06     0.2500978473581214 
1.6812e-06     0.1861572305678717 
1.6837e-06     0.2201565557729941 
1.6862e-06     0.2060665362035225 
1.6887e-06     0.1919765166340509 
1.6912e-06     0.1796477495107632 
1.6937e-06     0.1673189823874755 
1.6962e-06     0.1549902152641879 
1.6987e-06     0.1426614481409002 
1.7012e-06     0.1320939334637965 
1.7037e-06     0.1153857790767236 
1.7062e-06     0.110958904109589 
1.7087e-06     0.1021526418786693 
1.7112e-06     0.09334637964774951 
1.7137e-06     0.08454011741682975 
1.7162e-06     0.07749510763209394 
1.7187e-06     0.07045009784735812 
1.7212e-06     0.06516634050880626 
1.7237e-06     0.0598825831702544 
1.7262e-06     0.05459882583170255 
1.7287e-06     0.05107632093933464 
1.7312e-06     0.04755381604696673 
1.7337e-06     0.04579256360078279 
1.7362e-06     0.04403131115459882 
1.7387e-06     0.04227005870841487 
1.7412e-06     0.04227005870841487 
1.7437e-06     0.04403131115459882 
1.7462e-06     0.04403131115459882 
1.7487e-06     0.04755381604696673 
1.7512e-06     0.04931506849315068 
1.7537e-06     0.05283757338551859 
1.7562e-06     0.05812133072407045 
1.7587e-06     0.06340508806262231 
1.7612e-06     0.06868884540117418 
1.7637e-06     0.07573385518590998 
1.7662e-06     0.08277886497064581 
1.7687e-06     0.0898238747553816 
1.7712e-06     0.09863013698630137 
1.7737e-06     0.1151685599157101 
1.7762e-06     0.1180039138943249 
1.7787e-06     0.1285714285714286 
1.7812e-06     0.1391389432485323 
1.7837e-06     0.149706457925636 
1.7862e-06     0.1620352250489237 
1.7887e-06     0.1743639921722114 
1.7912e-06     0.188454011741683 
1.7937e-06     0.2025440313111546 
1.7962e-06     0.2674085330101909 
1.7987e-06     0.2307240704500979 
1.8012e-06     0.2448140900195695 
1.8037e-06     0.2606653620352251 
1.8062e-06     0.2765166340508807 
1.8087e-06     0.2923679060665362 
1.8112e-06     0.3082191780821918 
1.8137e-06     0.3324745963202035 
1.8162e-06     0.3416829745596869 
1.8187e-06     0.3592954990215264 
1.8212e-06     0.3769080234833659 
1.8237e-06     0.3927592954990216 
1.8262e-06     0.4103718199608611 
1.8287e-06     0.4279843444227006 
1.8312e-06     0.567166000724631 
1.8337e-06     0.4632093933463797 
1.8362e-06     0.4808219178082192 
1.8387e-06     0.4984344422700587 
1.8412e-06     0.5160469667318982 
1.8437e-06     0.5336594911937378 
1.8462e-06     0.5562878198013831 
1.8487e-06     0.5671232876712329 
1.8512e-06     0.5829745596868885 
1.8537e-06     0.6005870841487281 
1.8562e-06     0.6164383561643836 
1.8587e-06     0.6322896281800392 
1.8612e-06     0.6481409001956947 
1.8637e-06     0.7117603950146061 
1.8662e-06     0.678082191780822 
1.8687e-06     0.6921722113502935 
1.8712e-06     0.7062622309197653 
1.8737e-06     0.7185909980430528 
1.8762e-06     0.7326810176125246 
1.8787e-06     0.7432485322896282 
1.8812e-06     0.7555772994129158 
1.8837e-06     0.7679060665362036 
1.8862e-06     0.7784735812133072 
1.8887e-06     0.794601043642135 
1.8912e-06     0.7978473581213307 
1.8937e-06     0.8066536203522505 
1.8962e-06     0.8136986301369863 
1.8987e-06     0.8225048923679061 
1.9012e-06     0.8277886497064579 
1.9037e-06     0.8348336594911938 
1.9062e-06     0.8401174168297456 
1.9087e-06     0.8454011741682974 
1.9112e-06     0.8489236790606653 
1.9137e-06     0.8524461839530333 
1.9162e-06     0.8542074363992173 
1.9187e-06     0.8559686888454012 
1.9212e-06     0.8577299412915852 
1.9237e-06     0.8577299412915852 
1.9262e-06     0.8559686888454012 
1.9287e-06     0.8559686888454012 
1.9312e-06     0.8542074363992173 
1.9337e-06     0.8506849315068493 
1.9362e-06     0.8471624266144815 
1.9387e-06     0.8436399217221136 
1.9412e-06     0.8383561643835618 
1.9437e-06     0.8330724070450097 
1.9462e-06     0.826027397260274 
1.9487e-06     0.8189823874755382 
1.9512e-06     0.8119373776908024 
1.9537e-06     0.8031311154598827 
1.9562e-06     0.7875370031132877 
1.9587e-06     0.7837573385518591 
1.9612e-06     0.7731898238747554 
1.9637e-06     0.7626223091976516 
1.9662e-06     0.752054794520548 
1.9687e-06     0.7397260273972602 
1.9712e-06     0.7273972602739726 
1.9737e-06     0.713307240704501 
1.9762e-06     0.7009784735812132 
1.9787e-06     0.6375113165005036 
1.9812e-06     0.6710371819960862 
1.9837e-06     0.6569471624266144 
1.9862e-06     0.6410958904109589 
1.9887e-06     0.6252446183953033 
1.9912e-06     0.6093933463796478 
1.9937e-06     0.5935420743639922 
1.9962e-06     0.5714965236588865 
1.9987e-06     0.560078277886497 
2.0012e-06     0.5442270058708415 
2.0037e-06     0.526614481409002 
2.0062e-06     0.5090019569471624 
2.0087e-06     0.4913894324853229 
2.0112e-06     0.4737769080234834 
2.0137e-06     0.3386021929591266 
2.0162e-06     0.4385518590998043 
2.0187e-06     0.4209393346379648 
2.0212e-06     0.4033268101761253 
2.0237e-06     0.3857142857142857 
2.0262e-06     0.3698630136986301 
2.0287e-06     0.3459541439972883 
2.0312e-06     0.3346379647749511 
2.0337e-06     0.3187866927592955 
2.0362e-06     0.3029354207436399 
2.0387e-06     0.2853228962818004 
2.0412e-06     0.2694716242661448 
2.0437e-06     0.2553816046966732 
2.0462e-06     0.2395303326810176 
2.0487e-06     0.1746257004531756 
2.0512e-06     0.2095890410958904 
2.0537e-06     0.1972602739726027 
2.0562e-06     0.1831702544031311 
2.0587e-06     0.1708414872798434 
2.0612e-06     0.1585127201565558 
2.0637e-06     0.1461839530332681 
2.0662e-06     0.1338551859099804 
2.0687e-06     0.1232876712328767 
2.0712e-06     0.1046932913726998 
2.0737e-06     0.1039138943248532 
2.0762e-06     0.09510763209393347 
2.0787e-06     0.0863013698630137 
2.0812e-06     0.07925636007827788 
2.0837e-06     0.07221135029354207 
2.0862e-06     0.06516634050880626 
2.0887e-06     0.0598825831702544 
2.0912e-06     0.0563600782778865 
2.0937e-06     0.05107632093933464 
2.0962e-06     0.04931506849315068 
2.0987e-06     0.04579256360078279 
2.1012e-06     0.04403131115459882 
2.1037e-06     0.04227005870841487 
2.1062e-06     0.04227005870841487 
2.1087e-06     0.04227005870841487 
2.1112e-06     0.04403131115459882 
2.1137e-06     0.04579256360078279 
2.1162e-06     0.04931506849315068 
2.1187e-06     0.05283757338551859 
2.1212e-06     0.0563600782778865 
2.1237e-06     0.06164383561643835 
2.1262e-06     0.06692759295499022 
2.1287e-06     0.07221135029354207 
2.1312e-06     0.07925636007827788 
2.1337e-06     0.08806262230919765 
2.1362e-06     0.09510763209393347 
2.1387e-06     0.1113619499199776 
2.1412e-06     0.1144814090019569 
2.1437e-06     0.1250489236790607 
2.1462e-06     0.1356164383561644 
2.1487e-06     0.1479452054794521 
2.1512e-06     0.1585127201565558 
2.1537e-06     0.1708414872798434 
2.1562e-06     0.1849315068493151 
2.1587e-06     0.1972602739726027 
2.1612e-06     0.2616177453510961 
2.1637e-06     0.22720156555773 
2.1662e-06     0.2412915851272016 
2.1687e-06     0.2571428571428572 
2.1712e-06     0.2712328767123288 
2.1737e-06     0.2888454011741683 
2.1762e-06     0.3046966731898239 
2.1787e-06     0.3205479452054795 
2.1812e-06     0.343745813654527 
2.1837e-06     0.3540117416829746 
2.1862e-06     0.3716242661448141 
2.1887e-06     0.3892367906066536 
2.1912e-06     0.4050880626223092 
2.1937e-06     0.4227005870841487 
2.1962e-06     0.5618366697710179 
2.1987e-06     0.4579256360078278 
2.2012e-06     0.4755381604696673 
2.2037e-06     0.4931506849315068 
2.2062e-06     0.5107632093933464 
2.2087e-06     0.5283757338551859 
2.2112e-06     0.5511401457023885 
2.2137e-06     0.5636007827788649 
2.2162e-06     0.5794520547945206 
2.2187e-06     0.5953033268101761 
2.2212e-06     0.6111545988258317 
2.2237e-06     0.6270058708414874 
2.2262e-06     0.6428571428571429 
2.2287e-06     0.6587084148727985 
2.2312e-06     0.7235644900125109 
2.2337e-06     0.6868884540117417 
2.2362e-06     0.7009784735812132 
2.2387e-06     0.715068493150685 
2.2412e-06     0.7273972602739726 
2.2437e-06     0.7414872798434443 
2.2462e-06     0.752054794520548 
2.2487e-06     0.7643835616438357 
2.2512e-06     0.7749510763209393 
2.2537e-06     0.7926038664181988 
2.2562e-06     0.7943248532289628 
2.2587e-06     0.8031311154598827 
2.2612e-06     0.8119373776908024 
2.2637e-06     0.8189823874755382 
2.2662e-06     0.826027397260274 
2.2687e-06     0.8330724070450097 
2.2712e-06     0.8383561643835618 
2.2737e-06     0.8436399217221136 
2.2762e-06     0.8471624266144815 
2.2787e-06     0.8506849315068493 
2.2812e-06     0.8542074363992173 
2.2837e-06     0.8559686888454012 
2.2862e-06     0.8577299412915852 
2.2887e-06     0.8577299412915852 
2.2912e-06     0.8577299412915852 
2.2937e-06     0.8559686888454012 
2.2962e-06     0.8542074363992173 
2.2987e-06     0.8524461839530333 
2.3012e-06     0.8489236790606653 
2.3037e-06     0.8436399217221136 
2.3062e-06     0.8401174168297456 
2.3087e-06     0.8348336594911938 
2.3112e-06     0.8277886497064579 
2.3137e-06     0.8207436399217222 
2.3162e-06     0.8136986301369863 
2.3187e-06     0.8048923679060666 
2.3212e-06     0.7897273502087147 
2.3237e-06     0.7872798434442271 
2.3262e-06     0.7767123287671234 
2.3287e-06     0.7661448140900196 
2.3312e-06     0.7555772994129158 
2.3337e-06     0.7432485322896282 
2.3362e-06     0.7309197651663405 
2.3387e-06     0.716829745596869 
2.3412e-06     0.7045009784735812 
2.3437e-06     0.6427119994892401 
2.3462e-06     0.674559686888454 
2.3487e-06     0.6604696673189824 
2.3512e-06     0.6463796477495107 
2.3537e-06     0.6305283757338551 
2.3562e-06     0.6146771037181996 
2.3587e-06     0.598825831702544 
2.3612e-06     0.5812133072407045 
2.3637e-06     0.5581417642891698 
2.3662e-06     0.5477495107632094 
2.3687e-06     0.5318982387475538 
2.3712e-06     0.5142857142857143 
2.3737e-06     0.4966731898238748 
2.3762e-06     0.4790606653620352 
2.3787e-06     0.3416037446691412 
2.3812e-06     0.4438356164383562 
2.3837e-06     0.4262230919765166 
2.3862e-06     0.4086105675146771 
2.3887e-06     0.3909980430528376 
2.3912e-06     0.375146771037182 
2.3937e-06     0.3575342465753425 
2.3962e-06     0.3327326426034554 
2.3987e-06     0.3223091976516634 
2.4012e-06     0.3064579256360078 
2.4037e-06     0.2906066536203523 
2.4062e-06     0.2747553816046967 
2.4087e-06     0.2589041095890411 
2.4112e-06     0.2430528375733855 
2.4137e-06     0.1788271978499552 
2.4162e-06     0.2148727984344423 
2.4187e-06     0.2007827788649707 
2.4212e-06     0.186692759295499 
2.4237e-06     0.1743639921722114 
2.4262e-06     0.1602739726027397 
2.4287e-06     0.149706457925636 
2.4312e-06     0.1373776908023484 
2.4337e-06     0.1268101761252446 
2.4362e-06     0.1085074178445697 
2.4387e-06     0.1074363992172211 
2.4412e-06     0.09686888454011741 
2.4437e-06     0.0898238747553816 
2.4462e-06     0.08101761252446184 
2.4487e-06     0.07397260273972603 
2.4512e-06     0.06692759295499022 
2.4537e-06     0.06164383561643835 
2.4562e-06     0.0563600782778865 
2.4587e-06     0.05283757338551859 
2.4612e-06     0.04931506849315068 
2.4637e-06     0.04579256360078279 
2.4662e-06     0.04403131115459882 
2.4687e-06     0.04403131115459882 
2.4712e-06     0.04227005870841487 
2.4737e-06     0.04227005870841487 
2.4762e-06     0.04403131115459882 
2.4787e-06     0.04579256360078279 
2.4812e-06     0.04755381604696673 
2.4837e-06     0.05107632093933464 
2.4862e-06     0.05459882583170255 
2.4887e-06     0.0598825831702544 
2.4912e-06     0.06516634050880626 
2.4937e-06     0.07045009784735812 
2.4962e-06     0.07749510763209394 
2.4987e-06     0.08454011741682975 
2.5012e-06     0.09334637964774951 
2.5037e-06     0.1087020314000615 
2.5062e-06     0.112720156555773 
2.5087e-06     0.1215264187866928 
2.5112e-06     0.1320939334637965 
2.5137e-06     0.1444227005870841 
2.5162e-06     0.1549902152641879 
2.5187e-06     0.1673189823874755 
2.5212e-06     0.1814090019569472 
2.5237e-06     0.1937377690802348 
2.5262e-06     0.2078277886497065 
2.5287e-06     0.2731253334512126 
2.5312e-06     0.2360078277886497 
2.5337e-06     0.2518590998043053 
2.5362e-06     0.2677103718199609 
2.5387e-06     0.2835616438356164 
2.5412e-06     0.299412915851272 
2.5437e-06     0.3152641878669276 
2.5462e-06     0.3401283199776797 
2.5487e-06     0.3487279843444228 
2.5512e-06     0.3663405088062623 
2.5537e-06     0.3839530332681018 
2.5562e-06     0.4015655577299413 
2.5587e-06     0.4174168297455969 
2.5612e-06     0.5561165592164723 
2.5637e-06     0.452641878669276 
2.5662e-06     0.4702544031311155 
2.5687e-06     0.487866927592955 
2.5712e-06     0.5054794520547945 
2.5737e-06     0.5230919765166341 
2.5762e-06     0.5407045009784736 
2.5787e-06     0.5655438642024119 
2.5812e-06     0.5741682974559688 
2.5837e-06     0.5900195694716243 
2.5862e-06     0.6076320939334638 
