
time (s)       VT("/out") (V)


2.735e-08      0.6222477303726537 
2.985e-08      0.6317685377067261 
3.235e-08      0.6534246575342466 
3.485e-08      0.6638052104672888 
3.735e-08      0.6944872665730905 
3.985e-08      0.6917259928727694 
4.235000000000001e-08 0.7115459882583171 
4.485e-08      0.7178195522373663 
4.735e-08      0.7379647749510764 
4.985e-08      0.7457335231118714 
5.235e-08      0.7626223091976516 
5.485e-08      0.7640248160897092 
5.735000000000001e-08 0.7792667863738478 
5.985e-08      0.7996485182114919 
6.235e-08      0.7952179818326665 
6.485e-08      0.809236034704377 
6.735e-08      0.8172211350293542 
6.985000000000001e-08 0.819855318996022 
7.235e-08      0.8299123200925062 
7.485e-08      0.8318540361603693 
7.735e-08      0.8392768346389716 
7.985e-08      0.8477647223687507 
8.235000000000001e-08 0.8477428688456633 
8.485e-08      0.8528043737343305 
8.735000000000001e-08 0.8529792378414391 
8.985e-08      0.8559686888454012 
9.235e-08      0.8559686888454012 
9.485000000000001e-08 0.8577299412915852 
9.735000000000001e-08 0.8577299412915852 
9.985000000000001e-08 0.8554315458060628 
1.0235e-07     0.8542074363992173 
1.0485e-07     0.8503320781937581 
1.0735e-07     0.8483434636709725 
1.0985e-07     0.8383561643835618 
1.1235e-07     0.8380487978382464 
1.1485e-07     0.829258340637227 
1.1735e-07     0.8269904715536798 
1.1985e-07     0.8154598825831703 
1.2235e-07     0.81283307567423 
1.2485e-07     0.8027359612153443 
1.2735e-07     0.7963530290536543 
1.2985e-07     0.7697558207291462 
1.3235e-07     0.7740507128761858 
1.3485e-07     0.7581789579179347 
1.3735e-07     0.7542618396582379 
1.3985e-07     0.7384559047077517 
1.4235e-07     0.7203522504892368 
1.4485e-07     0.7126132788204259 
1.4735e-07     0.6939334637964776 
1.4985e-07     0.6855068095812182 
1.5235e-07     0.6544061676210297 
1.5485e-07     0.6570298466632457 
1.5735e-07     0.6358121330724071 
1.5985e-07     0.6137319136539158 
1.6235e-07     0.6099934677339856 
1.6485e-07     0.5876304499639703 
1.6735e-07     0.5781340283919365 
1.6985e-07     0.5487020170068192 
1.7235e-07     0.5442872681431751 
1.7485e-07     0.5178082191780823 
1.7735e-07     0.5049555362977844 
1.7985e-07     0.4915697202129826 
1.8235e-07     0.469372667057779 
1.8485e-07     0.4362528327054717 
1.8735e-07     0.4403350070298094 
1.8985e-07     0.4152292215565757 
1.9235e-07     0.4050818095564046 
1.9485e-07     0.3754992541547465 
1.9735e-07     0.3645792563600783 
1.9985e-07     0.3539066052375318 
2.0235e-07     0.3232681626157889 
2.0485e-07     0.3188265216511605 
2.0735e-07     0.297651663405088 
2.0985e-07     0.275589245597999 
2.1235e-07     0.2717381572791896 
2.1485e-07     0.2493999357968893 
2.1735e-07     0.2398768313140534 
2.1985e-07     0.2072827385867317 
2.2235e-07     0.2100739787579519 
2.2485e-07     0.1902152641878669 
2.2735e-07     0.1818858918597105 
2.2985e-07     0.1642577923896941 
2.3235e-07     0.1572700171103595 
2.3485e-07     0.1500152902855761 
2.3735e-07     0.1292151288605201 
2.3985e-07     0.123956550930788 
2.4235e-07     0.1005974071242653 
2.4485e-07     0.1059724771256296 
2.4735e-07     0.0946262789689587 
2.4985e-07     0.08026359451887935 
2.5235e-07     0.08013574384454804 
2.5485e-07     0.07520458805414562 
2.5735e-07     0.06464070925736295 
2.5985e-07     0.06062617326608982 
2.6235e-07     0.05271214816061394 
2.6485e-07     0.05400602196371176 
2.6735e-07     0.04895701726081041 
2.6985e-07     0.04755381604696673 
2.7235e-07     0.04518969692136678 
2.7485e-07     0.04403131115459882 
2.7735e-07     0.04227005870841487 
2.7985e-07     0.04227005870841487 
2.8235e-07     0.04458262543416655 
2.8485e-07     0.04579256360078279 
2.8735e-07     0.04970056202372156 
2.8985e-07     0.04991358099430298 
2.9235e-07     0.0601720478288327 
2.9485e-07     0.06084185743140545 
2.9735e-07     0.06397143622750032 
2.9985e-07     0.07452437716929722 
3.0235e-07     0.07840688091032087 
3.0485e-07     0.0944935659690312 
3.0735e-07     0.09729095857182236 
3.0985e-07     0.1036348090895013 
3.1235e-07     0.1227400057529764 
3.1485e-07     0.1255103391912424 
3.1735e-07     0.1426614481409002 
3.1985e-07     0.1441002461291266 
3.2235e-07     0.1593197438748513 
3.2485e-07     0.1778864970645793 
3.2735e-07     0.1844717140884614 
3.2985e-07     0.2043052837573386 
3.3235e-07     0.2126755351514265 
3.3485e-07     0.2434443723669737 
3.3735e-07     0.2408869140414428 
3.3985e-07     0.262426614481409 
3.4235e-07     0.2712805706539144 
3.4485e-07     0.299600706001392 
3.4735e-07     0.3099804305283758 
3.4985e-07     0.3205702544261127 
3.5235e-07     0.3473183123918714 
3.5485e-07     0.3535178667353793 
3.5735e-07     0.3760402058463218 
3.5985e-07     0.39904552016832 
3.6235e-07     0.4050876008707001 
3.6485e-07     0.4303449006956965 
3.6735e-07     0.4403760558614943 
3.6985e-07     0.4768814827627056 
3.7235e-07     0.4798850124866486 
3.7485e-07     0.4947951497977681 
3.7735e-07     0.5165840995354204 
3.7985e-07     0.5354207436399218 
3.8235e-07     0.5442319893669344 
3.8485e-07     0.5671232876712329 
3.8735e-07     0.5793116481988817 
3.8985e-07     0.6014279058103436 
3.9235e-07     0.610575831370778 
3.9485e-07     0.6392366356811637 
3.9735e-07     0.6481409001956947 
3.9985e-07     0.6581705363516038 
4.0235e-07     0.6897953994321975 
4.0485e-07     0.6881986879224917 
4.0735e-07     0.7080234833659491 
4.0985e-07     0.7157781906765979 
4.1235e-07     0.7344422700587084 
4.1485e-07     0.7356484298444846 
4.1735e-07     0.7532976823585555 
4.1985e-07     0.7690384123226104 
4.2235e-07     0.7741630541093083 
4.2485e-07     0.7977966613579124 
4.2735e-07     0.791716989095954 
4.2985e-07     0.8041381706745092 
4.3235e-07     0.8092844402867114 
4.3485e-07     0.8225048923679061 
4.3735e-07     0.82514565855676 
4.3985e-07     0.8352840779566679 
4.4235e-07     0.8369857333697664 
4.4485e-07     0.8471624266144815 
4.4735e-07     0.8459771769420097 
4.4985e-07     0.8510283957873652 
4.5235e-07     0.8524461839530333 
4.5485e-07     0.8547728696463911 
4.5735e-07     0.8559686888454012 
4.5985e-07     0.8577299412915852 
4.6235e-07     0.8577299412915852 
4.6485e-07     0.8559686888454012 
4.6735e-07     0.8554030731610799 
4.6985e-07     0.8503488907944701 
4.7235e-07     0.850104415226919 
4.7485e-07     0.8413994454093562 
4.773500000000001e-07 0.8393288022827028 
4.798500000000001e-07 0.8360453728328243 
4.8235e-07     0.8256174793355299 
4.8485e-07     0.8216153285846705 
4.8735e-07     0.8101761252446184 
4.898500000000001e-07 0.8024784592206419 
4.9235e-07     0.79869064405275 
4.9485e-07     0.7748286635759856 
4.9735e-07     0.7742940000821971 
4.998500000000001e-07 0.7682823484232997 
5.0235e-07     0.7491502863593315 
5.0485e-07     0.741970605782153 
5.073500000000001e-07 0.728008297424105 
5.098500000000001e-07 0.7173446968092028 
5.123500000000001e-07 0.6974559686888455 
5.1485e-07     0.6890425095933737 
5.1735e-07     0.6579958885845469 
5.198500000000001e-07 0.6610375883723791 
5.223500000000001e-07 0.6389536685270524 
5.2485e-07     0.6310462245452282 
5.2735e-07     0.608876550274585 
5.298500000000001e-07 0.5994894897043691 
5.323500000000001e-07 0.5741682974559688 
5.348500000000001e-07 0.5538054453858525 
5.3735e-07     0.5480267942541238 
5.3985e-07     0.5259676036027029 
5.423500000000001e-07 0.5148465783095805 
5.448500000000001e-07 0.4865923235665189 
5.4735e-07     0.4747853189329039 
5.4985e-07     0.4613886030468557 
5.523500000000001e-07 0.4289065689278808 
5.548500000000001e-07 0.4191780821917809 
5.573500000000001e-07 0.41037066095599 
5.5985e-07     0.3850250896514489 
5.6235e-07     0.3752033089552103 
5.648500000000001e-07 0.3487279843444228 
5.673500000000001e-07 0.3301427457105657 
5.6985e-07     0.3246181715523919 
5.7235e-07     0.3006829920587418 
5.748500000000001e-07 0.2905423203174353 
5.773500000000001e-07 0.2694716242661448 
5.7985e-07     0.2500978473581214 
5.8235e-07     0.243514429226411 
5.848500000000001e-07 0.2123907574383262 
5.873500000000001e-07 0.2136565065214906 
5.898500000000001e-07 0.1937377690802348 
5.9235e-07     0.1854855399827226 
5.9485e-07     0.1673189823874755 
5.973500000000001e-07 0.1641464264396649 
5.998500000000001e-07 0.1489586890657771 
6.0235e-07     0.1303326810176125 
6.0485e-07     0.1258268415870672 
6.073500000000001e-07 0.1187741093586899 
6.098500000000001e-07 0.09356776345476099 
6.123500000000001e-07 0.09590955514040704 
6.1485e-07     0.09064860084655434 
6.1735e-07     0.07925636007827788 
6.198500000000001e-07 0.0747908217114487 
6.223500000000001e-07 0.06645950834038963 
6.2485e-07     0.06300888165101082 
6.2735e-07     0.05283757338551859 
6.298500000000001e-07 0.05402175543838678 
6.323500000000001e-07 0.04898269516796183 
6.3485e-07     0.04755381604696673 
6.3735e-07     0.04519559487562375 
6.398500000000001e-07 0.04403131115459882 
6.423500000000001e-07 0.04227005870841487 
6.448500000000001e-07 0.04227005870841487 
6.4735e-07     0.04403131115459882 
6.4985e-07     0.0446348618019413 
6.523500000000001e-07 0.04792364052522293 
6.548500000000001e-07 0.04990559134896286 
6.5735e-07     0.05843166428864444 
6.5985e-07     0.05695824532495285 
6.623500000000001e-07 0.06437815534853518 
6.648500000000001e-07 0.07271730726399503 
6.673500000000001e-07 0.07668085790361677 
6.6985e-07     0.08806262230919765 
6.7235e-07     0.09072092841336885 
6.748500000000001e-07 0.1047711704331316 
6.773500000000001e-07 0.1145230974160747 
6.7985e-07     0.1239728470859477 
6.8235e-07     0.1300301875370617 
6.848500000000001e-07 0.1490609819569498 
6.873500000000001e-07 0.1542822843825708 
6.898500000000001e-07 0.1743639921722114 
6.9235e-07     0.1809318560080836 
6.9485e-07     0.1986201654294306 
6.973500000000001e-07 0.2073508541677124 
6.998500000000001e-07 0.2387156647179111 
7.0235e-07     0.237372757666878 
7.0485e-07     0.2571428571428572 
7.073500000000001e-07 0.2692660992255716 
7.098500000000001e-07 0.2888454011741683 
7.1235e-07     0.2994235293676061 
7.1485e-07     0.3205479452054795 
7.173500000000001e-07 0.3472472123230946 
7.198500000000001e-07 0.3487846447826001 
7.223500000000001e-07 0.3721699457713718 
7.2485e-07     0.3821921884929995 
7.2735e-07     0.4120897288873102 
7.298500000000001e-07 0.4233750652929811 
7.323500000000001e-07 0.4345669675488957 
7.3485e-07     0.4690021008449376 
7.3735e-07     0.4790606653620352 
7.398500000000001e-07 0.4878998668453854 
7.423500000000001e-07 0.5132390275839395 
7.448500000000001e-07 0.5225962639391536 
7.4735e-07     0.5451410286601673 
7.4985e-07     0.5726571208218241 
7.523500000000001e-07 0.5742292581892825 
7.548500000000001e-07 0.5974999633541206 
7.5735e-07     0.6071217981109199 
7.5985e-07     0.6292496293185054 
7.623500000000001e-07 0.6387786476639297 
7.648500000000001e-07 0.6587084148727985 
7.673500000000001e-07 0.6687557958892951 
7.6985e-07     0.7050673495903561 
7.723500000000001e-07 0.7041652530916492 
7.748500000000001e-07 0.7076290178927644 
7.773500000000001e-07 0.7251252482496285 
7.7985e-07     0.742796997778207 
7.8235e-07     0.7498028290179222 
7.848500000000001e-07 0.7619705613705482 
7.873500000000001e-07 0.7738746626902269 
7.8985e-07     0.7799266226586293 
7.9235e-07     0.8008165013416729 
7.948500000000001e-07 0.8017865660472165 
7.973500000000001e-07 0.8080652272656733 
7.998500000000001e-07 0.8207436399217222 
8.0235e-07     0.8233974143352558 
8.0485e-07     0.8334969553201258 
8.073500000000001e-07 0.8369381650503851 
8.098500000000001e-07 0.8406739962758217 
8.1235e-07     0.8506849315068493 
8.1485e-07     0.8489236790606653 
8.173500000000001e-07 0.8528193376206603 
8.198500000000001e-07 0.8547683825664227 
8.223500000000001e-07 0.8559686888454012 
8.2485e-07     0.8577299412915852 
8.2735e-07     0.8577299412915852 
8.298500000000001e-07 0.8577299412915852 
8.323500000000001e-07 0.8554061195921157 
8.3485e-07     0.8521493595383316 
8.3735e-07     0.8501350170382106 
8.398500000000001e-07 0.8414762244263005 
8.423500000000001e-07 0.8430945226635672 
8.448500000000001e-07 0.8357243920811952 
8.4735e-07     0.8288596998220896 
8.498500000000001e-07 0.8251439526100672 
8.523500000000001e-07 0.8128758009866451 
8.548500000000001e-07 0.8092985826133328 
8.5735e-07     0.7990466632046933 
8.5985e-07     0.7768131207210549 
8.623500000000001e-07 0.782394499905905 
8.648500000000001e-07 0.7672289951306143 
8.6735e-07     0.7502935420743641 
8.6985e-07     0.7458622228725827 
8.723500000000001e-07 0.7279028809325069 
8.748500000000001e-07 0.7209194260438145 
8.773500000000001e-07 0.7009784735812132 
8.7985e-07     0.6944336586835899 
8.8235e-07     0.6632089081928457 
8.848500000000001e-07 0.6645716041881045 
8.873500000000001e-07 0.6441185502842306 
8.8985e-07     0.6346019360914119 
8.9235e-07     0.6126975621441839 
8.948500000000001e-07 0.6028984527258437 
8.973500000000001e-07 0.5804573103910011 
8.998500000000001e-07 0.5711142540940094 
9.0235e-07     0.5385629781086215 
9.048500000000001e-07 0.5312349143109275 
9.073500000000001e-07 0.5179608610832755 
9.098500000000001e-07 0.4961353775226915 
9.1235e-07     0.4772994129158513 
9.1485e-07     0.4682860561920745 
9.173500000000001e-07 0.4328500919387078 
9.198500000000001e-07 0.4333414979730206 
9.223500000000001e-07 0.4068493150684931 
9.2485e-07     0.3922480025987272 
9.273500000000001e-07 0.3789481029564911 
9.298500000000001e-07 0.3568271525797589 
9.323500000000001e-07 0.3289474472590841 
9.3485e-07     0.328177377267055 
9.3735e-07     0.3058409690616375 
9.398500000000001e-07 0.2963710328249713 
9.423500000000001e-07 0.2722921172086331 
9.4485e-07     0.2646801199077262 
9.4735e-07     0.2422094075509767 
9.498500000000001e-07 0.2327992002488791 
9.523500000000001e-07 0.2018541445797645 
9.548500000000001e-07 0.2048548164914285 
9.5735e-07     0.1849315068493151 
9.5985e-07     0.1771017497029821 
9.6235e-07     0.1585127201565558 
9.6485e-07     0.1522437991430731 
9.673499999999999e-07 0.1338551859099804 
9.698499999999999e-07 0.1278485605762135 
9.723500000000001e-07 0.1217040951812473 
9.748500000000001e-07 0.09737425290687157 
9.773500000000001e-07 0.09788459179273849 
9.7985e-07     0.09417991773813644 
9.8235e-07     0.08101761252446184 
9.8485e-07     0.07831075839690362 
9.873500000000002e-07 0.0682517388367091 
9.898500000000001e-07 0.06419268084706506 
9.923500000000001e-07 0.06102058324682524 
9.948500000000001e-07 0.05085907891176141 
9.973500000000001e-07 0.05226321287221731 
9.9985e-07     0.04717558403958783 
1.00235e-06    0.04520226705265978 
1.00485e-06    0.04403131115459882 
1.00735e-06    0.04227005870841487 
1.00985e-06    0.04227005870841487 
1.01235e-06    0.04227005870841487 
1.01485e-06    0.04462992529966215 
1.01735e-06    0.04579256360078279 
1.01985e-06    0.04973963852047643 
1.02235e-06    0.05812133072407045 
1.02485e-06    0.05697076189649844 
1.02735e-06    0.06207379241612263 
1.02985e-06    0.07092487561937492 
1.03235e-06    0.07490943149648729 
1.03485e-06    0.0863013698630137 
1.03735e-06    0.08954388426310163 
1.03985e-06    0.1008914533767464 
1.04235e-06    0.1173883478517388 
1.04485e-06    0.1160049062637218 
1.04735e-06    0.131172591456959 
1.04985e-06    0.1419596444745735 
1.05235e-06    0.1522214739518068 
1.05485e-06    0.1708414872798434 
1.05735e-06    0.1772342583951488 
1.05985e-06    0.1863051902615988 
1.06235e-06    0.2095890410958904 
1.06485e-06    0.2402898718207978 
1.06735e-06    0.2337165409696415 
1.06985e-06    0.2536203522504892 
1.07235e-06    0.2619108237484521 
1.07485e-06    0.2841143179883165 
1.07735e-06    0.2936401490336919 
1.07985e-06    0.3176355831624911 
1.08235e-06    0.3276728648290802 
1.08485e-06    0.3596829438800023 
1.08735e-06    0.3663405088062623 
1.08985e-06    0.3769176814764128 
1.09235e-06    0.4026092378495738 
1.09485e-06    0.4120894188108505 
1.09735e-06    0.4385518590998043 
1.09985e-06    0.4633904457129706 
1.10235e-06    0.4666969440101727 
1.10485e-06    0.4888337429327321 
1.10735e-06    0.511704908776021 
1.10985e-06    0.5178440979906822 
1.11235e-06    0.5412714605788843 
1.11485e-06    0.5513055727726442 
1.11735e-06    0.5851681359521985 
1.11985e-06    0.5917808219178082 
1.12235e-06    0.6023265293501596 
1.12485e-06    0.6234833659491195 
1.12735e-06    0.6355755503846361 
1.12985e-06    0.6551859099804306 
1.13235e-06    0.6652871001119092 
1.13485e-06    0.6963255885302968 
1.13735e-06    0.6934821771095705 
1.13985e-06    0.713307240704501 
1.14235e-06    0.7216279435986188 
1.14485e-06    0.7397260273972602 
1.14735e-06    0.7459554448294802 
1.14985e-06    0.7618256117052227 
1.15235e-06    0.7657622500307337 
1.15485e-06    0.7810285347287368 
1.15735e-06    0.8014234870681962 
1.15985e-06    0.8002224517819306 
1.16235e-06    0.8057628191581949 
1.16485e-06    0.8172211350293542 
1.16735e-06    0.8216353653968184 
1.16985e-06    0.8316958506919414 
1.17235e-06    0.8356674022213034 
1.17485e-06    0.8389189243329364 
1.17735e-06    0.849497570791455 
1.17985e-06    0.8477372616793483 
1.18235e-06    0.8528046590774322 
1.18485e-06    0.8547561418885234 
1.18735e-06    0.8559686888454012 
1.18985e-06    0.8559686888454012 
1.19235e-06    0.8577299412915852 
1.19485e-06    0.8577299412915852 
1.19735e-06    0.8554184720246164 
1.19985e-06    0.8542074363992173 
1.20235e-06    0.8503316664474654 
1.20485e-06    0.8483568587009488 
1.20735e-06    0.8383561643835618 
1.20985e-06    0.8380243878049668 
1.21235e-06    0.8292042148316235 
1.21485e-06    0.8269222414814019 
1.21735e-06    0.8154598825831703 
1.21985e-06    0.8128191657680736 
1.22235e-06    0.8004192322592217 
1.22485e-06    0.7785105337428463 
1.22735e-06    0.7846624496578528 
1.22985e-06    0.7722571633783643 
1.23235e-06    0.7538160469667319 
1.23485e-06    0.747919004511579 
1.23735e-06    0.7418219929579313 
1.23985e-06    0.7185909980430528 
1.24235e-06    0.710328995521421 
1.24485e-06    0.6921722113502935 
1.24735e-06    0.683775009186526 
1.24985e-06    0.6525623380644515 
1.25235e-06    0.6558652557459742 
1.25485e-06    0.6305283757338551 
1.25735e-06    0.6181996086105676 
1.25985e-06    0.6076795458280742 
1.26235e-06    0.5864970645792563 
1.26485e-06    0.5742449233397842 
1.26735e-06    0.5466428198475725 
1.26985e-06    0.5336594911937378 
1.27235e-06    0.5248618434714444 
1.27485e-06    0.4997972873231156 
1.27735e-06    0.4901157447875299 
1.27985e-06    0.4674866371954171 
1.28235e-06    0.4348503612537782 
1.28485e-06    0.438612309593329 
1.28735e-06    0.4134001391716158 
1.28985e-06    0.4035917492250556 
1.29235e-06    0.3738199365096412 
1.29485e-06    0.3621567265553498 
1.29735e-06    0.3488338884680188 
1.29985e-06    0.3229877087424765 
1.30235e-06    0.3178532026947591 
1.30485e-06    0.2923679060665362 
1.30735e-06    0.2777687792110023 
1.30985e-06    0.2681905389737792 
1.31235e-06    0.2465753424657534 
1.31485e-06    0.2360268310587079 
1.31735e-06    0.2054777237848978 
1.31985e-06    0.2083230841894948 
1.32235e-06    0.188454011741683 
1.32485e-06    0.1821752087728573 
1.32735e-06    0.1620352250489237 
1.32985e-06    0.1542185999377667 
1.33235e-06    0.1373776908023484 
1.33485e-06    0.1358922090490842 
1.33735e-06    0.1206669947647764 
1.33985e-06    0.1004460202084216 
1.34235e-06    0.1047857635222579 
1.34485e-06    0.09075434437014471 
1.34735e-06    0.08277886497064581 
1.34985e-06    0.08009524163700681 
1.35235e-06    0.0700693516112763 
1.35485e-06    0.06811450372406742 
1.35735e-06    0.06062874844025313 
1.35985e-06    0.05264453204739818 
1.36235e-06    0.05224516917551404 
1.36485e-06    0.04719911398636253 
1.36735e-06    0.04698944237380252 
1.36985e-06    0.04403131115459882 
1.37235e-06    0.04403131115459882 
1.37485e-06    0.04227005870841487 
1.37735e-06    0.04227005870841487 
1.37985e-06    0.04461341096746028 
1.38235e-06    0.04579256360078279 
1.38485e-06    0.04971512647382686 
1.38735e-06    0.05167282849052236 
1.38985e-06    0.06164383561643835 
1.39235e-06    0.06203264153779858 
1.39485e-06    0.07087326556179975 
1.39735e-06    0.07307370778116248 
1.39985e-06    0.08454011741682975 
1.40235e-06    0.08722516760038654 
1.40485e-06    0.09732566966956976 
1.40735e-06    0.1036249885594862 
1.40985e-06    0.1244738580596773 
1.41235e-06    0.1261046374351178 
1.41485e-06    0.1418076768391335 
1.41735e-06    0.1458068670853254 
1.41985e-06    0.1615902661865637 
1.42235e-06    0.1796477495107632 
1.42485e-06    0.1874703048417237 
1.42735e-06    0.2060665362035225 
1.42985e-06    0.214455217109694 
1.43235e-06    0.245254265645491 
1.43485e-06    0.2431624080328999 
1.43735e-06    0.2641878669275929 
1.43985e-06    0.2862086434083434 
1.44235e-06    0.2900673234800298 
1.44485e-06    0.3124577504120318 
1.44735e-06    0.3218361434269011 
1.44985e-06    0.3496471702321277 
1.45235e-06    0.3557601259119987 
1.45485e-06    0.3821917808219178 
1.45735e-06    0.3950591123224874 
1.45985e-06    0.408385018554424 
1.46235e-06    0.430598925852304 
1.46485e-06    0.4632293119245 
1.46735e-06    0.4598596458326386 
1.46985e-06    0.4849998023188127 
1.47235e-06    0.494963990477076 
1.47485e-06    0.5247535647325113 
1.47735e-06    0.5354207436399218 
1.47985e-06    0.5460390269913096 
1.48235e-06    0.5750284246438102 
1.48485e-06    0.5812258106075404 
1.48735e-06    0.6023483365949119 
1.48985e-06    0.6244519773570446 
1.49235e-06    0.6282085204668696 
1.49485e-06    0.6506036453874173 
1.49735e-06    0.659969532631724 
1.49985e-06    0.6927364998483779 
1.50235e-06    0.6899740777859581 
1.50485e-06    0.7097847358121331 
1.50735e-06    0.7180813265174467 
1.50985e-06    0.7362035225048923 
1.51235e-06    0.7439061860049255 
1.51485e-06    0.7499035904969834 
1.51735e-06    0.7710076314886863 
1.51985e-06    0.7759809859752398 
1.52235e-06    0.7994675031619123 
1.52485e-06    0.7940247514314992 
1.52735e-06    0.8053792537268745 
1.52985e-06    0.8198132831725325 
1.53235e-06    0.8198186809371539 
1.53485e-06    0.824758002102893 
1.53735e-06    0.83531915340072 
1.53985e-06    0.8392714629707299 
1.54235e-06    0.8477913400227113 
1.54485e-06    0.8459794824899387 
1.54735e-06    0.8510321907580053 
1.54985e-06    0.8524461839530333 
1.55235e-06    0.8547738941819959 
1.55485e-06    0.8559686888454012 
1.55735e-06    0.8577299412915852 
1.55985e-06    0.8577299412915852 
1.56235e-06    0.8554663845741345 
1.56485e-06    0.8542074363992173 
1.56735e-06    0.8503405571899314 
1.56985e-06    0.8501053384152908 
1.57235e-06    0.8396752706651428 
1.57485e-06    0.8392735374650063 
1.57735e-06    0.8360708967374048 
1.57985e-06    0.8255907538223347 
1.58235e-06    0.8216453456973343 
1.58485e-06    0.8056237850805217 
1.58735e-06    0.802760116875612 
1.58985e-06    0.7963576535910222 
1.59235e-06    0.7714719239685442 
1.59485e-06    0.7746002963283825 
1.59735e-06    0.7574167149591229 
1.59985e-06    0.7559702786985445 
1.60235e-06    0.7407537850446654 
1.60485e-06    0.7221135029354208 
1.60735e-06    0.7155796536965954 
1.60985e-06    0.6956947162426614 
1.61235e-06    0.6872682741671693 
1.61485e-06    0.6562301123345464 
1.61735e-06    0.6592726547063182 
1.61985e-06    0.637573385518591 
1.62235e-06    0.6287673743750819 
1.62485e-06    0.6005787235065461 
1.62735e-06    0.5900195694716243 
1.62985e-06    0.5793803664864858 
1.63235e-06    0.5505291556748757 
1.63485e-06    0.5465427382864216 
1.63735e-06    0.5240361578000777 
1.63985e-06    0.5010565435905442 
1.64235e-06    0.494849015278899 
1.64485e-06    0.4696259686028435 
1.64735e-06    0.4594101800561763 
1.64985e-06    0.4226451367649431 
1.65235e-06    0.4203228827407242 
1.65485e-06    0.4052950775817083 
1.65735e-06    0.3834364427807314 
1.65985e-06    0.3645792563600783 
1.66235e-06    0.3557247488916521 
1.66485e-06    0.3271136585084321 
1.66735e-06    0.3207906171139168 
1.66985e-06    0.2986453757741566 
1.67235e-06    0.289384830468811 
1.67485e-06    0.2611828024973971 
1.67735e-06    0.2518590998043053 
1.67985e-06    0.2416942495567741 
1.68235e-06    0.2102515648039816 
1.68485e-06    0.2118732757669527 
1.68735e-06    0.1919765166340509 
1.68985e-06    0.1841886929508881 
1.69235e-06    0.1655577299412916 
1.69485e-06    0.16434246392537 
1.69735e-06    0.1466587253370561 
1.69985e-06    0.1311233575764719 
1.70235e-06    0.1257519755528556 
1.70485e-06    0.1022644866407301 
1.70735e-06    0.1082850143634864 
1.70985e-06    0.09586697923998445 
1.71235e-06    0.09066342640242855 
1.71485e-06    0.07749510763209394 
1.71735e-06    0.07480716034635049 
1.71985e-06    0.06467316386132038 
1.72235e-06    0.06298810539713415 
1.72485e-06    0.05283757338551859 
1.72735e-06    0.05401122604840533 
1.72985e-06    0.04897565220964255 
1.73235e-06    0.04755381604696673 
1.73485e-06    0.04518847041270211 
1.73735e-06    0.04403131115459882 
1.73985e-06    0.04227005870841487 
1.74235e-06    0.04227005870841487 
1.74485e-06    0.04403131115459882 
1.74735e-06    0.04463623010608227 
1.74985e-06    0.04969417744553536 
1.75235e-06    0.04990946307211177 
1.75485e-06    0.05847999107352828 
1.75735e-06    0.06078152207184735 
1.75985e-06    0.06399341108036929 
1.76235e-06    0.07448533663734228 
1.76485e-06    0.07843533757669406 
1.76735e-06    0.0898238747553816 
1.76985e-06    0.09757189745009909 
1.77235e-06    0.1013170184761153 
1.77485e-06    0.125006249257018 
1.77735e-06    0.125825565996149 
1.77985e-06    0.1317940390691276 
1.78235e-06    0.1510238052870639 
1.78485e-06    0.1580954297609289 
1.78735e-06    0.1723105820864404 
1.78985e-06    0.1827090909882031 
1.79235e-06    0.2025440313111546 
1.79485e-06    0.210892799064207 
1.79735e-06    0.241700257469876 
1.79985e-06    0.2391406164601599 
1.80235e-06    0.2612927842132037 
1.80485e-06    0.2690069528877543 
1.80735e-06    0.2911383571664143 
1.80985e-06    0.3005674538234753 
1.81235e-06    0.3258317025440313 
1.81485e-06    0.3404831662645942 
1.81735e-06    0.3520454291718322 
1.81985e-06    0.3741169492379482 
1.82235e-06    0.3851097182205774 
1.82485e-06    0.4137718377378439 
1.82735e-06    0.425191702029212 
1.82985e-06    0.4384472877896767 
1.83235e-06    0.4706088296891577 
1.83485e-06    0.4808219178082192 
1.83735e-06    0.4897069905050507 
1.83985e-06    0.5153323856152709 
1.84235e-06    0.5248410690893885 
1.84485e-06    0.5512720156555773 
1.84735e-06    0.5641637456260316 
1.84985e-06    0.5754600014536232 
1.85235e-06    0.599404206226635 
1.85485e-06    0.6093897974939813 
1.85735e-06    0.6305283757338551 
1.85985e-06    0.6499021526418787 
1.86235e-06    0.656336185879527 
1.86485e-06    0.6876007037827855 
1.86735e-06    0.6864028463564128 
1.86985e-06    0.7062622309197653 
1.87235e-06    0.7144637057921002 
1.87485e-06    0.7326810176125246 
1.87735e-06    0.7358420834362324 
1.87985e-06    0.7510508060982205 
1.88235e-06    0.7696673189823875 
1.88485e-06    0.7741087487138674 
1.88735e-06    0.7811190289948129 
1.88985e-06    0.8008122305417384 
1.89235e-06    0.8040935047893683 
1.89485e-06    0.8093084548937749 
1.89735e-06    0.8207436399217222 
1.89985e-06    0.8251619694151654 
1.90235e-06    0.8335216290116352 
1.90485e-06    0.8369593015261292 
1.90735e-06    0.8471624266144815 
1.90985e-06    0.8459702968523498 
1.91235e-06    0.8510113561681266 
1.91485e-06    0.8524461839530333 
1.91735e-06    0.8547707418453685 
1.91985e-06    0.8559686888454012 
1.92235e-06    0.8577299412915852 
1.92485e-06    0.8577299412915852 
1.92735e-06    0.8559686888454012 
1.92985e-06    0.855403934671323 
1.93235e-06    0.8521217746349639 
1.93485e-06    0.850112046817486 
1.93735e-06    0.8414145358425061 
1.93985e-06    0.8431049351371384 
1.94235e-06    0.8357257637202927 
1.94485e-06    0.8274134474085005 
1.94735e-06    0.8233806319271455 
1.94985e-06    0.8119373776908024 
1.95235e-06    0.8093378946589556 
1.95485e-06    0.7953072913609779 
1.95735e-06    0.7766295906354449 
1.95985e-06    0.7761686670264429 
1.96235e-06    0.7700435564851997 
1.96485e-06    0.7510758860019929 
1.96735e-06    0.7458183036274294 
1.96985e-06    0.7256360078277887 
1.97235e-06    0.7191416069816782 
1.97485e-06    0.7014742324573631 
1.97735e-06    0.6926270341791776 
1.97985e-06    0.6610128297030089 
1.98235e-06    0.6627929838472721 
1.98485e-06    0.6428571428571429 
1.98735e-06    0.6308290285237008 
1.98985e-06    0.6111545988258317 
1.99235e-06    0.6006404712933496 
1.99485e-06    0.5794520547945206 
1.99735e-06    0.5526707131511654 
1.99985e-06    0.5512732230031651 
2.00235e-06    0.527938801802764 
2.00485e-06    0.5177441974600681 
2.00735e-06    0.4882907903316301 
2.00985e-06    0.4765703894240907 
2.01235e-06    0.4652796290464095 
2.01485e-06    0.4305061618711377 
2.01735e-06    0.4209393346379648 
2.01985e-06    0.4121749985449537 
2.02235e-06    0.3871070474607015 
2.02485e-06    0.3774775801382572 
2.02735e-06    0.3549333105681385 
2.02985e-06    0.3272670541742553 
2.03235e-06    0.3258477708934531 
2.03485e-06    0.3046966731898239 
2.03735e-06    0.2925165071360144 
2.03985e-06    0.2707465035046695 
2.04235e-06    0.261183266643306 
2.04485e-06    0.2412915851272016 
2.04735e-06    0.231115303867113 
2.04985e-06    0.1949825420586704 
2.05235e-06    0.2066402990429462 
2.05485e-06    0.1831702544031311 
2.05735e-06    0.1748422156310321 
2.05985e-06    0.1572171969656161 
2.06235e-06    0.1501677791410059 
2.06485e-06    0.1381640106755328 
2.06735e-06    0.126026904616627 
2.06985e-06    0.1199090593336851 
2.07235e-06    0.09358262332176064 
2.07485e-06    0.09823938750207273 
2.07735e-06    0.09185421937217682 
2.07985e-06    0.07925636007827788 
2.08235e-06    0.07655836865875074 
2.08485e-06    0.06647701523458603 
2.08735e-06    0.06303519648892091 
2.08985e-06    0.05926455969316598 
2.09235e-06    0.04931506849315068 
2.09485e-06    0.05107632093933464 
2.09735e-06    0.04716983091884747 
2.09985e-06    0.04519841155574378 
2.10235e-06    0.04403131115459882 
2.10485e-06    0.04227005870841487 
2.10735e-06    0.04227005870841487 
2.10985e-06    0.04227005870841487 
2.11235e-06    0.04463223734482078 
2.11485e-06    0.04790112407536624 
2.11735e-06    0.04988020747888802 
2.11985e-06    0.05844811612507147 
2.12235e-06    0.0569696935944728 
2.12485e-06    0.06438554905621646 
2.12735e-06    0.07113898339646492 
2.12985e-06    0.07491558228719132 
2.13235e-06    0.08729698467677667 
2.13485e-06    0.09075784811396517 
2.13735e-06    0.1010270024332288 
2.13985e-06    0.1229833970548897 
2.14235e-06    0.1177512440882133 
2.14485e-06    0.1329330803142718 
2.14735e-06    0.149706457925636 
2.14985e-06    0.1542230335708252 
2.15235e-06    0.1720670168580303 
2.15485e-06    0.1791334762130787 
2.15735e-06    0.1990215264187867 
2.15985e-06    0.2055119791969882 
2.16235e-06    0.2364879279807737 
2.16485e-06    0.2355820558116538 
2.16735e-06    0.2561377806789714 
2.16985e-06    0.2654673839730011 
2.17235e-06    0.2876543992886331 
2.17485e-06    0.2971598849794064 
2.17735e-06    0.3196265718922285 
2.17985e-06    0.3288301089313215 
2.18235e-06    0.3614304656833496 
2.18485e-06    0.3688346588137594 
2.18735e-06    0.3819909328304972 
2.18985e-06    0.4038513145538091 
2.19235e-06    0.4227005870841487 
2.19485e-06    0.4315492132263806 
2.19735e-06    0.4666646986949025 
2.19985e-06    0.4668468678276745 
2.20235e-06    0.4931506849315068 
2.20485e-06    0.50779475802997 
2.20735e-06    0.5211336873280239 
2.20985e-06    0.5432805532345151 
2.21235e-06    0.5709510419523931 
2.21485e-06    0.5718969426731573 
2.21735e-06    0.5942700586416749 
2.21985e-06    0.6035952316435144 
2.22235e-06    0.6279725192645147 
2.22485e-06    0.6352886068994532 
2.22735e-06    0.6577376474357539 
2.22985e-06    0.6670480091345014 
2.23235e-06    0.698143590911332 
2.23485e-06    0.6952021650968307 
2.23735e-06    0.715068493150685 
2.23985e-06    0.7228963358631086 
2.24235e-06    0.7414872798434443 
2.24485e-06    0.7477699631393743 
2.24735e-06    0.7661448140900196 
2.24985e-06    0.7720397321815516 
2.25235e-06    0.7781365000140913 
2.25485e-06    0.7925636007827789 
2.25735e-06    0.8020780868795334 
2.25985e-06    0.8057771673210511 
2.26235e-06    0.8189823874755382 
2.26485e-06    0.8216359228797376 
2.26735e-06    0.8317230688419572 
2.26985e-06    0.8357035869384216 
2.27235e-06    0.8389218844252697 
2.27485e-06    0.8495459313851238 
2.27735e-06    0.8477271093781291 
2.27985e-06    0.8528153619336388 
2.28235e-06    0.8547653250216976 
2.28485e-06    0.8559686888454012 
2.28735e-06    0.8577299412915852 
2.28985e-06    0.8577299412915852 
2.29235e-06    0.8577299412915852 
2.29485e-06    0.8554133126856722 
2.29735e-06    0.8542074363992173 
2.29985e-06    0.8503153316062911 
2.30235e-06    0.8418786692759296 
2.30485e-06    0.8430934161259572 
2.30735e-06    0.8380022006708977 
2.30985e-06    0.8292061864523615 
2.31235e-06    0.8251527950470143 
2.31485e-06    0.8136986301369863 
2.31735e-06    0.8105361131711677 
2.31985e-06    0.7991613521288013 
2.32235e-06    0.7768061194289928 
2.32485e-06    0.7841492714763598 
2.32735e-06    0.768967460362738 
2.32985e-06    0.758196414003706 
2.33235e-06    0.7478128103387388 
2.33485e-06    0.7291585127201566 
2.33735e-06    0.7228480578297181 
2.33985e-06    0.7136771243728797 
2.34235e-06    0.6904109589041096 
2.34485e-06    0.6594024352543914 
2.34735e-06    0.6664614170421996 
2.34985e-06    0.6463834265734936 
2.35235e-06    0.638159764666546 
2.35485e-06    0.6159271612070647 
2.35735e-06    0.6064200449122743 
2.35985e-06    0.5824537518587947 
2.36235e-06    0.5722589964310366 
2.36485e-06    0.5403120597645457 
2.36735e-06    0.5336594911937378 
2.36985e-06    0.5230228383094714 
2.37235e-06    0.4976051704371611 
2.37485e-06    0.4878212298522302 
2.37735e-06    0.4614481409001957 
2.37985e-06    0.4361243826389057 
2.38235e-06    0.4335299792382573 
2.38485e-06    0.4113681982576213 
2.38735e-06    0.3882630137642627 
2.38985e-06    0.3822252455855459 
2.39235e-06    0.3588126374622663 
2.39485e-06    0.3486066407902931 
2.39735e-06    0.3148090981132796 
2.39985e-06    0.3082191780821918 
2.40235e-06    0.2976388882039475 
2.40485e-06    0.2765166340508807 
2.40735e-06    0.2643786592820305 
2.40985e-06    0.2448140900195695 
2.41235e-06    0.2345700793980715 
2.41485e-06    0.2036817603539352 
2.41735e-06    0.2065920747914851 
2.41985e-06    0.186692759295499 
2.42235e-06    0.1783301610211586 
2.42485e-06    0.1602739726027397 
2.42735e-06    0.1540292381590593 
2.42985e-06    0.1382433385339685 
2.43235e-06    0.1341493993661118 
2.43485e-06    0.1188870755275885 
2.43735e-06    0.09864988092459295 
2.43985e-06    0.09976115451790385 
2.44235e-06    0.09418108643497694 
2.44485e-06    0.08277886497064581 
2.44735e-06    0.07832936428373873 
2.44985e-06    0.0682663996878784 
2.45235e-06    0.06424224761631148 
2.45485e-06    0.06102072717399753 
2.45735e-06    0.05088333099272788 
2.45985e-06    0.05225480055663369 
2.46235e-06    0.04719002910068251 
2.46485e-06    0.04521035058864093 
2.46735e-06    0.04403131115459882 
2.46985e-06    0.04403131115459882 
2.47235e-06    0.04227005870841487 
2.47485e-06    0.04227005870841487 
2.47735e-06    0.04462256896821904 
2.47985e-06    0.04579256360078279 
2.48235e-06    0.04972341411620949 
2.48485e-06    0.05165341604967742 
2.48735e-06    0.06164383561643835 
2.48985e-06    0.0620418296377846 
2.49235e-06    0.07089648705344583 
2.49485e-06    0.07312879993091735 
2.49735e-06    0.08454011741682975 
2.49985e-06    0.08723279756677414 
2.50235e-06    0.09967433505590428 
2.50485e-06    0.1212905703825309 
2.50735e-06    0.1154390897644667 
2.50985e-06    0.1278984722626191 
2.51235e-06    0.1461839530332681 
2.51485e-06    0.1521436890746269 
2.51735e-06    0.158168157892826 
2.51985e-06    0.1814090019569472 
2.52235e-06    0.1897332488306294 
2.52485e-06    0.2078277886497065 
2.52735e-06    0.2161934345653886 
2.52985e-06    0.2471226237264693 
2.53235e-06    0.2442926655399863 
2.53485e-06    0.2694716242661448 
2.53735e-06    0.2818003913894325 
2.53985e-06    0.2923941627207665 
2.54235e-06    0.3135029354207437 
2.54485e-06    0.3257052802957842 
2.54735e-06    0.3475084030284988 
2.54985e-06    0.3663405088062623 
2.55235e-06    0.3751111337817288 
2.55485e-06    0.4006020162721441 
2.55735e-06    0.4098523471538181 
2.55985e-06    0.432466376685693 
2.56235e-06    0.4646058847987219 
2.56485e-06    0.4616070118244621 
2.56735e-06    0.4868654105260192 
2.56985e-06    0.4963846827331799 
2.57235e-06    0.5264830694258279 
2.57485e-06    0.5379380488310426 
2.57735e-06    0.5511040693512727 
2.57985e-06    0.5729448182734874 
2.58235e-06    0.5821614196298063 
2.58485e-06    0.6076320939334638 
