
time (s)       VT("/out") (V)


2.855e-08      0.6234833659491195 
3.105e-08      0.639334637964775 
3.355e-08      0.6534246575342466 
3.605e-08      0.6928152455708858 
3.855e-08      0.6833659491193738 
4.105e-08      0.6974559686888455 
4.355e-08      0.7115459882583171 
4.605000000000001e-08 0.7238747553816047 
4.855e-08      0.7379647749510764 
5.105e-08      0.7485322896281801 
5.355e-08      0.7608610567514678 
5.605e-08      0.7714285714285714 
5.855e-08      0.7819960861056752 
6.105000000000001e-08 0.7925636007827789 
6.355000000000001e-08 0.8013698630136986 
6.605e-08      0.8101761252446184 
6.855e-08      0.8172211350293542 
7.105e-08      0.82426614481409 
7.354999999999999e-08 0.8313111545988259 
7.605e-08      0.8365949119373777 
7.855e-08      0.8418786692759296 
8.105e-08      0.8471624266144815 
8.355e-08      0.8506849315068493 
8.605000000000001e-08 0.8524461839530333 
8.855000000000001e-08 0.8559686888454012 
9.105e-08      0.8559686888454012 
9.355e-08      0.8577299412915852 
9.605e-08      0.8577299412915852 
9.855000000000001e-08 0.8559686888454012 
1.0105e-07     0.8542074363992173 
1.0355e-07     0.8524461839530333 
1.0605e-07     0.8489236790606653 
1.0855e-07     0.8454011741682974 
1.1105e-07     0.8401174168297456 
1.1355e-07     0.8348336594911938 
1.1605e-07     0.8295499021526419 
1.1855e-07     0.8225048923679061 
1.2105e-07     0.8154598825831703 
1.2355e-07     0.8084148727984345 
1.2605e-07     0.7996086105675148 
1.2855e-07     0.7890410958904109 
1.3105e-07     0.7802348336594912 
1.3355e-07     0.7696673189823875 
1.3605e-07     0.7573385518590998 
1.3855e-07     0.7467710371819961 
1.4105e-07     0.7344422700587084 
1.4355e-07     0.7203522504892368 
1.4605e-07     0.7080234833659491 
1.4855e-07     0.6939334637964776 
1.5105e-07     0.6560916142796197 
1.5355e-07     0.6657534246575342 
1.5605e-07     0.6499021526418787 
1.5855e-07     0.6340508806262231 
1.6105e-07     0.6181996086105676 
1.6355e-07     0.6023483365949119 
1.6605e-07     0.5864970645792563 
1.6855e-07     0.5706457925636008 
1.7105e-07     0.5530332681017613 
1.7355e-07     0.5354207436399218 
1.7605e-07     0.5195694716242661 
1.7855e-07     0.5019569471624267 
1.8105e-07     0.4843444227005871 
1.8355e-07     0.3608631441612369 
1.8605e-07     0.449119373776908 
1.8855e-07     0.4315068493150685 
1.9105e-07     0.413894324853229 
1.9355e-07     0.3962818003913894 
1.9605e-07     0.3786692759295499 
1.9855e-07     0.3628180039138943 
2.0105e-07     0.3452054794520548 
2.0355e-07     0.3275929549902153 
2.0605e-07     0.3117416829745597 
2.0855e-07     0.2958904109589041 
2.1105e-07     0.2800391389432485 
2.1355e-07     0.2641878669275929 
2.1605e-07     0.2483365949119374 
2.1855e-07     0.2084479828903012 
2.2105e-07     0.2183953033268102 
2.2355e-07     0.2043052837573386 
2.2605e-07     0.1902152641878669 
2.2855e-07     0.1778864970645793 
2.3105e-07     0.1655577299412916 
2.3355e-07     0.1532289628180039 
2.3605e-07     0.1409001956947162 
2.3855e-07     0.1303326810176125 
2.4105e-07     0.1197651663405088 
2.4355e-07     0.1091976516634051 
2.4605e-07     0.1003913894324853 
2.4855e-07     0.09158512720156557 
2.5105e-07     0.08277886497064581 
2.5355e-07     0.07573385518590998 
2.5605e-07     0.07045009784735812 
2.5855e-07     0.06340508806262231 
2.6105e-07     0.05812133072407045 
2.6355e-07     0.05459882583170255 
2.6605e-07     0.05107632093933464 
2.685500000000001e-07 0.04755381604696673 
2.7105e-07     0.04579256360078279 
2.7355e-07     0.04403131115459882 
2.7605e-07     0.04227005870841487 
2.7855e-07     0.04227005870841487 
2.8105e-07     0.04403131115459882 
2.8355e-07     0.04579256360078279 
2.8605e-07     0.04755381604696673 
2.8855e-07     0.04931506849315068 
2.910500000000001e-07 0.05459882583170255 
2.9355e-07     0.05812133072407045 
2.9605e-07     0.06340508806262231 
2.9855e-07     0.06868884540117418 
3.0105e-07     0.07573385518590998 
3.0355e-07     0.08277886497064581 
3.0605e-07     0.09158512720156557 
3.0855e-07     0.1003913894324853 
3.1105e-07     0.1091976516634051 
3.135500000000001e-07 0.1197651663405088 
3.1605e-07     0.1285714285714286 
3.1855e-07     0.1409001956947162 
3.2105e-07     0.15146771037182 
3.2355e-07     0.1637964774951076 
3.2605e-07     0.1761252446183953 
3.2855e-07     0.1902152641878669 
3.3105e-07     0.2043052837573386 
3.3355e-07     0.2428366473437471 
3.3605e-07     0.2324853228962818 
3.3855e-07     0.2483365949119374 
3.4105e-07     0.262426614481409 
3.4355e-07     0.2782778864970646 
3.460500000000001e-07 0.2958904109589041 
3.4855e-07     0.3117416829745597 
3.5105e-07     0.3275929549902153 
3.5355e-07     0.3452054794520548 
3.5605e-07     0.3610567514677104 
3.5855e-07     0.3786692759295499 
3.6105e-07     0.3962818003913894 
3.6355e-07     0.413894324853229 
3.6605e-07     0.4315068493150685 
3.685500000000001e-07 0.5580433998463862 
3.7105e-07     0.4649706457925636 
3.7355e-07     0.4843444227005871 
3.7605e-07     0.5019569471624267 
3.7855e-07     0.5178082191780823 
3.8105e-07     0.5354207436399218 
3.8355e-07     0.5530332681017613 
3.8605e-07     0.5688845401174168 
3.8855e-07     0.5864970645792563 
3.910500000000001e-07 0.6023483365949119 
3.9355e-07     0.6181996086105676 
3.9605e-07     0.6340508806262231 
3.9855e-07     0.6499021526418787 
4.010500000000001e-07 0.6867735492882518 
4.0355e-07     0.6798434442270059 
4.0605e-07     0.6939334637964776 
4.0855e-07     0.7080234833659491 
4.1105e-07     0.7203522504892368 
4.1355e-07     0.7326810176125246 
4.1605e-07     0.7450097847358121 
4.1855e-07     0.7573385518590998 
4.2105e-07     0.7679060665362036 
4.235500000000001e-07 0.7784735812133072 
4.2605e-07     0.7890410958904109 
4.2855e-07     0.7978473581213307 
4.3105e-07     0.8066536203522505 
4.3355e-07     0.8154598825831703 
4.3605e-07     0.8225048923679061 
4.3855e-07     0.8295499021526419 
4.4105e-07     0.8348336594911938 
4.4355e-07     0.8401174168297456 
4.460500000000001e-07 0.8454011741682974 
4.4855e-07     0.8489236790606653 
4.5105e-07     0.8524461839530333 
4.5355e-07     0.8542074363992173 
4.5605e-07     0.8559686888454012 
4.5855e-07     0.8577299412915852 
4.6105e-07     0.8577299412915852 
4.6355e-07     0.8559686888454012 
4.6605e-07     0.8559686888454012 
4.6855e-07     0.8524461839530333 
4.7105e-07     0.8506849315068493 
4.7355e-07     0.8471624266144815 
4.7605e-07     0.8418786692759296 
4.785500000000001e-07 0.8365949119373777 
4.8105e-07     0.8313111545988259 
4.8355e-07     0.82426614481409 
4.8605e-07     0.8172211350293542 
4.8855e-07     0.8101761252446184 
4.9105e-07     0.8013698630136986 
4.9355e-07     0.7925636007827789 
4.9605e-07     0.7819960861056752 
4.9855e-07     0.7714285714285714 
5.010500000000001e-07 0.7608610567514678 
5.0355e-07     0.7502935420743641 
5.0605e-07     0.7379647749510764 
5.085500000000001e-07 0.7256360078277887 
5.110500000000001e-07 0.7115459882583171 
5.1355e-07     0.6974559686888455 
5.1605e-07     0.6600787037087412 
5.1855e-07     0.6692759295499021 
5.210500000000001e-07 0.6551859099804306 
5.235500000000001e-07 0.639334637964775 
5.2605e-07     0.6234833659491195 
5.2855e-07     0.6076320939334638 
5.310500000000001e-07 0.5917808219178082 
5.335500000000001e-07 0.5741682974559688 
5.3605e-07     0.5583170254403131 
5.3855e-07     0.5407045009784736 
5.4105e-07     0.5230919765166341 
5.435500000000001e-07 0.5072407045009785 
5.4605e-07     0.489628180039139 
5.4855e-07     0.4720156555772995 
5.5105e-07     0.3455620405370797 
5.535500000000001e-07 0.4367906066536204 
5.560500000000001e-07 0.4191780821917809 
5.5855e-07     0.4015655577299413 
5.6105e-07     0.3839530332681018 
5.6355e-07     0.3663405088062623 
5.660500000000001e-07 0.3504892367906066 
5.6855e-07     0.3328767123287671 
5.7105e-07     0.3170254403131115 
5.7355e-07     0.299412915851272 
5.760500000000001e-07 0.2835616438356164 
5.785500000000001e-07 0.2677103718199609 
5.8105e-07     0.2518590998043053 
5.8355e-07     0.2151374386975957 
5.860500000000001e-07 0.2219178082191781 
5.885500000000001e-07 0.2078277886497065 
5.9105e-07     0.1937377690802348 
5.9355e-07     0.1814090019569472 
5.9605e-07     0.1673189823874755 
5.985500000000001e-07 0.1567514677103719 
6.010500000000001e-07 0.1444227005870841 
6.0355e-07     0.1320939334637965 
6.0605e-07     0.1215264187866928 
6.085500000000001e-07 0.112720156555773 
6.110500000000001e-07 0.1021526418786693 
6.1355e-07     0.09334637964774951 
6.1605e-07     0.0863013698630137 
6.1855e-07     0.07749510763209394 
6.210500000000001e-07 0.07221135029354207 
6.2355e-07     0.06516634050880626 
6.2605e-07     0.0598825831702544 
6.2855e-07     0.05459882583170255 
6.310500000000001e-07 0.05107632093933464 
6.335500000000001e-07 0.04755381604696673 
6.3605e-07     0.04579256360078279 
6.3855e-07     0.04403131115459882 
6.410500000000001e-07 0.04227005870841487 
6.435500000000001e-07 0.04227005870841487 
6.4605e-07     0.04403131115459882 
6.4855e-07     0.04403131115459882 
6.5105e-07     0.04579256360078279 
6.535500000000001e-07 0.04931506849315068 
6.560500000000001e-07 0.05283757338551859 
6.5855e-07     0.0563600782778865 
6.6105e-07     0.06164383561643835 
6.635500000000001e-07 0.06692759295499022 
6.660500000000001e-07 0.07397260273972603 
6.6855e-07     0.08101761252446184 
6.7105e-07     0.08806262230919765 
6.7355e-07     0.09686888454011741 
6.760500000000001e-07 0.1056751467710372 
6.785500000000001e-07 0.1162426614481409 
6.8105e-07     0.1268101761252446 
6.8355e-07     0.1373776908023484 
6.860500000000001e-07 0.1479452054794521 
6.885500000000001e-07 0.1602739726027397 
6.9105e-07     0.1726027397260274 
6.9355e-07     0.186692759295499 
6.9605e-07     0.1990215264187867 
6.985500000000001e-07 0.2369074260551068 
7.0105e-07     0.2289628180039139 
7.0355e-07     0.2430528375733855 
7.0605e-07     0.2589041095890411 
7.085500000000001e-07 0.2747553816046967 
7.110500000000001e-07 0.2906066536203523 
7.1355e-07     0.3064579256360078 
7.1605e-07     0.3223091976516634 
7.185500000000001e-07 0.339921722113503 
7.210500000000001e-07 0.3557729941291585 
7.2355e-07     0.3733855185909981 
7.2605e-07     0.3909980430528376 
7.2855e-07     0.4086105675146771 
7.310500000000001e-07 0.4262230919765166 
7.335500000000001e-07 0.5516005757910449 
7.3605e-07     0.4614481409001957 
7.3855e-07     0.4790606653620352 
7.410500000000001e-07 0.4966731898238748 
7.435500000000001e-07 0.5142857142857143 
7.4605e-07     0.53013698630137 
7.4855e-07     0.5477495107632094 
7.5105e-07     0.565362035225049 
7.535500000000001e-07 0.5812133072407045 
7.560500000000001e-07 0.598825831702544 
7.5855e-07     0.6146771037181996 
7.6105e-07     0.6305283757338551 
7.635500000000001e-07 0.6446183953033269 
7.660500000000001e-07 0.6604696673189824 
7.6855e-07     0.6988657751432733 
7.7105e-07     0.6904109589041096 
7.735500000000001e-07 0.7045009784735812 
7.760500000000001e-07 0.716829745596869 
7.7855e-07     0.7291585127201566 
7.8105e-07     0.7414872798434443 
7.8355e-07     0.7538160469667319 
7.860500000000001e-07 0.7661448140900196 
7.885500000000001e-07 0.7767123287671234 
7.9105e-07     0.7872798434442271 
7.9355e-07     0.7960861056751468 
7.960500000000001e-07 0.8048923679060666 
7.985500000000001e-07 0.8136986301369863 
8.0105e-07     0.8207436399217222 
8.0355e-07     0.8277886497064579 
8.0605e-07     0.8348336594911938 
8.085500000000001e-07 0.8401174168297456 
8.110500000000001e-07 0.8436399217221136 
8.1355e-07     0.8489236790606653 
8.1605e-07     0.8506849315068493 
8.185500000000001e-07 0.8542074363992173 
8.210500000000001e-07 0.8559686888454012 
8.2355e-07     0.8577299412915852 
8.2605e-07     0.8577299412915852 
8.2855e-07     0.8577299412915852 
8.310500000000001e-07 0.8559686888454012 
8.3355e-07     0.8542074363992173 
8.3605e-07     0.8506849315068493 
8.3855e-07     0.8471624266144815 
8.410500000000001e-07 0.8436399217221136 
8.435500000000001e-07 0.8383561643835618 
8.4605e-07     0.8330724070450097 
8.4855e-07     0.8277886497064579 
8.510500000000001e-07 0.8207436399217222 
8.535500000000001e-07 0.8119373776908024 
8.5605e-07     0.8048923679060666 
8.5855e-07     0.7960861056751468 
8.6105e-07     0.7855185909980431 
8.635500000000001e-07 0.7749510763209393 
8.660500000000001e-07 0.7643835616438357 
8.6855e-07     0.752054794520548 
8.7105e-07     0.7414872798434443 
8.735500000000001e-07 0.7291585127201566 
8.760500000000001e-07 0.715068493150685 
8.7855e-07     0.7027397260273973 
8.8105e-07     0.6663573438067935 
8.8355e-07     0.6727984344422701 
8.860500000000001e-07 0.6587084148727985 
8.885500000000001e-07 0.6428571428571429 
8.9105e-07     0.6287671232876713 
8.9355e-07     0.6111545988258317 
8.960500000000001e-07 0.5953033268101761 
8.985500000000001e-07 0.5794520547945206 
9.0105e-07     0.5636007827788649 
9.0355e-07     0.5459882583170255 
9.060500000000001e-07 0.5283757338551859 
9.085500000000001e-07 0.5107632093933464 
9.1105e-07     0.4949119373776908 
9.1355e-07     0.4772994129158513 
9.1605e-07     0.3513806091980019 
9.185500000000001e-07 0.4420743639921722 
9.210500000000001e-07 0.4244618395303327 
9.2355e-07     0.4068493150684931 
9.2605e-07     0.3892367906066536 
9.285500000000001e-07 0.3716242661448141 
9.310500000000001e-07 0.3540117416829746 
9.3355e-07     0.336399217221135 
9.3605e-07     0.3205479452054795 
9.3855e-07     0.3046966731898239 
9.410500000000001e-07 0.2888454011741683 
9.435500000000001e-07 0.2729941291585127 
9.4605e-07     0.2571428571428572 
9.4855e-07     0.2412915851272016 
9.510500000000001e-07 0.2025235748780944 
9.535500000000001e-07 0.2131115459882583 
9.560499999999999e-07 0.1990215264187867 
9.585499999999999e-07 0.1849315068493151 
9.610500000000001e-07 0.1726027397260274 
9.635500000000001e-07 0.1585127201565558 
9.660500000000001e-07 0.1479452054794521 
9.6855e-07     0.1356164383561644 
9.7105e-07     0.1250489236790607 
9.7355e-07     0.1144814090019569 
9.7605e-07     0.1056751467710372 
9.785499999999999e-07 0.09686888454011741 
9.810499999999999e-07 0.08806262230919765 
9.835499999999999e-07 0.08101761252446184 
9.860499999999999e-07 0.07397260273972603 
9.8855e-07     0.06692759295499022 
9.9105e-07     0.06164383561643835 
9.9355e-07     0.0563600782778865 
9.9605e-07     0.05283757338551859 
9.9855e-07     0.04931506849315068 
1.00105e-06    0.04579256360078279 
1.00355e-06    0.04403131115459882 
1.00605e-06    0.04227005870841487 
1.00855e-06    0.04227005870841487 
1.01105e-06    0.04227005870841487 
1.01355e-06    0.04403131115459882 
1.01605e-06    0.04579256360078279 
1.01855e-06    0.04755381604696673 
1.02105e-06    0.05107632093933464 
1.02355e-06    0.0563600782778865 
1.02605e-06    0.0598825831702544 
1.02855e-06    0.06516634050880626 
1.03105e-06    0.07221135029354207 
1.03355e-06    0.07925636007827788 
1.03605e-06    0.0863013698630137 
1.03855e-06    0.09510763209393347 
1.04105e-06    0.1039138943248532 
1.04355e-06    0.112720156555773 
1.04605e-06    0.1232876712328767 
1.04855e-06    0.1338551859099804 
1.05105e-06    0.1444227005870841 
1.05355e-06    0.1567514677103719 
1.05605e-06    0.1690802348336595 
1.05855e-06    0.1831702544031311 
1.06105e-06    0.1954990215264188 
1.06355e-06    0.2295290539999521 
1.06605e-06    0.225440313111546 
1.06855e-06    0.2395303326810176 
1.07105e-06    0.2536203522504892 
1.07355e-06    0.2694716242661448 
1.07605e-06    0.2853228962818004 
1.07855e-06    0.301174168297456 
1.08105e-06    0.3187866927592955 
1.08355e-06    0.3346379647749511 
1.08605e-06    0.3522504892367906 
1.08855e-06    0.3681017612524461 
1.09105e-06    0.3857142857142857 
1.09355e-06    0.4033268101761253 
1.09605e-06    0.4209393346379648 
1.09855e-06    0.5479072907208324 
1.10105e-06    0.4561643835616438 
1.10355e-06    0.4737769080234834 
1.10605e-06    0.4913894324853229 
1.10855e-06    0.5090019569471624 
1.11105e-06    0.5248532289628179 
1.11355e-06    0.5424657534246575 
1.11605e-06    0.560078277886497 
1.11855e-06    0.5776908023483366 
1.12105e-06    0.5935420743639922 
1.12355e-06    0.6093933463796478 
1.12605e-06    0.6252446183953033 
1.12855e-06    0.6410958904109589 
1.13105e-06    0.6569471624266144 
1.13355e-06    0.6949939408110428 
1.13605e-06    0.6851272015655577 
1.13855e-06    0.6992172211350294 
1.14105e-06    0.713307240704501 
1.14355e-06    0.7256360078277887 
1.14605e-06    0.7397260273972602 
1.14855e-06    0.7502935420743641 
1.15105e-06    0.7626223091976516 
1.15355e-06    0.7731898238747554 
1.15605e-06    0.7837573385518591 
1.15855e-06    0.7925636007827789 
1.16105e-06    0.8031311154598827 
1.16355e-06    0.8101761252446184 
1.16605e-06    0.8189823874755382 
1.16855e-06    0.826027397260274 
1.17105e-06    0.8330724070450097 
1.17355e-06    0.8383561643835618 
1.17605e-06    0.8436399217221136 
1.17855e-06    0.8471624266144815 
1.18105e-06    0.8506849315068493 
1.18355e-06    0.8542074363992173 
1.18605e-06    0.8559686888454012 
1.18855e-06    0.8559686888454012 
1.19105e-06    0.8577299412915852 
1.19355e-06    0.8577299412915852 
1.19605e-06    0.8559686888454012 
1.19855e-06    0.8542074363992173 
1.20105e-06    0.8524461839530333 
1.20355e-06    0.8489236790606653 
1.20605e-06    0.8454011741682974 
1.20855e-06    0.8401174168297456 
1.21105e-06    0.8348336594911938 
1.21355e-06    0.8295499021526419 
1.21605e-06    0.8225048923679061 
1.21855e-06    0.8154598825831703 
1.22105e-06    0.8066536203522505 
1.22355e-06    0.7978473581213307 
1.22605e-06    0.7872798434442271 
1.22855e-06    0.7784735812133072 
1.23105e-06    0.7679060665362036 
1.23355e-06    0.7555772994129158 
1.23605e-06    0.7450097847358121 
1.23855e-06    0.7326810176125246 
1.24105e-06    0.7185909980430528 
1.24355e-06    0.7062622309197653 
1.24605e-06    0.6921722113502935 
1.24855e-06    0.6541976127264095 
1.25105e-06    0.6639921722113503 
1.25355e-06    0.6481409001956947 
1.25605e-06    0.6322896281800392 
1.25855e-06    0.6164383561643836 
1.26105e-06    0.6005870841487281 
1.26355e-06    0.5847358121330725 
1.26605e-06    0.5671232876712329 
1.26855e-06    0.5512720156555773 
1.27105e-06    0.5336594911937378 
1.27355e-06    0.5160469667318982 
1.27605e-06    0.4984344422700587 
1.27855e-06    0.4825831702544031 
1.28105e-06    0.3579206381134376 
1.28355e-06    0.4473581213307241 
1.28605e-06    0.4297455968688845 
1.28855e-06    0.412133072407045 
1.29105e-06    0.3945205479452055 
1.29355e-06    0.3769080234833659 
1.29605e-06    0.3592954990215264 
1.29855e-06    0.3434442270058709 
1.30105e-06    0.3258317025440313 
1.30355e-06    0.3099804305283758 
1.30605e-06    0.2923679060665362 
1.30855e-06    0.2765166340508807 
1.31105e-06    0.2606653620352251 
1.31355e-06    0.2465753424657534 
1.31605e-06    0.2063882662332058 
1.31855e-06    0.2166340508806262 
1.32105e-06    0.2025440313111546 
1.32355e-06    0.188454011741683 
1.32605e-06    0.1761252446183953 
1.32855e-06    0.1620352250489237 
1.33105e-06    0.15146771037182 
1.33355e-06    0.1391389432485323 
1.33605e-06    0.1285714285714286 
1.33855e-06    0.1180039138943249 
1.34105e-06    0.1074363992172211 
1.34355e-06    0.09863013698630137 
1.34605e-06    0.0898238747553816 
1.34855e-06    0.08277886497064581 
1.35105e-06    0.07573385518590998 
1.35355e-06    0.06868884540117418 
1.35605e-06    0.06340508806262231 
1.35855e-06    0.05812133072407045 
1.36105e-06    0.05283757338551859 
1.36355e-06    0.04931506849315068 
1.36605e-06    0.04755381604696673 
1.36855e-06    0.04403131115459882 
1.37105e-06    0.04403131115459882 
1.37355e-06    0.04227005870841487 
1.37605e-06    0.04227005870841487 
1.37855e-06    0.04403131115459882 
1.38105e-06    0.04579256360078279 
1.38355e-06    0.04755381604696673 
1.38605e-06    0.05107632093933464 
1.38855e-06    0.05459882583170255 
1.39105e-06    0.0598825831702544 
1.39355e-06    0.06516634050880626 
1.39605e-06    0.07045009784735812 
1.39855e-06    0.07749510763209394 
1.40105e-06    0.08454011741682975 
1.40355e-06    0.09158512720156557 
1.40605e-06    0.1003913894324853 
1.40855e-06    0.110958904109589 
1.41105e-06    0.1197651663405088 
1.41355e-06    0.1303326810176125 
1.41605e-06    0.1426614481409002 
1.41855e-06    0.1532289628180039 
1.42105e-06    0.1655577299412916 
1.42355e-06    0.1796477495107632 
1.42605e-06    0.1919765166340509 
1.42855e-06    0.2060665362035225 
1.43105e-06    0.2449380941803983 
1.43355e-06    0.2342465753424658 
1.43605e-06    0.2500978473581214 
1.43855e-06    0.2659491193737769 
1.44105e-06    0.2818003913894325 
1.44355e-06    0.297651663405088 
1.44605e-06    0.3135029354207437 
1.44855e-06    0.3293542074363993 
1.45105e-06    0.3469667318982388 
1.45355e-06    0.3645792563600783 
1.45605e-06    0.3804305283757339 
1.45855e-06    0.3980430528375734 
1.46105e-06    0.4156555772994129 
1.46355e-06    0.5400096614228 
1.46605e-06    0.450880626223092 
1.46855e-06    0.4684931506849315 
1.47105e-06    0.4861056751467711 
1.47355e-06    0.5037181996086106 
1.47605e-06    0.5213307240704501 
1.47855e-06    0.5371819960861057 
1.48105e-06    0.5547945205479452 
1.48355e-06    0.5724070450097848 
1.48605e-06    0.5882583170254404 
1.48855e-06    0.6041095890410959 
1.49105e-06    0.6199608610567515 
1.49355e-06    0.6358121330724071 
1.49605e-06    0.6516634050880626 
1.49855e-06    0.6907609556480346 
1.50105e-06    0.6816046966731898 
1.50355e-06    0.6956947162426614 
1.50605e-06    0.7097847358121331 
1.50855e-06    0.7221135029354208 
1.51105e-06    0.7362035225048923 
1.51355e-06    0.7467710371819961 
1.51605e-06    0.7590998043052838 
1.51855e-06    0.7696673189823875 
1.52105e-06    0.7802348336594912 
1.52355e-06    0.7908023483365949 
1.52605e-06    0.7996086105675148 
1.52855e-06    0.8084148727984345 
1.53105e-06    0.8172211350293542 
1.53355e-06    0.82426614481409 
1.53605e-06    0.8295499021526419 
1.53855e-06    0.8365949119373777 
1.54105e-06    0.8418786692759296 
1.54355e-06    0.8454011741682974 
1.54605e-06    0.8489236790606653 
1.54855e-06    0.8524461839530333 
1.55105e-06    0.8542074363992173 
1.55355e-06    0.8559686888454012 
1.55605e-06    0.8577299412915852 
1.55855e-06    0.8577299412915852 
1.56105e-06    0.8559686888454012 
1.56355e-06    0.8542074363992173 
1.56605e-06    0.8524461839530333 
1.56855e-06    0.8506849315068493 
1.57105e-06    0.8454011741682974 
1.57355e-06    0.8418786692759296 
1.57605e-06    0.8365949119373777 
1.57855e-06    0.8313111545988259 
1.58105e-06    0.82426614481409 
1.58355e-06    0.8172211350293542 
1.58605e-06    0.8084148727984345 
1.58855e-06    0.7996086105675148 
1.59105e-06    0.7908023483365949 
1.59355e-06    0.7802348336594912 
1.59605e-06    0.7714285714285714 
1.59855e-06    0.7590998043052838 
1.60105e-06    0.7485322896281801 
1.60355e-06    0.7362035225048923 
1.60605e-06    0.7238747553816047 
1.60855e-06    0.7097847358121331 
1.61105e-06    0.6956947162426614 
1.61355e-06    0.6581353727456748 
1.61605e-06    0.6675146771037183 
1.61855e-06    0.6516634050880626 
1.62105e-06    0.637573385518591 
1.62355e-06    0.6217221135029354 
1.62605e-06    0.6041095890410959 
1.62855e-06    0.5882583170254404 
1.63105e-06    0.5724070450097848 
1.63355e-06    0.5547945205479452 
1.63605e-06    0.5389432485322897 
1.63855e-06    0.5213307240704501 
1.64105e-06    0.5037181996086106 
1.64355e-06    0.4861056751467711 
1.64605e-06    0.4684931506849315 
1.64855e-06    0.3437659626940926 
1.65105e-06    0.4350293542074364 
1.65355e-06    0.4156555772994129 
1.65605e-06    0.3980430528375734 
1.65855e-06    0.3821917808219178 
1.66105e-06    0.3645792563600783 
1.66355e-06    0.3469667318982388 
1.66605e-06    0.3311154598825832 
1.66855e-06    0.3135029354207437 
1.67105e-06    0.297651663405088 
1.67355e-06    0.2818003913894325 
1.67605e-06    0.2659491193737769 
1.67855e-06    0.2500978473581214 
1.68105e-06    0.2122621816578037 
1.68355e-06    0.2201565557729941 
1.68605e-06    0.2060665362035225 
1.68855e-06    0.1919765166340509 
1.69105e-06    0.1796477495107632 
1.69355e-06    0.1673189823874755 
1.69605e-06    0.1549902152641879 
1.69855e-06    0.1426614481409002 
1.70105e-06    0.1320939334637965 
1.70355e-06    0.1215264187866928 
1.70605e-06    0.110958904109589 
1.70855e-06    0.1021526418786693 
1.71105e-06    0.09334637964774951 
1.71355e-06    0.08454011741682975 
1.71605e-06    0.07749510763209394 
1.71855e-06    0.07045009784735812 
1.72105e-06    0.06516634050880626 
1.72355e-06    0.0598825831702544 
1.72605e-06    0.05459882583170255 
1.72855e-06    0.05107632093933464 
1.73105e-06    0.04755381604696673 
1.73355e-06    0.04579256360078279 
1.73605e-06    0.04403131115459882 
1.73855e-06    0.04227005870841487 
1.74105e-06    0.04227005870841487 
1.74355e-06    0.04403131115459882 
1.74605e-06    0.04403131115459882 
1.74855e-06    0.04755381604696673 
1.75105e-06    0.04931506849315068 
1.75355e-06    0.05283757338551859 
1.75605e-06    0.05812133072407045 
1.75855e-06    0.06340508806262231 
1.76105e-06    0.06868884540117418 
1.76355e-06    0.07573385518590998 
1.76605e-06    0.08277886497064581 
1.76855e-06    0.0898238747553816 
1.77105e-06    0.09863013698630137 
1.77355e-06    0.1074363992172211 
1.77605e-06    0.1180039138943249 
1.77855e-06    0.1285714285714286 
1.78105e-06    0.1391389432485323 
1.78355e-06    0.149706457925636 
1.78605e-06    0.1620352250489237 
1.78855e-06    0.1743639921722114 
1.79105e-06    0.188454011741683 
1.79355e-06    0.2025440313111546 
1.79605e-06    0.2407738184143277 
1.79855e-06    0.2307240704500979 
1.80105e-06    0.2448140900195695 
1.80355e-06    0.2606653620352251 
1.80605e-06    0.2765166340508807 
1.80855e-06    0.2923679060665362 
1.81105e-06    0.3082191780821918 
1.81355e-06    0.3258317025440313 
1.81605e-06    0.3416829745596869 
1.81855e-06    0.3592954990215264 
1.82105e-06    0.3769080234833659 
1.82355e-06    0.3927592954990216 
1.82605e-06    0.4103718199608611 
1.82855e-06    0.4279843444227006 
1.83105e-06    0.5560576744187274 
1.83355e-06    0.4632093933463797 
1.83605e-06    0.4808219178082192 
1.83855e-06    0.4984344422700587 
1.84105e-06    0.5160469667318982 
1.84355e-06    0.5336594911937378 
1.84605e-06    0.5495107632093934 
1.84855e-06    0.5671232876712329 
1.85105e-06    0.5829745596868885 
1.85355e-06    0.6005870841487281 
1.85605e-06    0.6164383561643836 
1.85855e-06    0.6322896281800392 
1.86105e-06    0.6481409001956947 
1.86355e-06    0.6841268980331615 
1.86605e-06    0.678082191780822 
1.86855e-06    0.6921722113502935 
1.87105e-06    0.7062622309197653 
1.87355e-06    0.7185909980430528 
1.87605e-06    0.7326810176125246 
1.87855e-06    0.7432485322896282 
1.88105e-06    0.7555772994129158 
1.88355e-06    0.7679060665362036 
1.88605e-06    0.7784735812133072 
1.88855e-06    0.7872798434442271 
1.89105e-06    0.7978473581213307 
1.89355e-06    0.8066536203522505 
1.89605e-06    0.8136986301369863 
1.89855e-06    0.8225048923679061 
1.90105e-06    0.8277886497064579 
1.90355e-06    0.8348336594911938 
1.90605e-06    0.8401174168297456 
1.90855e-06    0.8454011741682974 
1.91105e-06    0.8489236790606653 
1.91355e-06    0.8524461839530333 
1.91605e-06    0.8542074363992173 
1.91855e-06    0.8559686888454012 
1.92105e-06    0.8577299412915852 
1.92355e-06    0.8577299412915852 
1.92605e-06    0.8559686888454012 
1.92855e-06    0.8559686888454012 
1.93105e-06    0.8542074363992173 
1.93355e-06    0.8506849315068493 
1.93605e-06    0.8471624266144815 
1.93855e-06    0.8436399217221136 
1.94105e-06    0.8383561643835618 
1.94355e-06    0.8330724070450097 
1.94605e-06    0.826027397260274 
1.94855e-06    0.8189823874755382 
1.95105e-06    0.8119373776908024 
1.95355e-06    0.8031311154598827 
1.95605e-06    0.7943248532289628 
1.95855e-06    0.7837573385518591 
1.96105e-06    0.7731898238747554 
1.96355e-06    0.7626223091976516 
1.96605e-06    0.752054794520548 
1.96855e-06    0.7397260273972602 
1.97105e-06    0.7273972602739726 
1.97355e-06    0.713307240704501 
1.97605e-06    0.7009784735812132 
1.97855e-06    0.6641181079307467 
1.98105e-06    0.6710371819960862 
1.98355e-06    0.6569471624266144 
1.98605e-06    0.6410958904109589 
1.98855e-06    0.6252446183953033 
1.99105e-06    0.6093933463796478 
1.99355e-06    0.5935420743639922 
1.99605e-06    0.5776908023483366 
1.99855e-06    0.560078277886497 
2.00105e-06    0.5442270058708415 
2.00355e-06    0.526614481409002 
2.00605e-06    0.5090019569471624 
2.00855e-06    0.4913894324853229 
2.01105e-06    0.4737769080234834 
2.01355e-06    0.349543893000302 
2.01605e-06    0.4385518590998043 
2.01855e-06    0.4209393346379648 
2.02105e-06    0.4033268101761253 
2.02355e-06    0.3857142857142857 
2.02605e-06    0.3698630136986301 
2.02855e-06    0.3522504892367906 
2.03105e-06    0.3346379647749511 
2.03355e-06    0.3187866927592955 
2.03605e-06    0.3029354207436399 
2.03855e-06    0.2853228962818004 
2.04105e-06    0.2694716242661448 
2.04355e-06    0.2553816046966732 
2.04605e-06    0.2395303326810176 
2.04855e-06    0.2000309357855921 
2.05105e-06    0.2095890410958904 
2.05355e-06    0.1972602739726027 
2.05605e-06    0.1831702544031311 
2.05855e-06    0.1708414872798434 
2.06105e-06    0.1585127201565558 
2.06355e-06    0.1461839530332681 
2.06605e-06    0.1338551859099804 
2.06855e-06    0.1232876712328767 
2.07105e-06    0.112720156555773 
2.07355e-06    0.1039138943248532 
2.07605e-06    0.09510763209393347 
2.07855e-06    0.0863013698630137 
2.08105e-06    0.07925636007827788 
2.08355e-06    0.07221135029354207 
2.08605e-06    0.06516634050880626 
2.08855e-06    0.0598825831702544 
2.09105e-06    0.0563600782778865 
2.09355e-06    0.05107632093933464 
2.09605e-06    0.04931506849315068 
2.09855e-06    0.04579256360078279 
2.10105e-06    0.04403131115459882 
2.10355e-06    0.04227005870841487 
2.10605e-06    0.04227005870841487 
2.10855e-06    0.04227005870841487 
2.11105e-06    0.04403131115459882 
2.11355e-06    0.04579256360078279 
2.11605e-06    0.04931506849315068 
2.11855e-06    0.05283757338551859 
2.12105e-06    0.0563600782778865 
2.12355e-06    0.06164383561643835 
2.12605e-06    0.06692759295499022 
2.12855e-06    0.07221135029354207 
2.13105e-06    0.07925636007827788 
2.13355e-06    0.08806262230919765 
2.13605e-06    0.09510763209393347 
2.13855e-06    0.1039138943248532 
2.14105e-06    0.1144814090019569 
2.14355e-06    0.1250489236790607 
2.14605e-06    0.1356164383561644 
2.14855e-06    0.1479452054794521 
2.15105e-06    0.1585127201565558 
2.15355e-06    0.1708414872798434 
2.15605e-06    0.1849315068493151 
2.15855e-06    0.1972602739726027 
2.16105e-06    0.2344820898195497 
2.16355e-06    0.22720156555773 
2.16605e-06    0.2412915851272016 
2.16855e-06    0.2571428571428572 
2.17105e-06    0.2712328767123288 
2.17355e-06    0.2888454011741683 
2.17605e-06    0.3046966731898239 
2.17855e-06    0.3205479452054795 
2.18105e-06    0.336399217221135 
2.18355e-06    0.3540117416829746 
2.18605e-06    0.3716242661448141 
2.18855e-06    0.3892367906066536 
2.19105e-06    0.4050880626223092 
2.19355e-06    0.4227005870841487 
2.19605e-06    0.5500361891058683 
2.19855e-06    0.4579256360078278 
2.20105e-06    0.4755381604696673 
2.20355e-06    0.4931506849315068 
2.20605e-06    0.5107632093933464 
2.20855e-06    0.5283757338551859 
2.21105e-06    0.5459882583170255 
2.21355e-06    0.5636007827788649 
2.21605e-06    0.5794520547945206 
2.21855e-06    0.5953033268101761 
2.22105e-06    0.6111545988258317 
2.22355e-06    0.6270058708414874 
2.22605e-06    0.6428571428571429 
2.22855e-06    0.6587084148727985 
2.23105e-06    0.696971114421998 
2.23355e-06    0.6868884540117417 
2.23605e-06    0.7009784735812132 
2.23855e-06    0.715068493150685 
2.24105e-06    0.7273972602739726 
2.24355e-06    0.7414872798434443 
2.24605e-06    0.752054794520548 
2.24855e-06    0.7643835616438357 
2.25105e-06    0.7749510763209393 
2.25355e-06    0.7855185909980431 
2.25605e-06    0.7943248532289628 
2.25855e-06    0.8031311154598827 
2.26105e-06    0.8119373776908024 
2.26355e-06    0.8189823874755382 
2.26605e-06    0.826027397260274 
2.26855e-06    0.8330724070450097 
2.27105e-06    0.8383561643835618 
2.27355e-06    0.8436399217221136 
2.27605e-06    0.8471624266144815 
2.27855e-06    0.8506849315068493 
2.28105e-06    0.8542074363992173 
2.28355e-06    0.8559686888454012 
2.28605e-06    0.8577299412915852 
2.28855e-06    0.8577299412915852 
2.29105e-06    0.8577299412915852 
2.29355e-06    0.8559686888454012 
2.29605e-06    0.8542074363992173 
2.29855e-06    0.8524461839530333 
2.30105e-06    0.8489236790606653 
2.30355e-06    0.8436399217221136 
2.30605e-06    0.8401174168297456 
2.30855e-06    0.8348336594911938 
2.31105e-06    0.8277886497064579 
2.31355e-06    0.8207436399217222 
2.31605e-06    0.8136986301369863 
2.31855e-06    0.8048923679060666 
2.32105e-06    0.7960861056751468 
2.32355e-06    0.7872798434442271 
2.32605e-06    0.7767123287671234 
2.32855e-06    0.7661448140900196 
2.33105e-06    0.7555772994129158 
2.33355e-06    0.7432485322896282 
2.33605e-06    0.7309197651663405 
2.33855e-06    0.716829745596869 
2.34105e-06    0.7045009784735812 
2.34355e-06    0.6712955022561041 
2.34605e-06    0.674559686888454 
2.34855e-06    0.6604696673189824 
2.35105e-06    0.6463796477495107 
2.35355e-06    0.6305283757338551 
2.35605e-06    0.6146771037181996 
2.35855e-06    0.598825831702544 
2.36105e-06    0.5812133072407045 
2.36355e-06    0.565362035225049 
2.36605e-06    0.5477495107632094 
2.36855e-06    0.5318982387475538 
2.37105e-06    0.5142857142857143 
2.37355e-06    0.4966731898238748 
2.37605e-06    0.4790606653620352 
2.37855e-06    0.3537704210840458 
2.38105e-06    0.4438356164383562 
2.38355e-06    0.4262230919765166 
2.38605e-06    0.4086105675146771 
2.38855e-06    0.3909980430528376 
2.39105e-06    0.375146771037182 
2.39355e-06    0.3575342465753425 
2.39605e-06    0.339921722113503 
2.39855e-06    0.3223091976516634 
2.40105e-06    0.3064579256360078 
2.40355e-06    0.2906066536203523 
2.40605e-06    0.2747553816046967 
2.40855e-06    0.2589041095890411 
2.41105e-06    0.2430528375733855 
2.41355e-06    0.2045439506143696 
2.41605e-06    0.2148727984344423 
2.41855e-06    0.2007827788649707 
2.42105e-06    0.186692759295499 
2.42355e-06    0.1743639921722114 
2.42605e-06    0.1602739726027397 
2.42855e-06    0.149706457925636 
2.43105e-06    0.1373776908023484 
2.43355e-06    0.1268101761252446 
2.43605e-06    0.1162426614481409 
2.43855e-06    0.1074363992172211 
2.44105e-06    0.09686888454011741 
2.44355e-06    0.0898238747553816 
2.44605e-06    0.08101761252446184 
2.44855e-06    0.07397260273972603 
2.45105e-06    0.06692759295499022 
2.45355e-06    0.06164383561643835 
2.45605e-06    0.0563600782778865 
2.45855e-06    0.05283757338551859 
2.46105e-06    0.04931506849315068 
2.46355e-06    0.04579256360078279 
2.46605e-06    0.04403131115459882 
2.46855e-06    0.04403131115459882 
2.47105e-06    0.04227005870841487 
2.47355e-06    0.04227005870841487 
2.47605e-06    0.04403131115459882 
2.47855e-06    0.04579256360078279 
2.48105e-06    0.04755381604696673 
2.48355e-06    0.05107632093933464 
2.48605e-06    0.05459882583170255 
2.48855e-06    0.0598825831702544 
2.49105e-06    0.06516634050880626 
2.49355e-06    0.07045009784735812 
2.49605e-06    0.07749510763209394 
2.49855e-06    0.08454011741682975 
2.50105e-06    0.09334637964774951 
2.50355e-06    0.1021526418786693 
2.50605e-06    0.112720156555773 
2.50855e-06    0.1215264187866928 
2.51105e-06    0.1320939334637965 
2.51355e-06    0.1444227005870841 
2.51605e-06    0.1549902152641879 
2.51855e-06    0.1673189823874755 
2.52105e-06    0.1814090019569472 
2.52355e-06    0.1937377690802348 
2.52605e-06    0.2078277886497065 
2.52855e-06    0.2468431182917939 
2.53105e-06    0.2360078277886497 
2.53355e-06    0.2518590998043053 
2.53605e-06    0.2677103718199609 
2.53855e-06    0.2835616438356164 
2.54105e-06    0.299412915851272 
2.54355e-06    0.3152641878669276 
2.54605e-06    0.3328767123287671 
2.54855e-06    0.3487279843444228 
2.55105e-06    0.3663405088062623 
2.55355e-06    0.3839530332681018 
2.55605e-06    0.4015655577299413 
2.55855e-06    0.4174168297455969 
2.56105e-06    0.5431121817418225 
2.56355e-06    0.452641878669276 
2.56605e-06    0.4702544031311155 
2.56855e-06    0.487866927592955 
2.57105e-06    0.5054794520547945 
2.57355e-06    0.5230919765166341 
2.57605e-06    0.5407045009784736 
2.57855e-06    0.5583170254403131 
2.58105e-06    0.5741682974559688 
2.58355e-06    0.5900195694716243 
2.58605e-06    0.6076320939334638 
