
time (s)       VT("/VIP") - V VT("/VOUTP") - VT("/VOUTP") ( VT("/VOUTN") (


2.82e-08       0.1859995517901047 0.1684579183574157 0.4661044434354144 0.2976465250779987
3.07e-08       0.2010334946707694 0.1821213346970553 0.4727900470197205 0.2906687123226653
3.32e-08       0.2156966223735145 0.1954324328948434 0.4792913276325441 0.2838588947377007
3.57e-08       0.2299618880701676 0.2083651092997562 0.4855988411918992 0.277233731892143
3.82e-08       0.2438029816422799 0.2208960296331959 0.491701521283387 0.2708054916501911
4.07e-08       0.2571943681122322 0.2329947266495153 0.4975878414128804 0.2645931147633652
4.32e-08       0.2701113451014331 0.2446436885152666 0.503249254211399 0.2586055656961324
4.570000000000001e-08 0.2825300889941583 0.2558285533730583 0.5086780696109445 0.2528495162378863
4.82e-08       0.2944276931596512 0.2665303493470612 0.5138654937898028 0.2473351444427417
5.07e-08       0.3057822626234247 0.2764376400038254 0.5188024775742607 0.2423648375704353
5.32e-08       0.3165727636852043 0.2861620329792815 0.5234808514947157 0.2373188185154342
5.57e-08       0.3267793297540081 0.2953458383043907 0.5278941362018311 0.2325482978974404
5.82e-08       0.3363831416242337 0.3039920486108724 0.5320448757607328 0.2280528271498603
6.070000000000001e-08 0.3453664546777636 0.3120666117368722 0.5359205381973997 0.2238539264605276
6.320000000000001e-08 0.3537127293340869 0.3195586002279525 0.5395131767458209 0.2199545765178684
6.57e-08       0.3614065697441923 0.3264581277512071 0.54281794915999 0.2163598214087829
6.82e-08       0.3684337805240895 0.3327538001103959 0.5458299527050615 0.2130761525946656
7.07e-08       0.3747814010059886 0.3384398408035367 0.5485477092667359 0.2101078684631992
7.319999999999999e-08 0.380437722314395 0.3435075650871342 0.550967854731344 0.2074602896442099
7.57e-08       0.3853923104538511 0.3479492676815603 0.5530874357266138 0.2051381680450536
7.82e-08       0.3896360259419702 0.3517582457518038 0.5549039052064255 0.2031456594546217
8.07e-08       0.393161024068594 0.3546477790257893 0.5563759769832487 0.2017281979574593
8.32e-08       0.3959608351962106 0.3571769813000005 0.5575784625745129 0.2004014812745124
8.570000000000001e-08 0.3980302784535391 0.3590580697067068 0.5584729984958514 0.1994149287891446
8.820000000000001e-08 0.399365537184473 0.3602894015708754 0.5590583852984513 0.198768983727576
9.07e-08       0.3999641483819169 0.3608687007835184 0.5593339343643378 0.1984652335808194
9.32e-08       0.3998250078595786 0.360794980869762 0.559299315719394 0.1985043348496319
9.57e-08       0.3989483720291496 0.3600675015540393 0.5589546014760867 0.1988870999220474
9.820000000000001e-08 0.397335857901764 0.3586874910288008 0.5583001971434776 0.1996127061146768
1.007e-07      0.3949904399063384 0.3566576885642155 0.5573368750268142 0.2006791864625987
1.032e-07      0.3919164657808908 0.354270418417218 0.5561044572074645 0.2018340387902464
1.057e-07      0.3881195680630843 0.3509577106376531 0.5545251640714469 0.2035674534337938
1.082e-07      0.383606734150072 0.3467078344832272 0.5526071866643864 0.2058993521811592
1.107e-07      0.3783863472145169 0.3421215062803796 0.5504239236229207 0.2083024173425411
1.132e-07      0.372468009480303 0.3369110456943835 0.547942514113457 0.2110314684190734
1.157e-07      0.3658626378548677 0.3310870283417287 0.5451643754975833 0.2140773471558547
1.182e-07      0.3585824161586633 0.3246582747820501 0.5420936786812385 0.2174354038991884
1.207e-07      0.3506408159884344 0.3179572185080469 0.5387432954504308 0.2207860769423838
1.232e-07      0.3420524009624182 0.310349751758051 0.535091777855123 0.2247420260970719
1.257e-07      0.3328330548649877 0.302163112322077 0.5311565545227213 0.2289934422006443
1.282e-07      0.3229997828505418 0.2934133007986389 0.5269452714377542 0.2335319706391152
1.307e-07      0.3125707252785149 0.2841170135947868 0.5224644363613691 0.2383474227665822
1.332e-07      0.3015651179453959 0.2743024207405047 0.5177292627767529 0.2434268420362481
1.357e-07      0.2900032597625093 0.2639696348832135 0.5127367616873127 0.2487671268040993
1.382e-07      0.277906475324631 0.2531400485904391 0.5074944220675611 0.254354373477122
1.407e-07      0.265297078943957 0.241832295783263 0.5020108162249695 0.2601785204417064
1.432e-07      0.2521983417302724 0.2302203586131559 0.4962917283036125 0.2660713696904566
1.457e-07      0.2386344106786976 0.2180083300294859 0.4903520988606034 0.2723437688311175
1.482e-07      0.224630308048687 0.2053772534728411 0.4841991043588996 0.2788218508860585
1.507e-07      0.2102118563991971 0.1923523414461945 0.4778436125032861 0.2854912710570915
1.532e-07      0.1954056624115816 0.1789604411703713 0.4712954995509703 0.292335058380599
1.557e-07      0.1802390353511116 0.1652286033331147 0.4645664887504771 0.2993378854173624
1.582e-07      0.1647399461761541 0.1511839743153829 0.4576688398940115 0.3064848655786286
1.607e-07      0.1489369848704334 0.1368534415019627 0.4506149953681591 0.3137615538661964
1.632e-07      0.1328593031752797 0.122263354202882 0.4434178247231553 0.3211544705202733
1.657e-07      0.1165365561106993 0.1074389449807969 0.4360910188948065 0.3286520739140096
1.682e-07      0.0999988526631817 0.09240662091660905 0.4286483111800177 0.3362416902634087
1.707e-07      0.0832766972995255 0.07719212445880487 0.4211040921685734 0.3439119677097686
1.732e-07      0.06640093523074701 0.06182012699099269 0.4134737549598677 0.351653627968875
1.757e-07      0.04940269513505775 0.04632238914591059 0.4057703423159625 0.3594479531700518
1.782e-07      0.03231333095423932 0.03072419462112786 0.398010032816308 0.3672858381951802
1.807e-07      0.01516436417124079 0.01505588589972806 0.3902097167369928 0.3751538308372648
1.832e-07      -0.00201257390828872 -0.0006500921585521365 0.3823810101622759 0.3830311023208281
1.857e-07      -0.01918579965523537 -0.01635423028721444 0.3745013831235432 0.3908556134107576
1.882e-07      -0.03632363651237906 -0.03201795981605875 0.3666342714660611 0.3986522312821199
1.907e-07      -0.05339447362328721 -0.04760903549723985 0.3587987158959992 0.406407751393239
1.932e-07      -0.07036682375455866 -0.06309719453938009 0.3510077987393778 0.4141049932787578
1.957e-07      -0.08720938054952317 -0.07845743792951744 0.3432705025569125 0.42172794048643
1.982e-07      -0.1038910765756932 -0.09365787071028814 0.3356057195028235 0.4292635902131116
2.007e-07      -0.1203811412508787 -0.1086740205476209 0.3280225719872356 0.4366965925348566
2.032e-07      -0.13664915796616 -0.1234800810978761 0.320532495617142 0.4440125767150181
2.057e-07      -0.1526651188768303 -0.138049693471988 0.31314812624104 0.451197819713028
2.082e-07      -0.1683994825744468 -0.1523575814169855 0.3058811148189359 0.4582386962359214
2.107e-07      -0.1838232234776721 -0.1663773477820991 0.2987450587376953 0.4651224065197944
2.132e-07      -0.1989078915572418 -0.1800820603837108 0.2917544120345854 0.4718364724182962
2.157e-07      -0.2136256669911293 -0.1934444764888028 0.2849241273044192 0.478368603793222
2.182e-07      -0.2279494026361745 -0.2064379878344281 0.2782695608486767 0.4847075486831047
2.207e-07      -0.2418526663794375 -0.2190351898168255 0.2718078994090936 0.490843089225919
2.232e-07      -0.2553098233726399 -0.2312110904196607 0.2655533180719771 0.4967644084916378
2.257e-07      -0.2682960472489665 -0.2427860114903082 0.2596785027360756 0.5024645142263838
2.282e-07      -0.280787398218677 -0.2540550541478481 0.253873406228413 0.5079284603762612
2.307e-07      -0.2927608232108599 -0.2648442288482289 0.2483063076086812 0.5131505364569102
2.332e-07      -0.3041942354636553 -0.2751351705164604 0.2429870247597763 0.5181221952762367
2.357e-07      -0.3150665474137276 -0.2849067831307275 0.2379295869279997 0.5228363700587273
2.382e-07      -0.3253577062389121 -0.2941587941240095 0.2331368169714882 0.5272956110954976
2.407e-07      -0.3350487299128017 -0.3028627072586446 0.2286219009605843 0.5314846082192288
2.432e-07      -0.3441217408116149 -0.311001959624203 0.2243950911462211 0.535397050770424
2.457e-07      -0.3525600036465668 -0.3185611345664673 0.2204642022201069 0.5390253367865743
2.482e-07      -0.3603479115396714 -0.3252137621320567 0.2171381052786371 0.5423518674106937
2.507e-07      -0.3674711845149169 -0.3315927938407919 0.2138061991314962 0.5453989929722881
2.532e-07      -0.3739166403722157 -0.3373662554779169 0.2107870634222001 0.5481533189001171
2.557e-07      -0.3796723902641829 -0.3425253305662861 0.2080853666959289 0.5506106972622151
2.582e-07      -0.384727852169282 -0.3473594843517729 0.2054442494094797 0.5528037337612526
2.607e-07      -0.3890736240652392 -0.3512563925809527 0.2034070152182506 0.5546634077992033
2.632e-07      -0.3927017329142567 -0.3545161886130886 0.2017019770363118 0.5562181656494004
2.657e-07      -0.3956054712498948 -0.3568505590582258 0.2005751561934473 0.5574257152516731
2.682e-07      -0.3977795186524432 -0.358826618905544 0.1995375867556487 0.5583642056611927
2.707e-07      -0.3992198438202689 -0.3601526168379566 0.1988411287697444 0.558993745607701
2.732e-07      -0.3999237899485176 -0.3608259492798612 0.1984876059059093 0.5593135551857705
2.757e-07      -0.3998900585769496 -0.3608455591601399 0.1984776921879468 0.5593232513480867
2.782e-07      -0.3991187119248683 -0.3602114158893341 0.1988114046323826 0.5590228205217166
2.807e-07      -0.3976111727758441 -0.3589245149442405 0.1994881036295309 0.5584126185737714
2.832e-07      -0.3953702219036778 -0.3569872698244544 0.2005060970634119 0.5574933668878663
2.857e-07      -0.392400013745281 -0.3546913925730634 0.2016136872739994 0.5563050798470629
2.882e-07      -0.3887059904904491 -0.3514700659654846 0.2032994244400366 0.5547694904055211
2.907e-07      -0.3842949848166735 -0.3476112802108735 0.2053174388226226 0.5529287190334961
2.932e-07      -0.3791750870483836 -0.3428149791900447 0.2079392469451052 0.5507542261351499
2.957e-07      -0.3733558180222589 -0.3376930912920492 0.2106222078357929 0.548315299127842
2.982e-07      -0.3668478774876575 -0.3319563010884167 0.2136229510798778 0.5455792521682945
3.007e-07      -0.3596632695489638 -0.3256132821271641 0.2169368336367263 0.5425501157638903
3.032e-07      -0.3518152902135319 -0.3189963522785164 0.220245296718511 0.5392416489970273
3.057e-07      -0.3433183280581873 -0.3114723885575847 0.2241586584581893 0.5356310470157741
3.082e-07      -0.3341881006290862 -0.3033675952569067 0.2283681963587061 0.5317357916156127
3.107e-07      -0.324441447934758 -0.2946971073916815 0.2328664417956157 0.5275635491872972
3.132e-07      -0.3140963499217354 -0.2854774352709346 0.2376430763859329 0.5231205116568675
3.157e-07      -0.303171888575319 -0.2757369987553748 0.2426847843582396 0.5184217831136144
3.182e-07      -0.2916882127475668 -0.2654765680107417 0.2479889397477069 0.5134655077584487
3.207e-07      -0.2796665026559279 -0.2547168644798738 0.2535414198299409 0.5082582843098147
3.232e-07      -0.2671289341057117 -0.243476133162343 0.2593325704105288 0.5028087035728718
3.257e-07      -0.25409864519568 -0.2319286415564542 0.265193621411291 0.4971222629677451
3.282e-07      -0.2405996570001987 -0.2197790784758228 0.2714348413151785 0.4912139197910013
3.307e-07      -0.2266568737854386 -0.2072065356739559 0.2778842136527649 0.4850907493267207
3.332e-07      -0.2122960030662398 -0.194236022875721 0.2845274504954365 0.4787634733711575
3.357e-07      -0.1975435447068392 -0.1808950101557642 0.2913472808668363 0.4722422910226004
3.382e-07      -0.1824267103466277 -0.1672100836273992 0.2983283156626013 0.4655383992900005
3.407e-07      -0.1669733794474848 -0.1532084758912742 0.3054555933225958 0.4586640692138699
3.432e-07      -0.151212056033009 -0.1389171600913176 0.3127146097490897 0.4516317698404073
3.457e-07      -0.1351718155957823 -0.1243625767591674 0.3200916855033227 0.4444542622624901
3.482e-07      -0.1188822444606 -0.1095700380456931 0.3275750956741512 0.4371451337198443
3.507e-07      -0.1023733901301647 -0.09456585296425367 0.3351522529730032 0.4297181059372568
3.532e-07      -0.08567570388800011 -0.07937578957232626 0.3428117125811176 0.4221875021534439
3.557e-07      -0.06881998578791608 -0.06402425437097628 0.3505444455637496 0.4145686999347259
3.582e-07      -0.05183732750259168 -0.0485432178340065 0.3583314112735375 0.406874629107544
3.607e-07      -0.03475905450423638 -0.03295740253424784 0.3661643331374484 0.3991217356716962
3.632e-07      -0.01761666767846293 -0.01729732088470827 0.3740287072234557 0.391326028108164
3.657e-07      -0.0004417863077891347 -0.001594660318596901 0.3819073082553588 0.3835019685739558
3.682e-07      0.01673390999914409 0.01411246380314958 0.3897391835533695 0.3756267197502199
3.707e-07      0.03387873990226307 0.02978401239667709 0.3975407302321251 0.3677567178354479
3.732e-07      0.05096107975279197 0.04538732586447834 0.4053030830152542 0.3599157571507758
3.757e-07      0.06794942095685372 0.06089199552430524 0.4130095758810863 0.3521175803567811
3.782e-07      0.08481242796827324 0.07627241805925791 0.4206438831141787 0.3443714650549208
3.807e-07      0.1015189955637709 0.09149705895461431 0.4281930166602415 0.3366959577056272
3.832e-07      0.1180383072727008 0.1065411251969546 0.4356415695411981 0.3291004443442435
3.857e-07      0.1343398919800342 0.1213786805014323 0.4429751750924507 0.3215964945910184
3.882e-07      0.1503936814057426 0.1359837349296492 0.4501798879865789 0.3141961530569297
3.907e-07      0.1661700629603397 0.1503306158044312 0.4572421909145703 0.3069115751101391
3.932e-07      0.181639934730231 0.1643931610984146 0.4641491025166231 0.2997559414182084
3.957e-07      0.1967747599627055 0.1781445638309754 0.4708881771554049 0.2927436133244296
3.982e-07      0.211546626727991 0.1915576385061208 0.4774471330569231 0.2858894945508023
4.007e-07      0.2259282890871923 0.2046053307667224 0.4838142087753272 0.2792088780086048
4.032e-07      0.2398932089843372 0.2172608400174174 0.4899794608867571 0.2727186208693397
4.057e-07      0.2534156355879736 0.2294986401731513 0.4959319208685648 0.2664332806954135
4.082e-07      0.2664706207967202 0.2411382329554675 0.5016646367815513 0.2605264038260837
4.107e-07      0.2790341020097239 0.2524741212150207 0.5071625220724784 0.2546884008574576
4.132e-07      0.2910828913463779 0.2633330188798079 0.5124196362051523 0.2490866173253445
4.157e-07      0.3025947625322172 0.273696178592861 0.5174274503960048 0.2437312718031437
4.182e-07      0.3135484843567635 0.2835420267123548 0.5221781875116919 0.238636160799337
4.207e-07      0.3239238525466481 0.2928702841919961 0.5266749745810574 0.2338046903890613
4.232e-07      0.3337017307698901 0.3016534000862972 0.5309029547439863 0.2292495546576891
4.257e-07      0.3428640807250316 0.3098743902874544 0.5348553137321314 0.2249809234446769
4.282e-07      0.3513940024217399 0.317516958395223 0.5385244373793785 0.2210074789841555
4.307e-07      0.3592757198071316 0.3242536617125952 0.5418928822244716 0.2176392205118764
4.332e-07      0.3664947800730722 0.3307183329631677 0.5449815273159165 0.2142631943527489
4.357e-07      0.3730378242564931 0.3365789378058452 0.5477779087640302 0.2111989709581849
4.382e-07      0.3788927835063595 0.3418265663983034 0.5502777712165036 0.2084512048182002
4.407e-07      0.3840488940170672 0.346751131028985 0.5525133107494411 0.2057621797204562
4.432e-07      0.3884965652782561 0.3507385748538935 0.5544163673311734 0.2036777924772799
4.457e-07      0.3922276380283682 0.3540897099236137 0.5560148098575683 0.2019250999339547
4.482e-07      0.39523521433648 0.3565154335332721 0.5572664778336711 0.2007510443003989
4.507e-07      0.3975137833123968 0.3585840208835352 0.5582490265851313 0.199665005701596
4.532e-07      0.3990591202392474 0.3600031101268647 0.5589227608585831 0.1989196507317184
4.557e-07      0.3998683745887437 0.3607697692520364 0.5592868497083769 0.1985170804563406
4.582e-07      0.399940053647573 0.3608827705017615 0.5593408581329823 0.1984580876312207
4.607e-07      0.3992740252149459 0.3603419859619529 0.5590847179001434 0.1987427319381904
4.632e-07      0.3978715178022542 0.3591482362271742 0.5585187331390451 0.1993704969118709
4.657e-07      0.3957351184249145 0.3573036183089447 0.5576435743711008 0.200339956062156
4.682e-07      0.392868767893959 0.3548119592555529 0.5564602792842204 0.2016483200286674
4.707e-07      0.3892777784215554 0.3519693779526854 0.5550075598825857 0.2030381819299003
4.732e-07      0.3849687314869372 0.3482013549569631 0.5532102787880173 0.2050089238310542
4.757e-07      0.3799495511452541 0.3434956367780177 0.5510783797998801 0.2075827430218623
4.782e-07      0.3742295699193651 0.3384625498316292 0.5486820314007965 0.2102194815691674
4.807e-07      0.3678193054972068 0.3328131874377732 0.5459881469199898 0.2131749594822165
4.832e-07      0.3607305818148577 0.3265561299751241 0.5430006505129501 0.216444520537826
4.857000000000001e-07 0.3529765205156219 0.3200234914803451 0.5397341026217413 0.2197106111413961
4.882e-07      0.3445713294008165 0.3125832394101947 0.5361645372490317 0.223581297838837
4.907e-07      0.3355305643778251 0.3045606018325419 0.5323093923603276 0.2277487905277857
4.932e-07      0.32587089794636 0.295969717955154 0.5281763055484485 0.2322065875932944
4.957e-07      0.3156101490442904 0.2868276199602225 0.5237716124960051 0.2369439925357826
4.981999999999999e-07 0.3047672444306399 0.2771541112016898 0.5191044656406456 0.2419503544389557
5.007e-07      0.2933621838065151 0.2669733177754219 0.5141891466806724 0.2472158289052505
5.032e-07      0.2814160006755239 0.2562838761414483 0.5090172023423802 0.2527333262009319
5.057e-07      0.2689507320070765 0.2451106138855139 0.5036017905904283 0.2584911767049144
5.082000000000001e-07 0.2559893823396298 0.2336274033984671 0.4979482575191799 0.2643208541207127
5.107e-07      0.2425558449376808 0.2215411982943335 0.4920713612174482 0.2705301629231147
5.132e-07      0.2286749046449361 0.2090277360178376 0.4859782695791871 0.2769505335613496
5.157e-07      0.2143721566466178 0.1961122633024126 0.4796795245441562 0.2835672612417435
5.182e-07      0.1996739896362328 0.1828225620998189 0.4731853639915431 0.2903628018917242
5.207000000000001e-07 0.1846075171136149 0.1691850931844432 0.4665068274105206 0.2973217342260774
5.232e-07      0.1692005263196099 0.1552270677778105 0.4596560753665422 0.3044290075887316
5.257e-07      0.153481434142257 0.1409755176823066 0.4526455893997844 0.3116700717174778
5.282e-07      0.1374792389017896 0.1264569636959644 0.445488017013689 0.3190310533177245
5.307000000000001e-07 0.1212234569551314 0.1116968265486107 0.4381968528640084 0.3265000263153977
5.332e-07      0.1047440732997578 0.09672130732404019 0.4307857964993824 0.3340644891753422
5.357e-07      0.08807148484713415 0.08155621149877433 0.4232691069752611 0.3417128954764868
5.382e-07      0.07123644533516975 0.0662256057762952 0.41566208582895 0.3494364800526548
5.407e-07      0.05427000823741707 0.05076192224655384 0.4079777225963537 0.3572158003497999
5.432e-07      0.03720346940815769 0.03518922839338998 0.4002323466596211 0.3650431182662311
5.457e-07      0.02006830792540922 0.01953790173500515 0.3924417828830544 0.3729038811480492
5.482e-07      0.00289612987841455 0.003839232958689299 0.384620867033645 0.3807816340749556
5.507e-07      -0.01428139031470097 -0.01186997726783084 0.3767521514058 0.3886221286736309
5.532000000000001e-07 -0.031432567783213 -0.02754868591498435 0.3688798798051613 0.3964285657201457
5.557e-07      -0.04852576724083692 -0.04316361026693631 0.3610336725046595 0.4041972827715957
5.582e-07      -0.06552945993468361 -0.05868419330528504 0.3532285133129598 0.4119127066182449
5.607e-07      -0.08241228225970276 -0.07408426622919512 0.3454738180516391 0.4195580842808342
5.632e-07      -0.09914309242303133 -0.08933257384368516 0.3377878238645659 0.4271203977082511
5.657e-07      -0.1156910292144799 -0.1044040322331923 0.3301801781112674 0.4345842103444597
5.682e-07      -0.1320255687814799 -0.1192726854020513 0.3226624037014957 0.4419350891035471
5.707e-07      -0.148116581729455 -0.133912525596611 0.3152465302771709 0.449159055873782
5.732e-07      -0.1639343871394922 -0.1482978648550509 0.3079446542037792 0.4562425190588301
5.757000000000001e-07 -0.1794498073801769 -0.1624026403992327 0.300769735834972 0.4631723762342047
5.782e-07      -0.1946342199461529 -0.1762001631221627 0.2937360482569734 0.4699362113791361
5.807e-07      -0.2094596222238105 -0.1896632145483755 0.2868583993563406 0.4765216139047161
5.832e-07      -0.2238986693839734 -0.2027648279190901 0.2801520629368548 0.4829168908559449
5.857000000000001e-07 -0.2379247198136595 -0.215477952828503 0.2736335438435956 0.4891114966720986
5.882e-07      -0.2515119061791301 -0.2277768594590655 0.2673181454246761 0.4950950048837416
5.907e-07      -0.2646351618575083 -0.2394811511888716 0.2613788757568592 0.5008600269457308
5.932e-07      -0.2772703002990973 -0.2508834638255648 0.2555082115478891 0.5063916753734538
5.957e-07      -0.28939400035287 -0.2618116840063076 0.2498719674819461 0.5116836514882537
5.982e-07      -0.3009838974729773 -0.2722467050140019 0.244480775020153 0.5167274800341549
6.007e-07      -0.312018616631962 -0.2821663641209861 0.2393481708883975 0.5215145350093836
6.032e-07      -0.3224778032820002 -0.2915706435603369 0.2344781977984073 0.5260488413587442
6.057e-07      -0.3323421679231061 -0.3004326729531597 0.2298830154725041 0.5303156884256638
6.082000000000001e-07 -0.3415935119815137 -0.3087351397837007 0.2255727174650463 0.5343078572487471
6.107e-07      -0.3502147713936579 -0.3164608648730929 0.2215568634314745 0.5380177283045675
6.132e-07      -0.3581900015417268 -0.323281450806865 0.2181465621859196 0.5414280129927846
6.157e-07      -0.3655045773023477 -0.3298315300475698 0.2147265660299423 0.544558096077512
6.182e-07      -0.3721449634657653 -0.3357790722708071 0.2116173881094994 0.5473964603803064
6.207e-07      -0.3780989116397504 -0.3411150745919138 0.2088236682479253 0.5499387428398391
6.232e-07      -0.3833554390982927 -0.3458280657221937 0.2063554619559348 0.5521835276781284
6.257e-07      -0.387904879884808 -0.3502077315155579 0.2039553440571901 0.554163075572748
6.282e-07      -0.3917387760478407 -0.3536501501833761 0.2021550482036408 0.555805198387017
6.307000000000001e-07 -0.3948500770311631 -0.3561670953752956 0.2009338662675554 0.5571009616428511
6.332e-07      -0.3972330817912932 -0.3583281313830743 0.199799413451412 0.5581275448344865
6.357e-07      -0.3988833722961437 -0.359840265907498 0.1990051910899331 0.5588454569974312
6.382e-07      -0.3997979043990305 -0.3607002270295562 0.1985535892096837 0.5592538162392399
6.407000000000001e-07 -0.3999749911927867 -0.3609066274997023 0.1984455076326505 0.5593521351323528
6.432e-07      -0.3994143060549072 -0.3604592178635896 0.1986810738555774 0.559140291719167
6.457e-07      -0.3981168831821009 -0.3593586577958409 0.1992598800828508 0.5586185378786916
6.482e-07      -0.3960851157347426 -0.3576067333320777 0.2001807600418771 0.5577874933739548
6.507e-07      -0.3933227515666924 -0.3552074083047472 0.2014407287459179 0.5566481370506651
6.532000000000001e-07 -0.3898349103059457 -0.3524557142691278 0.2027837139322303 0.555239428201358
6.557e-07      -0.3856279843778539 -0.3487785274944332 0.204707122132746 0.5534856496271792
6.582e-07      -0.3807097103489764 -0.3441635175358599 0.2072328924584703 0.5513964099943302
6.607e-07      -0.3750892322775413 -0.3392194015441276 0.2098232998947261 0.5490427014388537
6.632000000000001e-07 -0.368776885311709 -0.333657662969794 0.2127333860929687 0.5463910490627627
6.657e-07      -0.3617843127739696 -0.3274867877532788 0.2159584833640066 0.5434452711172854
6.682e-07      -0.3541244613700823 -0.3210386283398822 0.2191820869052858 0.540220715245168
6.707e-07      -0.3458113578701549 -0.3136817822081094 0.2230101071415819 0.5366918893496914
6.732e-07      -0.3368603955710313 -0.3057420846724457 0.2271352538986847 0.5328773385711304
6.757e-07      -0.3272880790954372 -0.2972310914192237 0.2315524281700143 0.5287835195892379
6.782e-07      -0.3171120656102613 -0.2881668647444923 0.2362504296973859 0.5244172944418782
6.807e-07      -0.3063511264091382 -0.2785681945636888 0.2412189788328541 0.5197871733965429
6.832e-07      -0.2950251099312348 -0.2684599177195375 0.2464477447041081 0.5149076624236456
6.857000000000001e-07 -0.2831549035161445 -0.2578410203204886 0.2519301308003722 0.5097711511208608
6.882e-07      -0.2707624040487474 -0.246735643107073 0.257654425321367 0.5043900684284399
6.907e-07      -0.2578704705580272 -0.2351640394621355 0.2636080296097962 0.4987720690719317
6.932e-07      -0.2445029008298376 -0.2232946852770879 0.2696297399220514 0.4929244251991393
6.957e-07      -0.2306843263174556 -0.210840564528012 0.2760210121909995 0.4868615767190115
6.982e-07      -0.216440239290256 -0.1979808613109314 0.2826107267838321 0.4805915880947636
7.007e-07      -0.201796916990363 -0.1847430158426064 0.2893816635953565 0.4741246794379629
7.032e-07      -0.1867813734460041 -0.171153564673002 0.2963181829875423 0.4674717476605442
7.057e-07      -0.1714213028788046 -0.1572396695196984 0.3034051512267659 0.4606448207464643
7.082000000000001e-07 -0.1557450337582672 -0.1430284313363194 0.3106279799656672 0.4536564113019866
7.107e-07      -0.1397814861950629 -0.128546420667205 0.3179726260947203 0.4465190467619252
7.132e-07      -0.1235601054496441 -0.113819227438498 0.3254269030471345 0.4392461304856325
7.157e-07      -0.1071108129177207 -0.09887290002016745 0.3329784353976196 0.431851335417787
7.182000000000001e-07 -0.09046394997723003 -0.08373330484572925 0.3406155529667487 0.424348857812478
7.207e-07      -0.0736502229171435 -0.06842651935838132 0.3483267045902697 0.4167532239486509
7.232e-07      -0.05670064588422821 -0.05297828509760555 0.3561015878200575 0.4090798729176631
7.257e-07      -0.03964648363879726 -0.03741944765557876 0.3639225762596526 0.4013420239152314
7.282e-07      -0.02251919261628247 -0.02177753672430157 0.3717793923553098 0.3935569290796114
7.307000000000001e-07 -0.005350364399193367 -0.00608351920288587 0.379655936401263 0.3857394556041489
7.332e-07      0.01182833294774179 0.009626878000356725 0.3875047213460932 0.3778778433457365
7.357e-07      0.02898521228088874 0.02531205981328035 0.3953153908359791 0.3700033310226988
7.382e-07      0.04608862777674565 0.04093797166612535 0.4030903905832284 0.362152418917103
7.407000000000001e-07 0.06310703178610781 0.05647387234661903 0.4108144342901289 0.3543405619435099
7.432e-07      0.08000903381708278 0.07189305852352393 0.4184705815558526 0.3465775230323287
7.457e-07      0.09676345660798837 0.08716448795042206 0.426045773969753 0.3388812860193309
7.482e-07      0.1133393954533677 0.1022628090414412 0.4335245513427772 0.3312617423013359
7.507e-07      0.1297062748187362 0.1171620027318391 0.4408924250205174 0.3237304222886783
7.532e-07      0.1458339055618707 0.1318361375371691 0.4481353588182477 0.3162992212810786
7.557e-07      0.161692539261023 0.1462593851116178 0.4552397165604267 0.3089803314488089
7.582e-07      0.1772529237411679 0.1604058522477363 0.4621922654983937 0.3017864132506574
7.607e-07      0.1924863520943149 0.1742489344779592 0.4689806068843508 0.2947316724063915
7.632000000000001e-07 0.2073647317295179 0.1877614143552074 0.4755922198037975 0.2878308054485901
7.657e-07      0.2218606202469645 0.2009162614780149 0.4820153199421538 0.281099058464139
7.682e-07      0.2359472729575494 0.2136866213109263 0.4882392208741446 0.2745525995632183
7.707e-07      0.2495987076402653 0.2260460123345989 0.4942535903341258 0.2682075779995269
7.732000000000001e-07 0.2627897395324693 0.2378148007896986 0.50005071108011 0.2622359102904113
7.757e-07      0.2754960594939505 0.2492831301495873 0.5056159429610366 0.2563328128114493
7.782e-07      0.2876942138113094 0.26028030823846 0.5109426299163642 0.2506623216779042
7.807e-07      0.2993617005190031 0.270786805404472 0.5160223041568556 0.2452354987523836
7.832e-07      0.3104770015595484 0.280779927805091 0.5208455287517577 0.2400656009466667
7.857000000000001e-07 0.3210196133759856 0.2902598971753009 0.5254172059328531 0.2351573087575523
7.882e-07      0.3309700925616073 0.2992005569281853 0.5297228215963257 0.2305222646681404
7.907e-07      0.3403100824202384 0.3075842385309008 0.5337545919902145 0.2261703534593137
7.932e-07      0.3490223551235312 0.3153930813280985 0.5375054028588987 0.2221123215308003
7.957000000000001e-07 0.3570907976234411 0.3222971695087145 0.540957271992361 0.2186601024836465
7.982e-07      0.3645006134862257 0.3289324228050832 0.5441287103115245 0.2151962875064413
8.007e-07      0.3712380916208855 0.3349666937311068 0.5470089835114771 0.2120422897803703
8.032e-07      0.3772908045556658 0.3403908873369231 0.5495936206366805 0.2092027332997574
8.057e-07      0.3826475873124154 0.3451929253471229 0.551881220891294 0.2066882955441711
8.082000000000001e-07 0.3872985901437198 0.3496639720346143 0.5539036068259461 0.2042396347913318
8.107e-07      0.391235165366654 0.3531975178835867 0.5555893358073498 0.2023918179237632
8.132e-07      0.3944500738344233 0.3558055561033019 0.5569291709028457 0.2011236147995437
8.157e-07      0.396937424660295 0.3580589689951444 0.5579997629872069 0.1999407939920624
8.182000000000001e-07 0.3986926066111655 0.3596640997658728 0.5587618355025092 0.1990977357366364
8.207e-07      0.3997123820355084 0.3606173352234524 0.5592144551816832 0.1985971199582308
8.232e-07      0.3999948699058043 0.3609171600150814 0.5593570808907019 0.1984399208756205
8.257e-07      0.3995395491714778 0.3605631363823203 0.559189539530532 0.1986264031482116
8.282e-07      0.3983472596856469 0.3595558011775895 0.5587120292894464 0.1991562281118569
8.307e-07      0.3964202006803323 0.3578967420710537 0.5579251175093789 0.2000283754383252
8.332e-07      0.3937619268599388 0.3555897182625809 0.5568297299129136 0.2012400116503326
8.357e-07      0.3903773651332679 0.3529290010277496 0.5554650574072187 0.2025360563794691
8.382e-07      0.3862727186123969 0.3493427651549209 0.5537548238787349 0.204412058723814
8.407000000000001e-07 0.3814555360485333 0.3448186336526251 0.5517083090934711 0.2068896754408461
8.432e-07      0.3759347729392047 0.3399649656018848 0.5493965108832373 0.2094315452813524
8.457e-07      0.3697205808848379 0.3344897159945551 0.5467879481130192 0.2122982321184641
8.482e-07      0.3628244227625249 0.3284052394794432 0.5438839628324437 0.2154787233530005
8.507000000000001e-07 0.3552590187315109 0.321720670357377 0.5406890756215349 0.2189684052641579
8.532e-07      0.347038366730298 0.3147684849602013 0.5372134599666428 0.2224449750064415
8.557e-07      0.3381775441750981 0.3069117660815388 0.5334395529845406 0.2265277869030018
8.582e-07      0.3286929380205312 0.2984811577338762 0.529385167902812 0.2309040101689358
8.607e-07      0.3186020430738731 0.2894950967980811 0.525057430925275 0.2355623341271939
8.632000000000001e-07 0.3079234746185735 0.2799714160743256 0.5204643643668689 0.2404929482925434
8.657e-07      0.2966769268932908 0.2699359268471772 0.5156203797370736 0.2456844528898964
8.682e-07      0.2848831457108261 0.259388215755376 0.5105200998443741 0.2511318840889981
8.707e-07      0.2725638820762579 0.2483512913500698 0.505173405250432 0.2568221139003622
8.732000000000001e-07 0.2597418613814459 0.2368449597967149 0.4995887866649467 0.2627438268682318
8.757e-07      0.2464407513559947 0.2250393650236261 0.4937730119336121 0.268733646909986
8.782e-07      0.232685062969949 0.2126450617137517 0.4877406433290798 0.2750955816153281
8.807e-07      0.2185001731328148 0.1998417494243208 0.4814996246407067 0.2816578752163859
8.832e-07      0.2039122468373156 0.1866562969977536 0.4750601946889566 0.2884038976912029
8.857e-07      0.1889481975849746 0.1731154131420145 0.4684331079240276 0.2953176947820131
8.882e-07      0.1736356252748335 0.159246188022156 0.461630277832839 0.302384089810683
8.907e-07      0.1580027696623069 0.1450758093937723 0.4546641839491615 0.3095883745553892
8.932e-07      0.1420784708020565 0.1306308652373663 0.4475472994931226 0.3169164342557564
8.957000000000001e-07 0.1258921019750416 0.1159371450704465 0.4402929121377715 0.324355767067325
8.982e-07      0.109473519914165 0.1010205528723197 0.4329146851378241 0.3318941322655045
9.007e-07      0.09285300920418192 0.08590696383928387 0.4254266910523273 0.3395197272130435
9.032e-07      0.07606122759684969 0.07062241612181348 0.4178434465000906 0.3472210303782771
9.057000000000001e-07 0.05912914869889998 0.05519244542745818 0.4101804271301172 0.354987981702659
9.082e-07      0.04208800521869937 0.03964795992652489 0.4024507072401631 0.3628027473136383
9.107e-07      0.02496922948583084 0.02401603250363881 0.3946714281604558 0.3706553956568169
9.132e-07      0.00780439747289923 0.008327422075940451 0.3868576718693539 0.3785302497934134
9.157e-07      -0.009374830246931752 -0.00738324374621602 0.3790036246292358 0.3863868683754518
9.182000000000001e-07 -0.02653676551881466 -0.02307422623609431 0.37112722057662 0.3942014468127144
9.207e-07      -0.04364975310370581 -0.03871074841392845 0.3632719891988161 0.4019827376127446
9.232e-07      -0.0606822277591741 -0.05426109742217192 0.3554536850452829 0.4097147824674548
9.257e-07      -0.07760277308641211 -0.06969884313416931 0.3476825643047621 0.4173814074389314
9.282000000000001e-07 -0.09438017771503457 -0.08499285211058097 0.3399763199095111 0.4249691720200921
9.307e-07      -0.1109834945340093 -0.1001175082859394 0.3323451116693338 0.4324626199552732
9.332e-07      -0.1273820974939958 -0.1150467218649591 0.3248004820283023 0.4398472038932613
9.357e-07      -0.1435457388523095 -0.1297546308919431 0.3173541923547539 0.447108823246697
9.382e-07      -0.1594446037482112 -0.144215253255929 0.3100185549867596 0.4542338082426887
9.407000000000001e-07 -0.1750493661313893 -0.158402891787945 0.3028059217560088 0.4612088135439539
9.432e-07      -0.1903312372635395 -0.1722909605772088 0.2957304276771142 0.468021388254323
9.457e-07      -0.2052620341076254 -0.1858523218710023 0.2888066536901703 0.4746589755611725
9.482e-07      -0.2198142182416876 -0.1990598677530284 0.2820498066237137 0.4811096743767421
9.507000000000001e-07 -0.2339609428497162 -0.2118869263414028 0.2754757321777059 0.4873626585191086
9.532e-07      -0.2476761117971746 -0.2243063847013465 0.2691012606434214 0.493407645344768
9.557e-07      -0.2609344233022028 -0.2361392170218425 0.263097494531712 0.4992367115535545
9.582e-07      -0.2737114463503055 -0.2476730160246191 0.2571624252997049 0.504835441324324
9.607e-07      -0.2859835957211152 -0.2587389017502738 0.2514576748270178 0.5101965765772916
9.631999999999999e-07 -0.2977282343673942 -0.2693168094230802 0.2459957689602907 0.5153125783833709
9.656999999999999e-07 -0.3089236969819998 -0.2793829242885611 0.2407884722358465 0.5201713965244076
9.681999999999999e-07 -0.3195493372577549 -0.2889380726926572 0.2358420260310863 0.5247800987237434
9.706999999999999e-07 -0.3295855563512567 -0.2979570723559224 0.2311672932494551 0.5291243656053775
9.732000000000001e-07 -0.3390138403734105 -0.3064216656692336 0.2267740534761598 0.5331957191453933
9.757e-07      -0.3478167981894504 -0.3143132240876796 0.2226738837989471 0.5369871078866267
9.782e-07      -0.3559781494425446 -0.3213008655254335 0.2191798065230554 0.5404806720484888
9.807e-07      -0.363482926429249 -0.3280210583167338 0.2156723229018264 0.5436933812185601
9.832e-07      -0.3703172428715302 -0.3341418484253849 0.2124736395882775 0.5466154880136623
9.856999999999999e-07 -0.3764684926855286 -0.3396540500884025 0.2095883629701856 0.5492424130585881
9.882000000000001e-07 -0.3819253290734118 -0.3445450668280869 0.2070277097769791 0.551572776605066
9.907000000000001e-07 -0.3866777188472759 -0.349107249970024 0.2045306818356138 0.5536379318056378
9.932000000000001e-07 -0.3907168249026762 -0.3527318128239721 0.2026354134069619 0.5553672262309339
9.957000000000001e-07 -0.3940352198152357 -0.3554308586518275 0.2013202499377795 0.556751108589607
9.982e-07      -0.3966268230587573 -0.3577765704814961 0.2000891126449265 0.5578656831264226
1.0007e-06     -0.3984868303750604 -0.3594746457402218 0.1991972515855853 0.5586718973258071
1.0032e-06     -0.399611810726235 -0.3605211250428338 0.1986476413488535 0.5591687663916873
1.0057e-06     -0.3999996890363234 -0.360914359927598 0.198441335661921 0.559355695589519
1.0082e-06     -0.3996497498481427 -0.3606537340412823 0.1985787262586027 0.559232460299885
1.0107e-06     -0.3985626386381929 -0.3597396559262034 0.1990595493233227 0.5587992052495261
1.0132e-06     -0.3967403606346003 -0.3581735636109215 0.1998828812550545 0.5580564448659759
1.0157e-06     -0.3941862772378956 -0.3559588729676817 0.2010461805395011 0.5570050535071829
1.0182e-06     -0.3909051224793954 -0.3533892255603131 0.2022952168505281 0.5556844424108413
1.0207e-06     -0.3869029099210337 -0.3498940524548815 0.204123742730828 0.5540177951857095
1.0232e-06     -0.3821870001963937 -0.3454611902959105 0.2065528962883291 0.5520140865842396
1.0257e-06     -0.3767661596525281 -0.3406964777547935 0.209048596914004 0.5497450746687975
1.0282e-06     -0.3706503566859948 -0.3353093151193497 0.2118695183315689 0.5471788334509187
1.0307e-06     -0.3638508726141109 -0.3293114477630198 0.21500527207389 0.5443167198369099
1.0332e-06     -0.3563802492872123 -0.3227119192392398 0.2184512269521521 0.5411631461913918
1.0357e-06     -0.3482523096220049 -0.3158431633789405 0.2218859203925146 0.5377290837714551
1.0382e-06     -0.3394819606236015 -0.3080694312330272 0.2259265437366807 0.5339959749697079
1.0407e-06     -0.3300854218287161 -0.2997198797276645 0.2302613552618442 0.5299812349895087
1.0432e-06     -0.3200800253387326 -0.2908122833056842 0.2348799245868022 0.5256922078924864
1.0457e-06     -0.3094842294670563 -0.2813641025924895 0.2397723411285315 0.521136443721021
1.0482e-06     -0.2983175757198271 -0.2714018677686734 0.2449266804277949 0.5163285481964683
1.0507e-06     -0.2866006621913102 -0.2609254218502345 0.2503386114185892 0.5112640332688236
1.0532e-06     -0.274355098178938 -0.2499572314034739 0.2559947315515423 0.5059519629550162
1.0557e-06     -0.2616034730507619 -0.2385166850443499 0.2618841501061149 0.5004008351504647
1.0582e-06     -0.2483693234368774 -0.2267753273931999 0.2678417328377263 0.4946170602309262
1.0607e-06     -0.2346770391936581 -0.2144412335548795 0.2741742059665846 0.4886154395214641
1.0632e-06     -0.2205518806234321 -0.2016948511325423 0.2807087526744861 0.4824036038070285
1.0657e-06     -0.2060198995395523 -0.1885623281575685 0.2874295497470684 0.4759918779046369
1.0682e-06     -0.1911079079540768 -0.1750705605992129 0.2943203141020723 0.4693908747012852
1.0707e-06     -0.1758434104246886 -0.1612465686824927 0.3013658154794996 0.4626123841619923
1.0732e-06     -0.1602545568498465 -0.1471175793958099 0.3085512931403738 0.4556688725361837
1.0757e-06     -0.14437010628726 -0.1327102354492094 0.3158624996324845 0.4485727350816939
1.0782e-06     -0.1282193587374683 -0.1180505086768772 0.3232866510956602 0.4413371597725375
1.0807e-06     -0.1118321052703647 -0.1031641496665339 0.3308116192796879 0.4339757689462218
1.0832e-06     -0.09523857258269504 -0.08807712692058993 0.3384254508569471 0.4265025777775371
1.0857e-06     -0.0784693686499358 -0.07281538411775468 0.3461166529027496 0.4189320370205043
1.0882e-06     -0.0615554254662092 -0.0574041774341472 0.3538754258625886 0.4112796032967359
1.0907e-06     -0.04452794222586967 -0.0418746803869385 0.3616836698276624 0.4035583502146008
1.0932e-06     -0.02741832629286391 -0.02625336859571808 0.3695318099134497 0.3957851785091677
1.0957e-06     -0.01025813670936582 -0.01057084635531864 0.3774046260514357 0.3879754724067543
1.0982e-06     0.006920974582979435 0.005139170818453689 0.3852686200357274 0.3801294492172737
1.1007e-06     0.02408731967821606 0.02083523594312464 0.3930868006964269 0.3722515647533023
1.1032e-06     0.041209235076804 0.03648148514719832 0.4008737523251271 0.3643922671779288
1.1057e-06     0.05825513905072535 0.05204607950654706 0.4086135003223293 0.3565674208157822
1.1082e-06     0.07519359069411156 0.06750171606590827 0.4162906065334323 0.348788890467524
1.1107e-06     0.09199334547486605 0.08281777112754705 0.4238906549198235 0.3410728837922765
1.1132e-06     0.1086234151241356 0.09796818907546592 0.4313984420042345 0.3334302529287685
1.1157e-06     0.1250531243045357 0.1129269182316315 0.4387994664563923 0.3258725482247609
1.1182e-06     0.1412521677631687 0.1276680825429884 0.446079489129942 0.3184114065869535
1.1207e-06     0.1571906652350257 0.1421655453891444 0.4532248323789003 0.3110592869897559
1.1232e-06     0.1728392177558879 0.1563938049107352 0.4602220553586661 0.303828250447931
1.1257e-06     0.1881689565917951 0.1703263199110813 0.4670585923932034 0.2967322724821221
1.1282e-06     0.2031516085220284 0.1839360133877458 0.4737219153763055 0.2897859019885597
1.1307e-06     0.217759540410718 0.1971957197652984 0.4801999858458232 0.2830042660805248
1.1332e-06     0.2319658042741494 0.2100789371113052 0.4864818398289084 0.2764029027176031
1.1357e-06     0.2457441910701398 0.2225580092194493 0.4925572151882501 0.2699992059688008
1.1382e-06     0.2590692830437761 0.2344544641687993 0.498418054599802 0.2639635904310027
1.1407e-06     0.2719165281808067 0.2460535261071582 0.5040499623204615 0.2579964362133034
1.1432e-06     0.2842622104850574 0.2571875249870612 0.5094455156304692 0.2522579906434081
1.1457e-06     0.2960835572624023 0.2678361644419118 0.5145970309079159 0.2467608664660041
1.1482e-06     0.3073587617839735 0.2779750430111638 0.5194917408142544 0.2415166978030906
1.1507e-06     0.318067030275351 0.2876052213737106 0.5241376408345256 0.236532419460815
1.1532e-06     0.3281886114175032 0.2967022498604466 0.5285203282988197 0.2318180784383731
1.1557e-06     0.3377048347057054 0.3052469049000821 0.5326310146075601 0.2273841097074781
1.1582e-06     0.3465981461407257 0.3132215351928626 0.5364630403682741 0.2232415051754115
1.1607e-06     0.3548521464798765 0.3206135199688082 0.5400094566061712 0.219395936637363
1.1632e-06     0.362451554443029 0.3270974938491182 0.5432521399832874 0.2161546461341692
1.1657e-06     0.3693824518862875 0.3333045617574141 0.5462159841386395 0.2129114223812253
1.1682e-06     0.3756320067661036 0.3389031340705291 0.5488859859869761 0.209982851916447
1.1707e-06     0.3811886915839509 0.3438845782187801 0.5512582086792397 0.2073736304604596
1.1732e-06     0.3860422893782253 0.3485375848521639 0.5533660571907117 0.2048284723385478
1.1757e-06     0.3901837741805961 0.3522530515848288 0.5551388751426453 0.2028858235578165
1.1782e-06     0.3936055305914148 0.3550430111132287 0.5565667792721936 0.2015237681589649
1.1807e-06     0.3963012886973963 0.357481059773955 0.5577253071326912 0.2002442473587362
1.1832e-06     0.3982660513331818 0.3592719057348672 0.5585756448572922 0.199303739122425
1.1857e-06     0.3994961942564383 0.3604115953456015 0.5591167511514731 0.1987051558058716
1.1882e-06     0.3999894483987667 0.3608982125418106 0.5593479798413798 0.1984497672995692
1.1907e-06     0.3997449039319808 0.3607309942138619 0.5592690535199808 0.198538059306119
1.1932e-06     0.3987630119279848 0.3599102025114254 0.5588800641404784 0.198969861629053
1.1957e-06     0.3970455835326361 0.3584371276502337 0.5581814732472686 0.1997443455970349
1.1982e-06     0.3945957867202904 0.356314847795392 0.5571741039789123 0.2008592561835203
1.2007e-06     0.3914181624939895 0.3538363804217394 0.5558975784608595 0.2020611980391202
1.2032e-06     0.3875185345945452 0.3504323791226438 0.5542745577912931 0.2038421786686493
1.2057e-06     0.3829040752194227 0.3460909136800029 0.5523137158200709 0.206222802140068
1.2082e-06     0.3775833613282124 0.3414153160957093 0.550087548845473 0.2086722327497636
1.2107e-06     0.3715661777065098 0.3361164237809904 0.5475636951937691 0.2114472714127787
1.2132e-06     0.364863623683481 0.3302053752130484 0.5447435278849042 0.2145381526718557
1.2157e-06     0.3574880623283751 0.3236911221845387 0.5416313513860358 0.2179402292014972
1.2182e-06     0.3494531411584325 0.3169061646729108 0.5382390958401988 0.221332931167288
1.2207e-06     0.3407735957559876 0.3092154550235104 0.5345467947230121 0.2253313396995017
1.2232e-06     0.3314654780903392 0.3009472293238488 0.5305717085306489 0.2296244792068002
1.2257e-06     0.3215459569740362 0.2921183847892965 0.5263215001848828 0.2342031153955864
1.2282e-06     0.3110333323864389 0.2827460324284014 0.521803176846757 0.2390571444183557
1.2307e-06     0.2999469930377074 0.2728574039373206 0.5170315207853252 0.2441741168480046
1.2332e-06     0.288307388292267 0.2624526090327122 0.5120029401081546 0.2495503310754424
1.2357e-06     0.2761359849436134 0.251553519580272 0.5067256462892546 0.2551721267089826
1.2382e-06     0.2634552354764904 0.2401791668318317 0.5012081896787809 0.2610290228469492
1.2407e-06     0.2502885445851058 0.2285024138244597 0.4954566094371955 0.2669541956127359
1.2432e-06     0.2366601800028803 0.2162290003125475 0.4894859388016851 0.2732569384891375
1.2457e-06     0.2225952845225129 0.2035400867726869 0.4833034978410483 0.2797634110683614
1.2482e-06     0.2081197957505909 0.1904610296026421 0.4769197007654977 0.2864586711628556
1.2507e-06     0.1932604232519849 0.1770189271882957 0.4703450352554605 0.2933261080671647
1.2532e-06     0.1780445745211619 0.1632407354878312 0.463591153837381 0.3003504183495498
1.2557e-06     0.162500310526152 0.1491536609067159 0.4566704466770934 0.3075167857703775
1.2582e-06     0.1466563063187879 0.1347844648615826 0.4495953234284702 0.3148108585668876
1.2607e-06     0.1305417880974596 0.1201592479308393 0.4423788420618662 0.322219594131027
1.2632e-06     0.1141864802117415 0.1053036571640649 0.4350345715164409 0.3297309143523761
1.2657e-06     0.09762055029159404 0.09024372248546216 0.4275764767441397 0.3373327542586776
1.2682e-06     0.0808745553960255 0.07500532883007525 0.4200189457611372 0.3450136169310619
1.2707e-06     0.06397938472210384 0.05961345934255179 0.4123774160841485 0.3527639567415967
1.2732e-06     0.04696620279631353 0.04409953924946331 0.4046649288208241 0.3605653895713608
1.2757e-06     0.02986639083169938 0.02848945431704893 0.3968981405017605 0.3684086861847116
1.2782e-06     0.01271148973434398 0.01281369919109687 0.3890928987300719 0.376279199538975
1.2807e-06     -0.004466858339268538 -0.002894755207202337 0.3812552738638142 0.3841500290710165
1.2832e-06     -0.02163696697822124 -0.01859519258158808 0.3733763160066796 0.3919715085882676
1.2857e-06     -0.0387671655624565 -0.03425055905815095 0.3655132429017454 0.3997638019598964
1.2882e-06     -0.05582585723527213 -0.0498286576391571 0.3576825920300247 0.4075112496691818
1.2907e-06     -0.07278157728669642 -0.06529973742190991 0.3498991974694896 0.4151989348913995
1.2932e-06     -0.08960304975108097 -0.08063928260150938 0.3421709529840529 0.4228102355855622
1.2957e-06     -0.1062592461409832 -0.09581497553814061 0.3345171264725707 0.4303321020107113
1.2982e-06     -0.1227194429313005 -0.1108026759768775 0.3269465837321517 0.4377492597090292
1.3007e-06     -0.1389532786138492 -0.1255765510744243 0.3194708525426644 0.4450474036170887
1.3032e-06     -0.1549308085795458 -0.1401103433904527 0.3121024889327049 0.4522128323231576
1.3057e-06     -0.1706225620714423 -0.1543786821316012 0.3048533311994635 0.4592320133310647
1.3082e-06     -0.1859995914550059 -0.1683550906732295 0.2977371695058796 0.466092260179109
1.3107e-06     -0.2010335344301424 -0.1820125640632677 0.2907685123865318 0.4727810764497996
1.3132e-06     -0.2156966641106328 -0.195323889120458 0.2839624007287863 0.4792862898492443
1.3157e-06     -0.2299619325280626 -0.2082625801354791 0.2773342139087432 0.4855967940442223
1.3182e-06     -0.243803018254066 -0.2208009079162746 0.2709014500711457 0.4917023579874203
1.3207e-06     -0.2571944003675148 -0.2329138181930454 0.2646784866554742 0.4975923048485197
1.3232e-06     -0.2701113724882006 -0.2444244726412982 0.2588351583301575 0.5032596309714557
1.3257e-06     -0.2825301229121648 -0.2556262410771973 0.2530632307813657 0.5086894718585631
1.3282e-06     -0.2944277327632691 -0.2663453113936721 0.2475310346655648 0.5138763460592368
1.3307e-06     -0.3057822546787935 -0.2765565219593799 0.2422502743330353 0.5188067962924152
1.3332e-06     -0.3165727482363218 -0.2862613919450754 0.2372282586843968 0.5234896506294722
1.3357e-06     -0.3267793103506482 -0.295436164107148 0.2324745824606425 0.5279107465677906
1.3382e-06     -0.3363831146255678 -0.3040605900801011 0.228000054845254 0.5320606449253552
1.3407e-06     -0.3453664448776171 -0.3121178469388959 0.2238152191639557 0.5359330661028515
1.3432e-06     -0.3537127334475962 -0.3195933468616246 0.2199269787732888 0.5395203256349135
1.3457e-06     -0.3614065363614124 -0.3261616965393107 0.2166432612778349 0.5428049578171457
1.3482e-06     -0.368433753856659 -0.3324548541872927 0.2133556281794793 0.545810482366772
1.3507e-06     -0.374781378717637 -0.3381409666194483 0.2103817148534961 0.5485226814729444
1.3532e-06     -0.3804377025509157 -0.3432113086019895 0.2077262046467839 0.5509375132487735
1.3557e-06     -0.3853923256813184 -0.3479550014309477 0.2051329887964668 0.5530879902274145
1.3582e-06     -0.3896360345744791 -0.3517612404420619 0.2031429869781551 0.5549042274202171
1.3607e-06     -0.3931610223367124 -0.3546420154791177 0.2017341739322811 0.5563761894113988
1.3632e-06     -0.3959608338178605 -0.3571723619013036 0.2004062778412225 0.5575786397425262
1.3657e-06     -0.3980302777938109 -0.3590558726526999 0.19941720830731 0.5584730809600099
1.3682e-06     -0.3993655369750552 -0.3602887359282557 0.1987696753346221 0.5590584112628777
1.3707e-06     -0.3999641483789644 -0.3608687198616239 0.1984652139229086 0.5593339337845326
1.3732e-06     -0.399825007840513 -0.3607949144554021 0.198504403851004 0.5592993183064061
1.3757e-06     -0.3989483720101311 -0.3600674354599159 0.198887168555797 0.5589546040157128
1.3782e-06     -0.3973358578830006 -0.3586874256167939 0.199612773988984 0.5583001996057778
1.3807e-06     -0.3949904398880846 -0.356657626512597 0.2006792509104257 0.5573368774230227
1.3832e-06     -0.3919164658642261 -0.3542704516640634 0.2018340086343282 0.5561044602983917
1.3857e-06     -0.3881195681505594 -0.350957744172288 0.2035674230127464 0.5545251671850344
1.3882e-06     -0.3836067341330889 -0.3467077803162908 0.2058994075773873 0.552607187893678
1.3907e-06     -0.3783863471990476 -0.3421214563078924 0.2083024683421911 0.5504239246500836
1.3932e-06     -0.3724680094655876 -0.3369110017333982 0.2110315128397959 0.5479425145731941
1.3957e-06     -0.3658626378408781 -0.3310869903473108 0.2140773854271337 0.5451643757744445
1.3982e-06     -0.3585824161459036 -0.3246582440132917 0.2174354346940269 0.5420936787073187
1.4007e-06     -0.3506408159697431 -0.3179572565226058 0.2207860461424716 0.5387433026650774
1.4032e-06     -0.3420524009430608 -0.3103498041381237 0.2247419914558282 0.5350917955939519
1.4057e-06     -0.3328330548472395 -0.3021631652286867 0.2289934065396756 0.5311565717683623
1.4082e-06     -0.3229997828345917 -0.2934133572829626 0.2335319310130105 0.526945288295973
1.4107e-06     -0.3125707252775689 -0.2841170676299101 0.2383473807990404 0.5224644484289505
1.4132e-06     -0.3015651179427696 -0.2743024678511876 0.2434268028072401 0.5177292706584277
1.4157e-06     -0.2900032597586795 -0.2639696843879972 0.2487670854549266 0.5127367698429237
1.4182e-06     -0.2779064753207938 -0.2531400995565083 0.2543543309463141 0.5074944305028224
1.4207e-06     -0.26529707894132 -0.2418323495195195 0.2601784741052238 0.5020108236247433
1.4232e-06     -0.2521983417739035 -0.2302203194120649 0.2660714165476799 0.4962917359597447
1.4257e-06     -0.238634410732787 -0.2180082894501443 0.2723438219848719 0.4903521114350162
1.4282e-06     -0.2246303080578174 -0.2053772290997847 0.2788218914438869 0.4841991205436715
1.4307e-06     -0.2102118564129868 -0.1923523241036395 0.2854913065555953 0.4778436306592349
1.4332e-06     -0.1954056624286488 -0.1789604340921354 0.292335085649684 0.4712955197418193
1.4357e-06     -0.1802390353704615 -0.1652286089373441 0.2993379019577185 0.4645665108950626
1.4382e-06     -0.1647399461643995 -0.1511839944775449 0.3064848714399486 0.4576688659174935
1.4407e-06     -0.1489369848586046 -0.1368534751327339 0.3137615481698276 0.4506150233025615
1.4432e-06     -0.1328593031664238 -0.1222633987464742 0.3211544555878793 0.4434178543343535
1.4457e-06     -0.1165365560974886 -0.1074389950236728 0.328652055870141 0.4360910508938138
1.4482e-06     -0.0999988526510041 -0.09240667380264725 0.3362416708616327 0.42864834466428
1.4507e-06     -0.08327669728896946 -0.0771921748109746 0.3439119520286545 0.4211041268396292
1.4532e-06     -0.06640093522268471 -0.06182017211206865 0.3516536186570076 0.4134737907690763
1.4557e-06     -0.04940269513217514 -0.04632242273983682 0.359447956214522 0.4057703789543588
1.4582e-06     -0.03231333095304995 -0.03072421562508006 0.3672858563673173 0.3980100719923973
1.4607e-06     -0.01516436417148039 -0.0150558945856747 0.3751538611995094 0.3902097557851841
1.4632e-06     0.002012573908398333 0.0006500925259621095 0.3830311409042249 0.3823810483782628
1.4657e-06     0.01918579965544599 0.01635423992091986 0.390855652654987 0.3745014127340672
1.4682e-06     0.03632363651089791 0.03201798190478652 0.3986522706939274 0.3666342887891409
1.4707e-06     0.05339447362010274 0.04760907012012343 0.4064077880943148 0.3587987179741913
1.4732e-06     0.07036682374599693 0.0630972404553328 0.4141050291142511 0.3510077886589183
1.4757e-06     0.08720938053848838 0.07845748866070834 0.4217279751490053 0.343270486488297
1.4782e-06     0.1038910765631095 0.09365792354236649 0.4292636236511893 0.3356057001088228
1.4807e-06     0.1203811412373337 0.108674070117196 0.4366966244684176 0.3280225543512216
1.4832e-06     0.1366491579566836 0.1234801248989551 0.4440126062801407 0.3205324813811856
1.4857e-06     0.1526651188648149 0.1380497260779469 0.4511978475514763 0.3131481214735293
1.4882e-06     0.1683994825625716 0.152357600487924 0.4582387221550231 0.3058811216670991
1.4907e-06     0.1838232234970375 0.1663773523758948 0.4651224285709699 0.2987450761950751
1.4932e-06     0.1989078915743409 0.1800820524237678 0.4718364924552158 0.291754440031448
1.4957e-06     0.2136256670048516 0.1934444585092868 0.4783686217921159 0.2849241632828292
1.4982e-06     0.227949402644916 0.2064379630240164 0.4847075646890219 0.2782696016650055
1.5007e-06     0.2418526664336497 0.2190351489588082 0.4908431016165704 0.2718079526577621
1.5032e-06     0.2553098234156156 0.231211052874519 0.4967644159901941 0.2655533631156751
1.5057e-06     0.2682960472462417 0.2427860651530436 0.5024645216726585 0.2596784565196149
1.5082e-06     0.2807873982147866 0.2540551049490092 0.5079284688220642 0.253873363873055
1.5107e-06     0.2927608232070361 0.2648442781430915 0.513150544597735 0.2483062664546434
1.5132e-06     0.3041942354611195 0.2751352173226437 0.518122203128027 0.2429869858053834
1.5157e-06     0.3150665474128892 0.2849068368681164 0.5228363821299188 0.2379295452618024
1.5182e-06     0.3253577062227251 0.2941588502393162 0.5272956280173152 0.233136777777999
1.5207e-06     0.3350487298948336 0.3028627598081776 0.5314846255080226 0.228621865699845
1.5232e-06     0.3441217407920865 0.3110020118958703 0.5353970685175464 0.2243950566216761
1.5257e-06     0.3525600036277411 0.318561172556152 0.5390253439951631 0.2204641714390112
1.5282e-06     0.3603479115268218 0.3252137307643331 0.5423518674599433 0.2171381366956102
1.5307e-06     0.3674711845007899 0.3315927553533175 0.5453989932641604 0.2138062379108429
1.5332e-06     0.3739166403574004 0.3373662111430171 0.5481533193819687 0.2107871082389516
1.5357e-06     0.3796723902486386 0.3425252803190613 0.5506106983192427 0.2080854180001813
1.5382e-06     0.3847278522658215 0.3473595181504727 0.5528037368013674 0.2054442186508946
1.5407e-06     0.389073624154197 0.3512564260602637 0.5546634108805021 0.2034069848202384
1.5432e-06     0.3927017329974082 0.3545162218315716 0.5562181687428771 0.2017019469113055
1.5457e-06     0.3956054712316062 0.3568504969458517 0.5574257176671984 0.2005752207213467
1.5482e-06     0.3977795186336555 0.3588265534424297 0.558364208128986 0.1995376546865563
1.5507e-06     0.3992198438012344 0.3601525507096276 0.5589937481504114 0.1988411974407838
1.5532e-06     0.3999237899294459 0.3608258828385579 0.5593135577652032 0.1984876749266452
1.5557e-06     0.3998900585578805 0.3608454927100191 0.5593232539287728 0.1984777612187537
1.5582e-06     0.3991187119058395 0.3602113497251775 0.5590228230690378 0.1988114733438603
1.5607e-06     0.3976111727570626 0.3589244494050043 0.5584126210490437 0.1994881716440394
1.5632e-06     0.3953702218853991 0.3569872075958059 0.5574933693045265 0.2005061617087206
1.5657e-06     0.392400013828078 0.3546914257872218 0.5563050829373515 0.2016136571501297
1.5682e-06     0.3887059905771728 0.3514700994608399 0.5547694935195577 0.2032993940587178
1.5707e-06     0.3842949849126001 0.3476113140313684 0.5529287220787213 0.2053174080473529
1.5732e-06     0.3791750870328622 0.3428149286567597 0.5507542271975392 0.2079392985407796
1.5757e-06     0.3733558180074463 0.3376930465774671 0.5483152996109782 0.2106222530335112
1.5782e-06     0.366847877473517 0.3319562621653024 0.5455792524756949 0.2136229903103926
1.5807e-06     0.3596632695360729 0.3256132502411583 0.542550115829601 0.2169368655884426
1.5832e-06     0.3518152901546497 0.3189963910124857 0.539241657815818 0.2202452668033323
1.5857e-06     0.3433183280386703 0.311472440801164 0.535631064713125 0.224158623911961
1.5882e-06     0.334188100611097 0.3033676476634347 0.5317358089042594 0.2283681612408248
1.5907e-06     0.3244414479185368 0.2946971633665978 0.527563566113523 0.2328664027469252
1.5932e-06     0.3140963499213756 0.2854774946003765 0.5231205274440607 0.2376430328436842
1.5957e-06     0.3031718885728767 0.2757370454461945 0.5184217909149427 0.2426847454687482
1.5982e-06     0.2916882127437935 0.2654766172599155 0.5134655158536826 0.2479888985937671
1.6007e-06     0.2796665026520518 0.2547169152783718 0.5082582927200709 0.2535413774416992
1.6032e-06     0.2671289341029838 0.243476186790624 0.5028087108973897 0.2593325241067657
1.6057e-06     0.2540986452383452 0.2319286037663235 0.4971222703121158 0.2651936665457923
1.6082e-06     0.2405996570534952 0.2197790373281761 0.4912139320541631 0.271434894725987
1.6107e-06     0.2266568738314159 0.207206510146591 0.4850907639509779 0.277884253804387
1.6132e-06     0.2122960030795535 0.1942360043391483 0.4787634912319566 0.2845274868928082
1.6157e-06     0.1975435447235359 0.1808950014229086 0.4722423109079659 0.2913473094850573
1.6182e-06     0.1824267103648859 0.1672100873102764 0.4655384212106375 0.2983283339003611
1.6207e-06     0.1669733794353083 0.1532084940592153 0.4586640949733802 0.3054556009141649
1.6232e-06     0.1512120560211607 0.1389171918761999 0.4516317975012427 0.3127146056250428
1.6257e-06     0.1351718155864166 0.1243626199715077 0.4444542916563437 0.320091671684836
1.6282e-06     0.1188822444472991 0.1095700872629243 0.4371451654913713 0.3275750782284471
1.6307e-06     0.102373390117801 0.09456590577266234 0.4297181392255977 0.3351522334529353
1.6332e-06     0.08567570387717251 0.07937584059549889 0.4221875366621777 0.3428116960666788
1.6357e-06     0.06881998577955177 0.06402430089654333 0.414568735624975 0.3505444347284317
1.6382e-06     0.05183732749948833 0.04854325319318132 0.406874665642369 0.3583314124491877
1.6407e-06     0.03475905450280092 0.03295742514339519 0.3991217728013118 0.3661643476579166
1.6432e-06     0.01761666767864789 0.01729733107882872 0.3913260672526293 0.3740287361738006
1.6457e-06     0.0004417863078294449 0.001594661040493659 0.38350200707235 0.3819073460318564
1.6482e-06     -0.01673390999941705 -0.01411247194609406 0.3756267507472563 0.3897392226933504
1.6507e-06     -0.03387873990106448 -0.02978403273867894 0.3677567366149999 0.3975407693536788
1.6532e-06     -0.05096107974983558 -0.04538735869884847 0.3599157611067469 0.4053031198055954
1.6557e-06     -0.06794942094859924 -0.06089204003423845 0.3521175718466117 0.4130096118808502
1.6582e-06     -0.08481242795750851 -0.07627246808156382 0.3443714498599142 0.4206439179414781
1.6607e-06     -0.1015189955513735 -0.09149711181591773 0.3366959384743036 0.4281930502902213
1.6632e-06     -0.1180383072592471 -0.1065411755513957 0.3291004261521719 0.4356416017035675
1.6657e-06     -0.1343398919694362 -0.1213787255426473 0.3215964796029397 0.442975205145587
1.6682e-06     -0.1503936813937468 -0.1359837693644622 0.314196146736223 0.4501799161006853
1.6707e-06     -0.1661700629484077 -0.1503306368800927 0.3069115802454598 0.4572422171255525
1.6732e-06     -0.1816399347500786 -0.1643931676201686 0.2997559572161714 0.46414912483634
1.6757e-06     -0.1967747599801778 -0.1781445575594093 0.2927436399554156 0.4708881975148249
1.6782e-06     -0.2115466267421882 -0.191557621800245 0.285889529577705 0.47744715137795
1.6807e-06     -0.2259282890967775 -0.204605306753859 0.2792089183333471 0.4838142250872062
1.6832e-06     -0.2398932090393755 -0.2172607997444392 0.2727186738417207 0.4899794735861599
1.6857e-06     -0.2534156356328152 -0.2294986012996641 0.266433327455406 0.4959319287550701
1.6882e-06     -0.2664706207940337 -0.241138286454998 0.2605263578524945 0.5016646443074925
1.6907e-06     -0.2790341020058768 -0.2524741721822834 0.2546883583600518 0.5071625305423353
1.6932e-06     -0.2910828913425036 -0.2633330684280583 0.2490865759775583 0.5124196444056166
1.6957e-06     -0.3025947625293693 -0.2736962258224057 0.2437312325137683 0.5174274583361739
1.6982e-06     -0.3135484843566645 -0.2835420808037462 0.2386361187797202 0.5221781995834665
1.7007e-06     -0.3239238525307327 -0.2928703408247889 0.2338046506126662 0.526674991437455
1.7032e-06     -0.3337017307521634 -0.3016534531406702 0.2292495188495128 0.530902971990183
1.7057e-06     -0.3428640807056636 -0.3098744426635157 0.2249808888342839 0.5348553314977996
1.7082e-06     -0.3513940024030297 -0.3175169963429427 0.2210074482742823 0.538524444617225
1.7107e-06     -0.359275719794419 -0.3242536314717448 0.2176392507615401 0.5418928822332849
1.7132e-06     -0.3664947800590988 -0.3307182954116794 0.2142632321641428 0.5449815275758222
1.7157e-06     -0.3730378242416055 -0.3365788942332334 0.2111990149891006 0.547777909222334
1.7182e-06     -0.3788927834908756 -0.3418265167285931 0.2084512555076419 0.550277772236235
1.7207e-06     -0.3840488941145799 -0.3467511648885395 0.2057621489136223 0.5525133138021618
1.7232e-06     -0.3884965653680039 -0.3507386083746793 0.2036777620359685 0.5544163704106478
1.7257e-06     -0.3922276381120786 -0.3540897431754088 0.2019250697755622 0.556014812950971
1.7282e-06     -0.3952352143182154 -0.3565153716006195 0.2007511086269692 0.5572664802275887
1.7307e-06     -0.3975137832936247 -0.3585839555435026 0.1996650734960977 0.5582490290396004
1.7332e-06     -0.3990591202202224 -0.3600030440727524 0.1989197193204386 0.5589227633931909
1.7357e-06     -0.3998683745696741 -0.3607697028336841 0.1985171494512584 0.5592868522849425
1.7382e-06     -0.3999400536349666 -0.3608827273541767 0.1984581324593267 0.5593408598135033
1.7407e-06     -0.3992740252019305 -0.3603419406829263 0.1987427789637484 0.5590847196466747
1.7432e-06     -0.397871517789404 -0.3591481913437167 0.1993705434959437 0.5585187348396604
1.7457e-06     -0.3957351184124021 -0.3573035756501159 0.2003400003871862 0.5576435760373021
1.7482e-06     -0.3928687678815803 -0.3548119175447091 0.2016483632961384 0.5564602808408475
1.7507e-06     -0.3892777784803684 -0.351969400808935 0.2030381611960365 0.5550075620049715
1.7532e-06     -0.3849687315510242 -0.348201378038309 0.2050089028541364 0.5532102808924454
1.7557e-06     -0.3799495511346045 -0.3434956018547644 0.2075827786957852 0.5510783805505496
1.7582e-06     -0.3742295699091774 -0.338462518769722 0.2102195129771643 0.5486820317468863
1.7607e-06     -0.3678193054874446 -0.3328131602168748 0.2131749869337053 0.5459881471505802
1.7632e-06     -0.3607305818059033 -0.3265561074376575 0.2164445431462574 0.543000650583915
1.7657e-06     -0.352976520464858 -0.3200235181515734 0.2197105909069998 0.5397341090585732
1.7682e-06     -0.344571329388433 -0.3125832651371343 0.2235812771015623 0.5361645422386966
1.7707e-06     -0.3355305643653657 -0.3045606373064582 0.2277487668986172 0.5323094042050753
1.7732e-06     -0.32587089793509 -0.2959697558572205 0.2322065613039806 0.5281763171612012
1.7757e-06     -0.3156101490441685 -0.2868276601487844 0.2369439631898353 0.5237716233386196
1.7782e-06     -0.3047672444297599 -0.2771541492896201 0.2419503246366889 0.519104473926309
1.7807e-06     -0.2933621838039824 -0.2669733512539492 0.2472158009164291 0.5141891521703783
1.7832e-06     -0.2814160006728563 -0.2562839107402541 0.2527332973311575 0.5090172080714115
1.7857e-06     -0.2689507320049365 -0.2451106498075531 0.258491146157477 0.5036017959650301
1.7882e-06     -0.2559893714100256 -0.2334740073393732 0.2644766923475063 0.4979506996868795
1.7907e-06     -0.2425558449694103 -0.2215412325798247 0.2705301702325463 0.4920714028123711
1.7932e-06     -0.2286749046757112 -0.2090277180853445 0.2769505612996249 0.4859782793849693
1.7957e-06     -0.2143721566553105 -0.1961122498473563 0.2835672867111256 0.4796795365584819
1.7982e-06     -0.1996739896473506 -0.1828225550507182 0.2903628223411158 0.4731853773918339
1.8007e-06     -0.184607517126569 -0.1691850944034871 0.2973217477633927 0.4665068421668798
1.8032e-06     -0.1692005263112819 -0.1552270788226389 0.304429013955085 0.459656092777724
1.8057e-06     -0.1534814341341502 -0.1409755381273626 0.3116700699958832 0.4526456081232458
1.8082e-06     -0.1374792388953131 -0.1264569922633444 0.3190310446693798 0.4454880369327242
1.8107e-06     -0.1212234569459868 -0.1116968595559264 0.3265000148669127 0.4381968744228391
1.8132e-06     -0.1047440732911887 -0.09672134329409345 0.3340644758244633 0.4307858191185567
1.8157e-06     -0.08807148483953299 -0.08155624677891106 0.3417128836896204 0.4232691304685315
1.8182e-06     -0.07123644532923357 -0.06622563849449919 0.349436471637843 0.4156621101323422
1.8207e-06     -0.05427000823514958 -0.05076194759867408 0.3572157998980989 0.407977747496773
1.8232e-06     -0.0372034694070052 -0.03518924510615182 0.365043126897085 0.4002323720032368
1.8257e-06     -0.02006830792553543 -0.01953790975379611 0.3729038994356171 0.3924418091894132
1.8282e-06     -0.002896129878517553 -0.003839234246759601 0.3807816591633938 0.3846208934101535
1.8307e-06     0.01428139031489628 0.01186998184532408 0.3886221553542861 0.376752173508962
1.8332e-06     0.03143256778264496 0.02754869857048526 0.3964285923271901 0.3688798937567048
1.8357e-06     0.04852576723897536 0.04316363148948599 0.4041973079975378 0.3610336765080518
1.8382e-06     0.06552945992943215 0.05868422270658574 0.4119127313255167 0.353228508618931
1.8407e-06     0.0824122822525353 0.07408429987301163 0.4195581081993994 0.3454738083263877
1.8432e-06     0.09914309241468779 0.08933260992045637 0.4271204208265134 0.337787810906057
1.8457e-06     0.1156910292053552 0.1044040671192587 0.4345842324837921 0.3301801653645334
1.8482e-06     0.132025568772028 0.1192727155840089 0.4419351100784771 0.3226623944944682
1.8507e-06     0.1481165817218795 0.1339125503326792 0.4491590752438553 0.3152465249111762
1.8532e-06     0.1639343871313083 0.1482978806267248 0.4562425371763676 0.3079446565496429
1.8557e-06     0.1794498073940712 0.1624026461939937 0.463172391675726 0.3007697454817323
1.8582e-06     0.1946342199583762 0.1762001600014438 0.4699362254915546 0.2937360654901109
1.8607e-06     0.2094596222338857 0.1896632040235993 0.4765216266273225 0.2868584226037232
1.8632e-06     0.2238986693910772 0.2027648120453189 0.482916902168114 0.2801520901227951
1.8657e-06     0.2379247198518772 0.2154779257442668 0.4891115055612904 0.2736335798170236
1.8682e-06     0.2515119062104736 0.2277768326174814 0.4950950104981581 0.2673181778806766
1.8707e-06     0.2646351618557407 0.2394811878140225 0.5008600321392919 0.2613788443252694
1.8732e-06     0.2772703002965065 0.2508834987646169 0.5063916811765434 0.2555081824119266
1.8757e-06     0.289394000350198 0.261811718042057 0.5116836571306173 0.2498719390885603
1.8782e-06     0.3009838974709612 0.2722467375712256 0.5167274855108351 0.2444807479396096
1.8807e-06     0.3120186166316975 0.2821664013395523 0.5215145432867704 0.2393481419472181
1.8832e-06     0.3224778032757566 0.2915706825372484 0.5260488526458554 0.234478170108607
1.8857e-06     0.3323421679111564 0.3004327095620033 0.5303157001851295 0.2298829906231263
1.8882e-06     0.3415935119683848 0.3087351756531734 0.5343078694056446 0.2255726937524711
1.8907e-06     0.3502147713809463 0.3164608907774278 0.5380177332725036 0.2215568424950757
1.8932e-06     0.3581900015332051 0.3232814309212846 0.5414280129704967 0.2181465820492121
1.8957e-06     0.365504577292908 0.32983150503683 0.5445580962330606 0.2147265911962306
1.8982e-06     0.3721449634556656 0.3357790430240682 0.5473964606762878 0.2116174176522196
1.9007e-06     0.3780989116292097 0.3411150410493525 0.5499387435110622 0.2088237024617097
1.9032e-06     0.3833554390874444 0.3458280292093558 0.5521835284889038 0.2063554992795481
1.9057e-06     0.3879048799467468 0.3502077544571901 0.5541630776788288 0.2039553232216387
1.9082e-06     0.391738776105449 0.3536501729196821 0.5558052005025687 0.2021550275828866
1.9107e-06     0.3948500770187029 0.3561670531872488 0.5571009632636493 0.2009339100764004
1.9132e-06     0.3972330817784823 0.3583280868409138 0.5581275465027987 0.1997994596618849
1.9157e-06     0.3988833722831535 0.35984022082884 0.5588454587238963 0.1990052378950563
1.9182e-06     0.3997979043860053 0.3607001816715973 0.5592538179982703 0.198553636326673
1.9207e-06     0.3999749911895032 0.3609066172390012 0.5593521355379988 0.1984455182989975
1.9232e-06     0.3994143060509768 0.3604592041816853 0.5591402922493802 0.1986810880676949
1.9257e-06     0.3981168831782201 0.3593586442235187 0.5586185383952244 0.1992598941717057
1.9282e-06     0.3960851157309527 0.3576067203776967 0.5577874938658092 0.2001807734881125
1.9307e-06     0.39332275156295 0.3552073956632019 0.5566481375268062 0.2014407418636043
1.9332e-06     0.3898349103235521 0.3524557211575174 0.5552394288443406 0.2027837076868232
1.9357e-06     0.3856279843970008 0.3487785344471505 0.5534856502658139 0.2047071158186634
1.9382e-06     0.3807097103457536 0.3441635068884373 0.5513964102300999 0.2072329033416626
1.9407e-06     0.3750892322744518 0.3392193920288727 0.5490427015500072 0.2098233095211345
1.9432e-06     0.368776885308738 0.3336576545755605 0.5463910491404834 0.2127333945649229
1.9457e-06     0.3617843127712299 0.3274867807316366 0.543445271148342 0.2159584904167053
1.9482e-06     0.3541244613548701 0.321038636387044 0.5402207171818523 0.2191820807948083
1.9507e-06     0.3458113578663855 0.3136817899844294 0.536691890853275 0.2230101008688455
1.9532e-06     0.3368603955672169 0.3057420952815375 0.5328773421559839 0.2271352468744464
1.9557e-06     0.3272880790919771 0.2972311027481326 0.5287835231060876 0.2315524203579549
1.9582e-06     0.31711206561026 0.288166876769013 0.5244172977301642 0.2362504209611513
1.9607e-06     0.306351126408918 0.2785682059896887 0.519787175894612 0.2412189699049233
1.9632e-06     0.295025109930486 0.2684599277577243 0.5149076640679932 0.2464477363102689
1.9657e-06     0.2831549035153375 0.2578410307354145 0.5097711528439887 0.2519301221085741
1.9682e-06     0.2707624040480818 0.2467356539185515 0.5043900700434771 0.2576544161249256
1.9707e-06     0.2578704705575636 0.2351640505536876 0.4987720706529896 0.263608020099302
1.9732e-06     0.2445029008405471 0.2232946765561736 0.4929244275912918 0.2696297510351182
1.9757e-06     0.230684326329365 0.2108405567276202 0.4868615795637114 0.2760210228360913
1.9782e-06     0.2164402392927537 0.1979808570292389 0.4805915916660115 0.2826107346367726
1.9807e-06     0.2017969169936313 0.1847430134016397 0.4741246834309361 0.2893816700292964
1.9832e-06     0.1867813734498482 0.1711535646584138 0.4674717520593622 0.2963181874009484
1.9857e-06     0.1714213028763093 0.1572396724479655 0.4606448259508088 0.3034051535028433
1.9882e-06     0.1557450337558185 0.143028437120985 0.4536564169030566 0.3106279797820716
1.9907e-06     0.1397814861930858 0.1285464290372418 0.4465190527325162 0.3179726236952745
1.9932e-06     0.1235601054468686 0.1138192371977111 0.4392461369491489 0.3254268997514378
1.9957e-06     0.1071108129150964 0.09887291082930676 0.4318513422109402 0.3329784313816335
1.9982e-06     0.09046394997488354 0.08373331558639831 0.4243488648676199 0.3406155492812215
2.0007e-06     0.07365022291529913 0.06842652902358738 0.4167532312353502 0.3483267022117628
2.0032e-06     0.05670064588347933 0.05297829311420725 0.4090798803652883 0.356101587251081
2.0057e-06     0.03964648363839775 0.0374194530832286 0.4013420315566767 0.3639225784734481
2.0082e-06     0.02251919261626955 0.0217775395906548 0.3935569369848263 0.3717793973941715
2.0107e-06     0.005350364399240796 0.006083519846974315 0.3857394635889122 0.3796559437419379
2.0132e-06     -0.01182833294780402 -0.009626879095574347 0.3778778502955625 0.3875047293911368
2.0157e-06     -0.02898521228077601 -0.02531206326718261 0.3700033355702074 0.39531539883739
2.0182e-06     -0.04608862777623256 -0.04093797769862367 0.3621524205316599 0.4030903982302835
2.0207e-06     -0.06310703178458156 -0.05647388090092685 0.3543405608766081 0.410814441777535
2.0232e-06     -0.08000903381509107 -0.07189306852603609 0.3465775202843523 0.4184705888103885
2.0257e-06     -0.09676345660550903 -0.08716449880326821 0.3388812821854268 0.426045780988695
2.0282e-06     -0.1133393954506325 -0.1022628197037623 0.3312617383750449 0.4335245580788072
2.0307e-06     -0.1297062748158789 -0.1171620121269309 0.3237304192961019 0.4408924314230327
2.0332e-06     -0.1458339055595824 -0.1318361453744382 0.3162992193547803 0.4481353647292184
2.0357e-06     -0.1616925392585427 -0.1462593902844768 0.3089803318073746 0.4552397220918514
2.0382e-06     -0.177252923738703 -0.1604058545397569 0.3017864160729539 0.4621922706127108
2.0407e-06     -0.192486352098091 -0.1742489338982991 0.2947316773089033 0.4689806112072024
2.0432e-06     -0.2073647317326702 -0.1877614114601271 0.2878308122468729 0.475592223707
2.0457e-06     -0.2218606202492652 -0.2009162568733374 0.2810990665470913 0.4820153234204287
2.0482e-06     -0.2359472729692865 -0.2136866132725096 0.2745526103494182 0.4882392236219278
2.0507e-06     -0.2495987076498798 -0.2260460042951096 0.2682075878002081 0.4942535920953178
2.0532e-06     -0.2627897395319565 -0.2378148118659499 0.2622359007956152 0.5000507126615651
2.0557e-06     -0.2754960594931803 -0.2492831407391027 0.2563328039777872 0.50561594471689
2.0582e-06     -0.2876942138104946 -0.2602803185689657 0.2506623130617068 0.5109426316306726
2.0607e-06     -0.2993617005183728 -0.2707868153261596 0.2452354904987689 0.5160223058249286
2.0632e-06     -0.3104770015594084 -0.2807799391062 0.2400655921504848 0.5208455312566848
2.0657e-06     -0.3210196133760508 -0.2902599090115101 0.2351573002340835 0.5254172092455935
2.0682e-06     -0.3309700925580464 -0.2992005680841195 0.2305222570532274 0.5297228251373468
2.0707e-06     -0.3403100824163042 -0.3075842493718012 0.2261703462904595 0.5337545956622607
2.0732e-06     -0.3490223551197057 -0.3153930891213724 0.2221123152389002 0.5375054043602726
2.0757e-06     -0.3570907976209221 -0.3222971637471163 0.2186601082319463 0.5409572719790626
2.0782e-06     -0.3645006134834131 -0.3289324154597531 0.2151962948938718 0.5441287103536249
2.0807e-06     -0.371238091617863 -0.3349666850716327 0.2120422985258112 0.547008983597444
2.0832e-06     -0.3772908045525014 -0.3403908773473217 0.2092027434860665 0.5495936208333883
2.0857e-06     -0.3826475873091504 -0.3451929144274287 0.2066883067036298 0.5518812211310584
2.0882e-06     -0.3872985901625965 -0.349663978959809 0.2042396285048503 0.5539036074646594
2.0907e-06     -0.3912351653841892 -0.3531975247547994 0.2023918116933923 0.5555893364481919
2.0932e-06     -0.3944500738306659 -0.3558055433989515 0.2011236279891883 0.5569291713881398
2.0957e-06     -0.3969374246564284 -0.3580589555625042 0.199940807926439 0.5579997634889432
2.0982e-06     -0.3986926066072777 -0.3596640861642301 0.1990977498578203 0.5587618360220504
2.1007e-06     -0.3997123820315739 -0.3606173215221037 0.1985971341908435 0.5592144557129473
2.1032e-06     -0.3999948699060942 -0.3609171615363128 0.1984399192986684 0.5593570808349811
2.1057e-06     -0.3995395491714847 -0.3605631363993423 0.1986264031312159 0.5591895395305583
2.1082e-06     -0.3983472596856547 -0.3595558012005519 0.1991562280892081 0.5587120292897599
2.1107e-06     -0.3964202006803409 -0.3578967420935377 0.2000283754155886 0.5579251175091262
2.1132e-06     -0.3937619268599487 -0.3555897182878247 0.2012400116246578 0.5568297299124825
2.1157e-06     -0.3903773651332329 -0.3529290010098497 0.2025360563989154 0.5554650574087651
2.1182e-06     -0.3862727186123639 -0.349342765138223 0.2044120587403724 0.5537548238785954
2.1207e-06     -0.3814555360485408 -0.3448186336711876 0.2068896754235562 0.5517083090947438
2.1232e-06     -0.3759347729392128 -0.3399649656225029 0.2094315452625795 0.5493965108850825
2.1257e-06     -0.3697205808848452 -0.3344897160150418 0.2122982321006324 0.5467879481156742
2.1282e-06     -0.3628244227625313 -0.3284052394926932 0.2154787233420509 0.5438839628347441
2.1307e-06     -0.3552590187315169 -0.3217206703680474 0.2189684052566301 0.5406890756246775
2.1332e-06     -0.3470383667303014 -0.3147684849424709 0.2224449750236123 0.5372134599660832
2.1357e-06     -0.3381775441751019 -0.3069117660537477 0.2265277869222286 0.5334395529759763
2.1382e-06     -0.3286929380205327 -0.2984811577161171 0.230904010180912 0.5293851678970291
2.1407e-06     -0.3186020430738694 -0.2894950967721178 0.235562334146127 0.5250574309182449
2.1432e-06     -0.3079234746185738 -0.2799714160553423 0.2404929483070682 0.5204643643624105
2.1457e-06     -0.2966769268932901 -0.2699359268398993 0.2456844528947532 0.5156203797346525
2.1482e-06     -0.2848831457108267 -0.2593882157481165 0.2511318840937858 0.5105200998419023
2.1507e-06     -0.2725638820762598 -0.2483512913407294 0.2568221139070127 0.5051734052477421
2.1532e-06     -0.2597418613814475 -0.2368449597888582 0.2627438268735687 0.4995887866624269
2.1557e-06     -0.2464407513559868 -0.2250393650309878 0.268733646900197 0.4937730119311848
2.1582e-06     -0.2326850629699391 -0.2126450617228071 0.2750955816030254 0.4877406433258325
2.1607e-06     -0.2185001731328135 -0.1998417494283151 0.2816578752096316 0.4814996246379468
2.1632e-06     -0.2039122468373127 -0.186656297002697 0.2884038976794505 0.4750601946821474
2.1657e-06     -0.1889481975849755 -0.1731154131439211 0.295317694777385 0.4684331079213061
2.1682e-06     -0.1736356252748381 -0.1592461880177336 0.3023840898063049 0.4616302778240385
2.1707e-06     -0.1580027696623072 -0.1450758093926732 0.3095883745529969 0.45466418394567
2.1732e-06     -0.1420784708020584 -0.1306308652235596 0.3169164342595542 0.4475472994831138
2.1757e-06     -0.1258921019750407 -0.1159371450712194 0.32435576706492 0.4402929121361395
2.1782e-06     -0.1094735199141698 -0.1010205528508003 0.3318941322742024 0.4329146851250028
2.1807e-06     -0.09285300920418524 -0.08590696382581643 0.3395197272175396 0.4254266910433561
2.1832e-06     -0.07606122759685355 -0.07062241609906761 0.3472210303852409 0.4178434464843085
2.1857e-06     -0.05912914869890316 -0.05519244540571321 0.3549879817060935 0.4101804271118067
2.1882e-06     -0.04208800521869945 -0.0396479599214669 0.3628027473122922 0.4024507072337591
2.1907e-06     -0.02496922948583086 -0.02401603249679071 0.3706553956481823 0.394671428144973
2.1932e-06     -0.007804397472899897 -0.008327422075556288 0.3785302497903165 0.3868576718658727
2.1957e-06     0.009374830246930753 0.007383243744953639 0.3863868683639253 0.3790036246189717
2.1982e-06     0.02653676551881282 0.02307422623230965 0.3942014468034922 0.3711272205711825
2.2007e-06     0.04364975310370528 0.03871074840378227 0.401982737600021 0.3632719891962387
2.2032e-06     0.0606822277591753 0.05426109741400501 0.4097147824594219 0.3554536850454169
2.2057e-06     0.07760277308641128 0.06969884311643805 0.4173814074260986 0.3476825643096605
2.2082e-06     0.09438017771503203 0.08499285210999287 0.4249691720179802 0.3399763199079873
2.2107e-06     0.1109834945340115 0.1001175082664313 0.4324626199433666 0.3323451116769353
2.2132e-06     0.1273820974939987 0.1150467218568119 0.4398472038869762 0.3248004820301644
2.2157e-06     0.1435457388523126 0.1297546308770837 0.4471088232363488 0.3173541923592652
2.2182e-06     0.1594446037482154 0.1442152532529292 0.4542338082379234 0.3100185549849943
2.2207e-06     0.1750493661313935 0.1584028917835842 0.461208813535583 0.3028059217519988
2.2232e-06     0.1903312372635336 0.172290960578572 0.4680213882497747 0.2957304276712028
2.2257e-06     0.2052620341076196 0.185852321876539 0.4746589755521775 0.2888066536756385
2.2282e-06     0.2198142182416853 0.1990598677571203 0.4811096743740508 0.2820498066169305
2.2307e-06     0.2339609428497128 0.2118869263440118 0.4873626585177624 0.2754757321737507
2.2332e-06     0.2476761117971626 0.2243063847129074 0.4934076453413885 0.2691012606284811
2.2357e-06     0.2609344233022033 0.2361392170146416 0.4992367115510271 0.2630974945363855
2.2382e-06     0.2737114463503044 0.2476730160103476 0.5048354413216154 0.2571624253112679
2.2407e-06     0.2859835957211137 0.2587389017376532 0.5101965765744707 0.2514576748368174
2.2432e-06     0.2977282343673949 0.269316809415051 0.5153125783808888 0.2459957689658379
2.2457e-06     0.3089236969819965 0.2793829242663249 0.5201713965195361 0.2407884722532111
2.2482e-06     0.3195493372577496 0.288938072666123 0.5247800987166906 0.2358420260505677
2.2507e-06     0.329585556351258 0.2979570723374653 0.5291243655995291 0.2311672932620639
2.2532e-06     0.3390138403734129 0.3064216656411986 0.5331957191366672 0.2267740534954686
2.2557e-06     0.3478167981894519 0.3143132240691467 0.5369871078851749 0.2226738838160281
2.2582e-06     0.3559781494425527 0.321300865537669 0.5404806720512423 0.2191798065135733
2.2607e-06     0.3634829264292571 0.3280210583340439 0.543693381221284 0.2156723228872401
2.2632e-06     0.3703172428715378 0.3341418484456062 0.5466154880159896 0.2124736395703834
2.2657e-06     0.3764684926855367 0.339654050112694 0.549242413060703 0.209588362948009
2.2682e-06     0.38192532907342 0.3445450668554037 0.5515727766063141 0.2070277097509104
2.2707e-06     0.3866777188472385 0.3491072499524419 0.5536379318067036 0.2045306818542618
2.2732e-06     0.3907168249026425 0.35273181280709 0.5553672262325533 0.2026354134254633
2.2757e-06     0.3940352198152437 0.3554308586751469 0.556751108589732 0.201320249914585
2.2782e-06     0.3966268230587645 0.3577765705024439 0.5578656831266648 0.2000891126242209
2.2807e-06     0.3984868303750687 0.3594746457666981 0.5586718973260061 0.199197251559308
2.2832e-06     0.3996118107262434 0.3605211250674669 0.5591687663916196 0.1986476413241527
2.2857e-06     0.3999996890363309 0.3609143599504336 0.559355695589739 0.1984413356393053
2.2882e-06     0.3996497498481479 0.3606537340523236 0.5592324603002085 0.1985787262478848
2.2907e-06     0.3985626386382002 0.3597396559479384 0.5587992052498747 0.1990595493019363
2.2932e-06     0.396740360634607 0.3581735636274455 0.5580564448662988 0.1998828812388533
2.2957e-06     0.3941862772379044 0.3559588729887247 0.5570050535067929 0.2010461805180682
2.2982e-06     0.3909051224793647 0.353389225544016 0.5556844424112305 0.2022952168672146
2.3007e-06     0.3869029099209941 0.3498940524352197 0.5540177951871621 0.2041237427519424
2.3032e-06     0.3821870001963998 0.345461190309972 0.552014086584902 0.2065528962749301
2.3057e-06     0.3767661596525354 0.3406964777751824 0.5497450746705738 0.2090485968953914
2.3082e-06     0.3706503566860014 0.3353093151356326 0.5471788334530185 0.211869518317386
2.3107e-06     0.3638508726141192 0.3293114477788911 0.5443167198389877 0.2150052720600965
2.3132e-06     0.3563802492872194 0.3227119192509708 0.5411631461941748 0.2184512269432041
2.3157e-06     0.3482523096220082 0.3158431633612713 0.5377290837704727 0.2218859204092014
2.3182e-06     0.3394819606236066 0.3080694312020724 0.5339959749602518 0.2259265437581793
2.3207e-06     0.3300854218287189 0.2997198797062693 0.5299812349828894 0.2302613552766201
2.3232e-06     0.3200800253387294 0.2908122832813658 0.5256922078858067 0.2348799246044409
2.3257e-06     0.3094842294670559 0.2813641025716599 0.5211364437163901 0.2397723411447301
2.3282e-06     0.298317575719826 0.271401867755744 0.5163285481938644 0.2449266804381204
2.3307e-06     0.2866006621913109 0.2609254218410397 0.5112640332662605 0.2503386114252208
2.3332e-06     0.2743550981789413 0.2499572313955711 0.5059519629523902 0.255994731556819
2.3357e-06     0.2616034730507633 0.2385166850366117 0.5004008351480849 0.2618841501114731
2.3382e-06     0.2483693234368716 0.2267753274019009 0.4946170602280462 0.2678417328261453
2.3407e-06     0.2346770391936492 0.2144412335645038 0.4886154395180544 0.2741742059535506
2.3432e-06     0.2205518806234325 0.2016948511393955 0.4824036038022312 0.2807087526628357
2.3457e-06     0.2060198995395519 0.188562328161634 0.4759918779006609 0.2874295497390269
2.3482e-06     0.1911079079540738 0.1750705606007225 0.4693908746947704 0.2943203140940479
2.3507e-06     0.1758434104246861 0.1612465686834243 0.4626123841592239 0.3013658154757996
2.3532e-06     0.1602545568498481 0.1471175793880458 0.4556688725275221 0.3085512931394763
2.3557e-06     0.1443701062872615 0.1327102354414358 0.4485727350749353 0.3158624996334995
2.3582e-06     0.1282193587374724 0.118050508661373 0.44133715976213 0.323286651100757
2.3607e-06     0.1118321052703693 0.1031641496583292 0.4339757689401128 0.3308116192817835
2.3632e-06     0.09523857258269801 0.08807712690973112 0.4265025777700379 0.3384254508603067
2.3657e-06     0.07846936864994059 0.07281538410212551 0.4189320370093138 0.3461166529071883
2.3682e-06     0.06155542546621071 0.05740417742808832 0.4112796032906311 0.3538754258625428
2.3707e-06     0.04452794222587175 0.0418746803829201 0.4035583502086871 0.3616836698257671
2.3732e-06     0.02741832629286604 0.0262533685928641 0.3957851785029199 0.3695318099100559
2.3757e-06     0.01025813670936804 0.01057084635275396 0.3879754723909652 0.3774046260382112
2.3782e-06     -0.00692097458297743 -0.005139170817554527 0.380129449206162 0.3852686200237165
2.3807e-06     -0.02408731967821356 -0.02083523593956998 0.3722515647467587 0.3930868006863287
2.3832e-06     -0.04120923507680378 -0.03648148514324075 0.364392267176112 0.4008737523193528
2.3857e-06     -0.05825513905072281 -0.05204607949175181 0.356567420816661 0.4086135003084128
2.3882e-06     -0.07519359069410833 -0.06750171606543053 0.3487888904659661 0.4162906065313967
2.3907e-06     -0.09199334547487029 -0.08281777110818825 0.3410728837992079 0.4238906549073961
2.3932e-06     -0.1086234151241388 -0.09796818905369072 0.3334302529375712 0.4313984419912619
2.3957e-06     -0.1250531243045392 -0.1129269182078248 0.3258725482341758 0.4387994664420006
2.3982e-06     -0.1412521677631697 -0.1276680825394725 0.318411406586405 0.4460794891258775
2.4007e-06     -0.1571906652350268 -0.1421655453755802 0.3110592869917684 0.4532248323673487
2.4032e-06     -0.1728392177558891 -0.15639380491129 0.3038282504444452 0.4602220553557352
2.4057e-06     -0.1881689565917877 -0.1703263199105307 0.2967322724740281 0.4670585923845588
2.4082e-06     -0.2031516085220221 -0.1839360133912948 0.2897859019799243 0.473721915371219
2.4107e-06     -0.2177595404107147 -0.1971957197690302 0.2830042660744196 0.4801999858434499
2.4132e-06     -0.2319658042741288 -0.2100789371265158 0.2764029026969105 0.4864818398234262
2.4157e-06     -0.2457441910701296 -0.222558009229045 0.2699992059562115 0.4925572151852565
2.4182e-06     -0.2590692830437772 -0.2344544641572952 0.2639635904397371 0.4984180545970323
2.4207e-06     -0.2719165281808074 -0.2460535261011144 0.2579964362169531 0.5040499623180675
2.4232e-06     -0.2842622104850556 -0.2571875249738289 0.2522579906537462 0.5094455156275751
2.4257e-06     -0.2960835572624008 -0.2678361644354821 0.2467608664700222 0.5145970309055042
2.4282e-06     -0.3073587617839692 -0.2779750429840273 0.2415166978247054 0.5194917408087327
2.4307e-06     -0.3180670302753464 -0.2876052213549142 0.2365324194743159 0.5241376408292301
2.4332e-06     -0.3281886114175041 -0.2967022498395587 0.2318180784527464 0.528520328292305
2.4357e-06     -0.3377048347057088 -0.3052469048774287 0.2273841097229262 0.532631014600355
2.4382e-06     -0.3465981461407295 -0.3132215351726984 0.2232415051961724 0.5364630403688707
2.4407e-06     -0.3548521464799048 -0.3206135199504409 0.2193959366539019 0.5400094566043427
2.4432e-06     -0.3624515544430365 -0.3270974938651016 0.216154646121183 0.5432521399862846
2.4457e-06     -0.369382451886294 -0.3333045617736641 0.2129114223669145 0.5462159841405787
2.4482e-06     -0.3756320067661107 -0.3389031340911117 0.2099828518977183 0.54888598598883
2.4507e-06     -0.3811886915839596 -0.3438845782444446 0.2073736304359647 0.5512582086804093
2.4532e-06     -0.3860422893781874 -0.3485375848343434 0.204828472357363 0.5533660571917064
2.4557e-06     -0.3901837741805584 -0.3522530515657951 0.2028858235787179 0.555138875144513
2.4582e-06     -0.3936055305914225 -0.3550430111353298 0.2015237681369655 0.5565667792722953
2.4607e-06     -0.3963012886974036 -0.3574810597936227 0.2002442473389643 0.5577253071325869
2.4632e-06     -0.3982660513331888 -0.3592719057555636 0.1993037391019331 0.5585756448574968
2.4657e-06     -0.3994961942564464 -0.3604115953713324 0.1987051557802499 0.5591167511515823
2.4682e-06     -0.3999894483987742 -0.360898212565038 0.1984497672766233 0.5593479798416614
2.4707e-06     -0.3997449039319902 -0.3607309942434878 0.1985380592763741 0.559269053519862
2.4732e-06     -0.3987630119279915 -0.3599102025291573 0.1989698616117402 0.5588800641408974
2.4757e-06     -0.3970455835326424 -0.3584371276651044 0.1997443455825209 0.5581814732476253
2.4782e-06     -0.3945957867202991 -0.3563148478231752 0.2008592561558903 0.5571741039790654
2.4807e-06     -0.3914181624939519 -0.3538363804023636 0.2020611980604358 0.5558975784627993
2.4832e-06     -0.3875185345945149 -0.3504323791079763 0.2038421786841581 0.5542745577921344
2.4857e-06     -0.3829040752194308 -0.3460909137000077 0.2062228021208393 0.5523137158208469
2.4882e-06     -0.3775833613282213 -0.3414153161227339 0.208672232724314 0.5500875488470478
2.4907e-06     -0.3715661777065192 -0.3361164238041471 0.2114472713919837 0.5475636951961308
2.4932e-06     -0.3648636236834898 -0.3302053752311235 0.2145381526563161 0.5447435278874396
2.4957e-06     -0.357488062328383 -0.3236911221966737 0.217940229192067 0.5416313513887406
2.4982e-06     -0.3494531411584357 -0.3169061646566744 0.2213329311836404 0.5382390958403148
2.5007e-06     -0.3407735957559926 -0.3092154549961781 0.2253313397184272 0.5345467947146052
2.5032e-06     -0.3314654780903434 -0.3009472293033875 0.2296244792207214 0.530571708524109
2.5057e-06     -0.3215459569740389 -0.2921183847731317 0.2342031154065914 0.5263215001797231
2.5082e-06     -0.3110333323864376 -0.2827460324019618 0.2390571444393572 0.5218031768413189
2.5107e-06     -0.2999469930377072 -0.2728574039270107 0.2441741168558451 0.5170315207828559
2.5132e-06     -0.28830738829227 -0.262452609026709 0.249550331079016 0.512002940105725
2.5157e-06     -0.2761359849436169 -0.2515535195678838 0.2551721267185798 0.5067256462864635
2.5182e-06     -0.2634552354764944 -0.240179166819204 0.2610290228568712 0.5012081896760753
2.5207e-06     -0.2502885445851011 -0.228502413830007 0.2669541956046875 0.4954566094346946
2.5232e-06     -0.2366601800028637 -0.2162290003277418 0.2732569384692115 0.4894859387969533
2.5257e-06     -0.2225952845225085 -0.2035400867756118 0.2797634110636314 0.4833034978392432
2.5282e-06     -0.2081197957505883 -0.1904610296076239 0.2864586711529639 0.4769197007605878
2.5307e-06     -0.1932604232519822 -0.1770189271906205 0.2933261080624905 0.4703450352531111
2.5332e-06     -0.1780445745211561 -0.1632407354848504 0.3003504183440398 0.4635911538288902
2.5357e-06     -0.1625003105261575 -0.1491536609015992 0.3075167857684696 0.4566704466700688
2.5382e-06     -0.1466563063187919 -0.134784464849694 0.3148108585693972 0.4495953234190912
2.5407e-06     -0.1305417880974642 -0.1201592479045372 0.3222195941418669 0.442378842046404
2.5432e-06     -0.1141864802117444 -0.1053036571554686 0.3297309143545955 0.435034571510064
2.5457e-06     -0.09762055029159855 -0.09024372246548643 0.3373327542664051 0.4275764767318915
2.5482e-06     -0.08087455539602868 -0.07500532881915291 0.345013616933831 0.4200189457529839
2.5507e-06     -0.06397938472210837 -0.05961345932263478 0.3527639567458703 0.4123774160685051
2.5532e-06     -0.0469662027963164 -0.04409953924492684 0.3605653895696792 0.4046649288146061
2.5557e-06     -0.02986639083170266 -0.02848945430867493 0.3684086861775357 0.3968981404862106
2.5582e-06     -0.0127114897343469 -0.01281369919015586 0.3762791995348693 0.3890928987250251
2.5607e-06     0.004466858339265337 0.002894755206519906 0.3841500290547556 0.3812552738482357
2.5632e-06     0.02163696697821871 0.01859519258077688 0.3919715085852929 0.373376316004516
2.5657e-06     0.03876716556245496 0.03425055904550967 0.3997638019417741 0.3655132428962644
2.5682e-06     0.05582585723527148 0.04982865763191337 0.4075112496612033 0.3576825920292899
2.5707e-06     0.07278157728669966 0.06529973740251985 0.4151989348772614 0.3498991974747416
2.5732e-06     0.08960304975108263 0.08063928258656991 0.4228102355754083 0.3421709529888384
2.5757e-06     0.1062592461409877 0.09581497552362717 0.4303321020013727 0.3345171264777456
2.5782e-06     0.1227194429312963 0.1108026759853625 0.4377492597113939 0.3269465837260314
2.5807e-06     0.1389532786138525 0.1255765510539175 0.4450474036040963 0.3194708525501789
2.5832e-06     0.154930808579548 0.1401103433798824 0.4522128323139041 0.3121024889340218
2.5857e-06     0.1706225620714449 0.1543786821288697 0.4592320133250844 0.3048533311962147
