
time (s)       VT("/biP<0>") (V)


2.6e-08        0.8999857125709597 
2.85e-08       -1.400453492495578e-05 
3.1e-08        -5.537401493922061e-06 
3.35e-08       -1.463015364092265e-05 
3.6e-08        0.8999875774512134 
3.85e-08       0.899990372457304 
4.1e-08        0.8999927976494619 
4.35e-08       1.410503622167752e-06 
4.6e-08        3.729018920563477e-06 
4.85e-08       5.21283579101518e-06 
5.1e-08        0.8999969823954228 
5.35e-08       0.8999972115082702 
5.600000000000001e-08 0.8999976003641688 
5.85e-08       0.8999976612884298 
6.1e-08        0.8999977065668588 
6.350000000000001e-08 0.8999977235739721 
6.600000000000001e-08 8.832303963133563e-06 
6.850000000000001e-08 9.214160071469346e-06 
7.1e-08        9.493128096997977e-06 
7.35e-08       0.89999826238522 
7.599999999999999e-08 0.8999981799906219 
7.849999999999999e-08 0.8999984186171889 
8.1e-08        1.023176632304522e-05 
8.35e-08       1.02149675359918e-05 
8.6e-08        0.899998290989537 
8.85e-08       1.013383742024646e-05 
9.100000000000001e-08 0.8999980867350992 
9.350000000000001e-08 0.8999979504113214 
9.600000000000001e-08 0.8999979549389517 
9.850000000000002e-08 0.8999982492798353 
1.01e-07       1.040962151122225e-05 
1.035e-07      0.8999983592089708 
1.06e-07       1.043148553426424e-05 
1.085e-07      0.8999984938836983 
1.11e-07       0.8999983318346505 
1.135e-07      0.8999979928965485 
1.16e-07       9.215864671998113e-06 
1.185e-07      8.783684928241665e-06 
1.21e-07       8.630138294681363e-06 
1.235e-07      8.362135292463971e-06 
1.26e-07       0.8999976685140325 
1.285e-07      0.8999973984228256 
1.31e-07       0.8999973009922863 
1.335e-07      0.8999968575608991 
1.36e-07       0.8999964242539822 
1.385e-07      0.8999956134589812 
1.41e-07       0.8999944320902203 
1.435e-07      -1.7967675550624e-06 
1.46e-07       -5.60059877390638e-06 
1.485e-07      0.8999879904825279 
1.51e-07       0.8999845599670115 
1.535e-07      0.8999799257753579 
1.56e-07       -7.102876706358243e-06 
1.585e-07      0.8999854072733952 
1.61e-07       -8.805919897676021e-06 
1.635e-07      0.8999906469486141 
1.66e-07       0.8999929805530351 
1.685e-07      4.629615915886444e-08 
1.71e-07       1.037321311236626e-06 
1.735e-07      9.091937225887942e-07 
1.76e-07       0.8999935765363081 
1.785e-07      -3.068958619843311e-06 
1.81e-07       -6.696501743165485e-06 
1.835e-07      0.8999860568777995 
1.86e-07       0.8999845878379715 
1.885e-07      0.8999918845257766 
1.91e-07       0.8999936723394582 
1.935e-07      0.8999945018829039 
1.96e-07       1.385996177373183e-06 
1.985e-07      0.899994284000628 
2.01e-07       0.8999928555821776 
2.035e-07      -4.688169352194989e-06 
2.06e-07       0.8999881665809789 
2.085e-07      -1.354226472559591e-05 
2.11e-07       0.8999809531781305 
2.135e-07      -1.28891980923646e-05 
2.16e-07       0.8999885656796789 
2.185e-07      0.8999928682528456 
2.21e-07       3.669113444943251e-06 
2.235e-07      0.8999974664126534 
2.26e-07       0.899998048622852 
2.285e-07      0.8999982165799942 
2.31e-07       0.8999982880099691 
2.335e-07      1.035602749556441e-05 
2.36e-07       1.063744715188337e-05 
2.385e-07      1.077495786542111e-05 
2.41e-07       1.086055221721263e-05 
2.435e-07      0.8999979405213419 
2.46e-07       1.115004138305617e-05 
2.485e-07      0.8999981664475386 
2.51e-07       1.126238008148279e-05 
2.535e-07      0.8999969197835153 
2.56e-07       6.925363755333776e-06 
2.585e-07      4.815510266865407e-06 
2.61e-07       5.014541506035915e-06 
2.635e-07      0.8999945974482195 
2.66e-07       0.899997390931514 
2.685e-07      8.191871249435239e-06 
2.71e-07       0.899997635936223 
2.735e-07      9.232357731762418e-06 
2.76e-07       1.086912919301898e-05 
2.785e-07      1.060891832978688e-05 
2.81e-07       8.339893657894865e-06 
2.835e-07      9.015546259851454e-06 
2.86e-07       0.8999964071621536 
2.885e-07      0.8999947900191942 
2.91e-07       0.8999934929943521 
2.935e-07      6.12141465447082e-06 
2.96e-07       9.358503943303483e-06 
2.985e-07      0.8999975849824934 
3.01e-07       1.136643478233328e-05 
3.035e-07      1.121830373347524e-05 
3.06e-07       1.099061214487467e-05 
3.085e-07      0.8999980138944206 
3.11e-07       1.09498818147002e-05 
3.135e-07      0.8999979557785038 
3.16e-07       0.8999981222438184 
3.185e-07      1.016912347731505e-05 
3.21e-07       0.8999983390172603 
3.235e-07      9.049842497756971e-06 
3.26e-07       7.521142226271673e-06 
3.285e-07      0.8999963782170737 
3.31e-07       0.8999938700565825 
3.335e-07      0.8999898643922239 
3.36e-07       0.8999860139508562 
3.385e-07      0.8999955918616787 
3.41e-07       -1.276179592654457e-05 
3.435e-07      -9.576881342386573e-06 
3.46e-07       -5.788823963457251e-06 
3.485e-07      -2.74104995642417e-06 
3.51e-07       0.8999938485687088 
3.535e-07      0.8999942302922601 
3.56e-07       0.8999942690449908 
3.585e-07      -3.059481192091846e-07 
3.61e-07       0.8999921324186118 
3.635e-07      0.899989993071622 
3.66e-07       0.8999863908922017 
3.685e-07      -1.291419861709839e-05 
3.71e-07       -3.6150604406883e-06 
3.735e-07      -4.503493029777107e-07 
3.76e-07       0.899994695020375 
3.785e-07      0.8999949509741795 
3.81e-07       7.587430242951768e-07 
3.835e-07      -1.171570607288579e-06 
3.86e-07       0.8999917852570375 
3.885e-07      0.8999888754570636 
3.91e-07       -1.223088427999231e-05 
3.935e-07      -1.254305515288295e-05 
3.96e-07       0.8999967692330822 
3.985e-07      -1.198409914271215e-05 
4.01e-07       0.8999872891690488 
4.035e-07      0.8999894762000198 
4.06e-07       -1.892391420604496e-06 
4.085e-07      5.388714095223381e-07 
4.11e-07       3.118612984674778e-06 
4.135e-07      0.8999962590676375 
4.16e-07       0.8999967347668211 
4.185e-07      6.847313354693566e-06 
4.21e-07       0.8999976202659918 
4.235e-07      0.8999977708022727 
4.26e-07       8.311819550072045e-06 
4.285e-07      8.560073975187586e-06 
4.31e-07       0.899997923870374 
4.335e-07      0.8999978414533893 
4.36e-07       9.442535487624842e-06 
4.385e-07      0.8999983056443283 
4.41e-07       0.8999983891962718 
4.435e-07      0.899998260569428 
4.46e-07       1.041556942942057e-05 
4.485e-07      1.019743173679367e-05 
4.51e-07       0.8999982793985642 
4.535e-07      1.023587680959585e-05 
4.56e-07       0.8999981003631663 
4.585e-07      0.8999982449274136 
4.61e-07       0.8999979329475105 
4.635e-07      0.8999982430091537 
4.66e-07       0.8999983135883146 
4.685e-07      1.040378267212618e-05 
4.71e-07       1.040912350743503e-05 
4.735e-07      1.039543614370462e-05 
4.76e-07       0.8999982161202097 
4.785000000000001e-07 0.8999982282628174 
4.81e-07       0.899997893161352 
4.835e-07      0.8999980154299539 
4.86e-07       0.8999978066083847 
4.885000000000001e-07 8.707558325552901e-06 
4.91e-07       8.167979908710652e-06 
4.935e-07      7.699849957393515e-06 
4.96e-07       0.8999975014076338 
4.985000000000001e-07 0.8999970726791207 
5.010000000000001e-07 5.418333952578441e-06 
5.035e-07      4.013859913198383e-06 
5.060000000000001e-07 0.8999949777485531 
5.085000000000001e-07 0.89999339344826 
5.110000000000001e-07 -4.368132633267482e-06 
5.135e-07      0.8999885172506086 
5.16e-07       -1.381057292526817e-05 
5.185000000000001e-07 -1.289136278865179e-05 
5.210000000000001e-07 1.913109648448773e-05 
5.235e-07      -1.439839032274012e-05 
5.26e-07       -1.00564125740023e-05 
5.285000000000001e-07 0.8999896848267419 
5.310000000000001e-07 -2.084645608384294e-06 
5.335000000000001e-07 0.8999938227390994 
5.36e-07       8.773509612767254e-07 
5.385e-07      1.04817390877424e-06 
5.410000000000001e-07 0.8999938526016553 
5.435000000000001e-07 0.8999928277254627 
5.46e-07       0.8999904864264452 
5.485e-07      0.8999877142622479 
5.510000000000001e-07 -1.463946311848109e-05 
5.535000000000001e-07 0.8999911743076481 
5.560000000000001e-07 -8.936086361545037e-07 
5.585e-07      0.8999946057379026 
5.61e-07       1.359067465754243e-06 
5.635000000000001e-07 0.899994155287536 
5.660000000000001e-07 -2.808895515434467e-07 
5.685e-07      0.899991903144633 
5.71e-07       0.8999887286789841 
5.735000000000001e-07 -1.187151794898568e-05 
5.760000000000001e-07 0.8999831605223503 
5.785000000000001e-07 0.9000005341300907 
5.81e-07       0.8999878136079027 
5.835000000000001e-07 0.8999918481583371 
5.860000000000001e-07 0.8999951308745751 
5.885000000000001e-07 0.8999970519748742 
5.91e-07       0.8999979157165754 
5.935e-07      9.534212222049623e-06 
5.960000000000001e-07 0.8999983114777559 
5.985000000000001e-07 0.8999981065283194 
6.01e-07       1.055099134121383e-05 
6.035e-07      1.074495126288802e-05 
6.060000000000001e-07 1.083119673527519e-05 
6.085000000000001e-07 0.8999980423371412 
6.110000000000001e-07 1.115229101449945e-05 
6.135e-07      1.132259673520095e-05 
6.16e-07       1.135901822836394e-05 
6.185000000000001e-07 1.064311261336486e-05 
6.210000000000001e-07 0.8999949473338537 
6.235e-07      5.35249713568412e-06 
6.26e-07       4.86793999783695e-06 
6.285000000000001e-07 6.845510663761366e-06 
6.310000000000001e-07 0.8999970474862942 
6.335000000000001e-07 9.492003737775275e-06 
6.36e-07       0.8999986039833746 
6.385000000000001e-07 1.07501535831444e-05 
6.410000000000001e-07 9.339698487663161e-06 
6.435000000000001e-07 1.073232063446358e-05 
6.46e-07       8.67165880319109e-06 
6.485e-07      7.804612854464471e-06 
6.510000000000001e-07 0.8999968330431302 
6.535000000000001e-07 6.479813828250598e-06 
6.560000000000001e-07 0.8999937902571705 
6.585e-07      5.505587391243292e-06 
6.610000000000001e-07 8.333712861315428e-06 
6.635000000000001e-07 1.088958722985189e-05 
6.660000000000001e-07 1.136784181231431e-05 
6.685e-07      1.128153950055465e-05 
6.71e-07       0.8999980892731878 
6.735000000000001e-07 0.8999980345830564 
6.760000000000001e-07 1.081897249703359e-05 
6.785e-07      1.072281595720709e-05 
6.81e-07       1.070678441204802e-05 
6.835000000000001e-07 0.8999982371802066 
6.860000000000001e-07 0.8999983164426151 
6.885000000000001e-07 9.372458233534899e-06 
6.91e-07       8.07982308656696e-06 
6.935e-07      0.8999968078939548 
6.960000000000001e-07 1.532019869683955e-06 
6.985000000000001e-07 -4.399031303883286e-06 
7.01e-07       -1.022084125241299e-05 
7.035e-07      -1.247237375144581e-05 
7.060000000000001e-07 0.899981572138996 
7.085000000000001e-07 -1.128822484776291e-05 
7.110000000000001e-07 -6.923277036911664e-06 
7.135e-07      -3.514523339369124e-06 
7.160000000000001e-07 0.8999935872954818 
7.185000000000001e-07 5.000983424829136e-07 
7.210000000000001e-07 0.8999942885837244 
7.235e-07      0.8999937480540289 
7.26e-07       -1.975584921962749e-06 
7.285000000000001e-07 0.8999905097535488 
7.310000000000001e-07 -8.949303447112695e-06 
7.335e-07      0.8999801046017715 
7.36e-07       -4.7769819174486e-06 
7.385000000000001e-07 0.8999931204011521 
7.410000000000001e-07 8.845804658745714e-07 
7.435000000000001e-07 0.8999948701636906 
7.46e-07       1.091723497528562e-06 
7.485e-07      2.862703569050007e-07 
7.510000000000001e-07 0.8999923919306227 
7.535000000000001e-07 -6.487800544609595e-06 
7.56e-07       0.8999873206946291 
7.585e-07      -1.178168059538815e-05 
7.610000000000001e-07 0.8999845305840604 
7.635000000000001e-07 0.8999800873573469 
7.660000000000001e-07 -1.328671676933063e-05 
7.685e-07      0.8999888393816629 
7.710000000000001e-07 0.8999921138704956 
7.735000000000001e-07 -3.5876135489564e-07 
7.760000000000001e-07 2.548122044563172e-06 
7.785e-07      0.8999959993736016 
7.81e-07       0.8999965841202702 
7.835000000000001e-07 6.678458358896431e-06 
7.860000000000001e-07 7.492019105171901e-06 
7.885000000000001e-07 0.8999975721422796 
7.91e-07       8.287200205272849e-06 
7.935000000000001e-07 0.8999976311632859 
7.960000000000001e-07 8.610713326224463e-06 
7.985000000000001e-07 9.136689797207744e-06 
8.01e-07       0.8999981320163296 
8.035e-07      0.899998254165942 
8.060000000000001e-07 0.899998380300667 
8.085000000000001e-07 0.8999985093196091 
8.11e-07       0.899998198825138 
8.135e-07      1.020199231775046e-05 
8.160000000000001e-07 0.8999982600077694 
8.185000000000001e-07 1.03246536026508e-05 
8.210000000000001e-07 0.8999981174831793 
8.235e-07      0.8999978897770542 
8.26e-07       0.899997917149149 
8.285000000000001e-07 0.8999982537707336 
8.310000000000001e-07 0.8999981926528325 
8.335e-07      1.039911456048095e-05 
8.36e-07       0.8999983875323904 
8.385000000000001e-07 0.8999983052384577 
8.410000000000001e-07 0.899998429879364 
8.435000000000001e-07 0.8999982512245829 
8.46e-07       0.8999979328754881 
8.485000000000001e-07 9.145100815828003e-06 
8.510000000000001e-07 0.8999975651475967 
8.535000000000001e-07 0.8999977389056064 
8.56e-07       8.286557813056276e-06 
8.585e-07      0.8999975958097772 
8.610000000000001e-07 7.572842455908371e-06 
8.635000000000001e-07 0.8999972074018616 
8.660000000000001e-07 0.8999967689615759 
8.685e-07      0.8999961251404875 
8.710000000000001e-07 2.755531070268279e-06 
8.735000000000001e-07 1.071333930552262e-08 
8.760000000000001e-07 0.899991852294335 
8.785e-07      0.8999890688244128 
8.81e-07       -1.18090243463556e-05 
8.835000000000001e-07 -1.237922776956063e-05 
8.860000000000001e-07 1.109547331583695e-06 
8.885e-07      -1.315968905446116e-05 
8.91e-07       0.8999867180438104 
8.935000000000001e-07 0.899988975334668 
8.960000000000001e-07 0.8999920131867991 
8.985000000000001e-07 -1.011897691113811e-06 
9.01e-07       5.601421294221296e-07 
9.035000000000001e-07 0.8999944042154703 
9.060000000000001e-07 5.105613520655242e-07 
9.085000000000001e-07 0.8999929951205023 
9.11e-07       -4.63632340000375e-06 
9.135e-07      -7.906291530661941e-06 
9.160000000000001e-07 0.8999798248786183 
9.185000000000001e-07 -1.2522370838659e-05 
9.210000000000001e-07 0.8999927026564851 
9.235e-07      0.8999940984267591 
9.260000000000001e-07 0.8999945962746532 
9.285000000000001e-07 1.101653601735276e-06 
9.310000000000001e-07 0.8999935165835711 
9.335e-07      0.8999921628365509 
9.36e-07       -6.181103569192382e-06 
9.385000000000001e-07 0.899987590156979 
9.410000000000001e-07 -1.226035681625058e-05 
9.435000000000001e-07 -7.511328452674485e-06 
9.46e-07       -1.357129161296199e-05 
9.485000000000001e-07 0.8999904765558028 
9.510000000000001e-07 0.8999944001796711 
9.535000000000001e-07 0.8999969885570546 
9.56e-07       8.405773170561315e-06 
9.585e-07      0.8999982581733901 
9.61e-07       9.926809347512071e-06 
9.635e-07      1.02162363997714e-05 
9.659999999999999e-07 0.8999981566507128 
9.684999999999999e-07 0.8999980498599377 
9.710000000000001e-07 1.096848983716562e-05 
9.735000000000001e-07 1.069103523383851e-05 
9.760000000000001e-07 0.8999980762875547 
9.785e-07      0.899998156523046 
9.81e-07       0.8999980128317312 
9.835e-07      1.107889120811701e-05 
9.860000000000002e-07 8.839338014941725e-06 
9.885000000000001e-07 5.882034092931152e-06 
9.910000000000001e-07 4.755123881683332e-06 
9.935000000000001e-07 5.320192816075818e-06 
9.960000000000001e-07 0.8999966673186707 
9.985000000000001e-07 0.8999976091787945 
1.001e-06      0.8999984731275844 
1.0035e-06     1.065870009459447e-05 
1.006e-06      9.226118646888624e-06 
1.0085e-06     9.13583069678769e-06 
1.011e-06      1.038552795948425e-05 
1.0135e-06     9.60534586365104e-06 
1.016e-06      0.8999972158622463 
1.0185e-06     6.979374160021448e-06 
1.021e-06      0.8999940360597581 
1.0235e-06     4.972348873618301e-06 
1.026e-06      7.414325871782147e-06 
1.0285e-06     1.045370274874909e-05 
1.031e-06      1.132052062189286e-05 
1.0335e-06     1.135443364448499e-05 
1.036e-06      1.118834359027277e-05 
1.0385e-06     1.080414315824876e-05 
1.041e-06      1.084512231208687e-05 
1.0435e-06     0.8999980209473799 
1.046e-06      1.071367132796218e-05 
1.0485e-06     0.8999982086095879 
1.051e-06      0.8999982755500113 
1.0535e-06     9.59621196185047e-06 
1.056e-06      8.57620513768622e-06 
1.0585e-06     0.8999973038498088 
1.061e-06      0.8999955506742603 
1.0635e-06     0.8999923310046761 
1.066e-06      -8.744391312683065e-06 
1.0685e-06     0.8999835362159178 
1.071e-06      0.8999798917512608 
1.0735e-06     -1.304081797526664e-05 
1.076e-06      0.8999884120347783 
1.0785e-06     -4.337748760650846e-06 
1.081e-06      -1.582782406730664e-06 
1.0835e-06     1.915333223128768e-07 
1.086e-06      0.8999943184170727 
1.0885e-06     0.8999940791008256 
1.091e-06      -4.66557403081941e-07 
1.0935e-06     -3.453069018339228e-06 
1.096e-06      0.8999884217691027 
1.0985e-06     0.8999829631089871 
1.101e-06      0.8999861470777666 
1.1035e-06     0.89999252885966 
1.106e-06      4.412547842460434e-07 
1.1085e-06     0.8999946913592793 
1.111e-06      1.38522254709004e-06 
1.1135e-06     8.102816883907026e-08 
1.116e-06      -1.471582465974489e-06 
1.1185e-06     -5.353065965856389e-06 
1.121e-06      0.8999882623874368 
1.1235e-06     0.8999851841255526 
1.126e-06      -1.206579055793825e-05 
1.1285e-06     -8.134081409677495e-06 
1.131e-06      -1.425351840654263e-05 
1.1335e-06     -8.811726453184297e-06 
1.136e-06      -4.073983810649633e-06 
1.1385e-06     -4.376061166906681e-07 
1.141e-06      1.712566475613712e-06 
1.1435e-06     0.8999958798922795 
1.146e-06      0.8999965591776463 
1.1485e-06     6.409867648412724e-06 
1.151e-06      0.8999973515288945 
1.1535e-06     7.639792858067712e-06 
1.156e-06      0.8999977491369309 
1.1585e-06     8.389518969150759e-06 
1.161e-06      0.8999975959511849 
1.1635e-06     9.091832815087307e-06 
1.166e-06      0.8999980772817497 
1.1685e-06     0.8999982091266489 
1.171e-06      9.806244942701004e-06 
1.1735e-06     0.8999984403433355 
1.176e-06      0.899998188514477 
1.1785e-06     1.040693286633016e-05 
1.181e-06      1.035819237930879e-05 
1.1835e-06     1.038927375527542e-05 
1.186e-06      1.020019695547622e-05 
1.1885e-06     0.8999980882969322 
1.191e-06      0.8999981469329806 
1.1935e-06     0.8999981521770735 
1.196e-06      0.8999980445217243 
1.1985e-06     1.03980910987368e-05 
1.201e-06      0.8999983676313598 
1.2035e-06     1.047651216514734e-05 
1.206e-06      0.8999984106038795 
1.2085e-06     0.8999983166927898 
1.211e-06      0.8999980170373253 
1.2135e-06     0.8999978485966339 
1.216e-06      8.721290791503856e-06 
1.2185e-06     0.8999978149459276 
1.221e-06      8.307982083718866e-06 
1.2235e-06     0.899997770946208 
1.226e-06      7.510924586703111e-06 
1.2285e-06     0.8999972429192783 
1.231e-06      0.89999696715573 
1.2335e-06     4.849433124139658e-06 
1.236e-06      0.8999956296374676 
1.2385e-06     8.422247719944043e-07 
1.241e-06      -2.296178805254385e-06 
1.2435e-06     -6.165004035662602e-06 
1.246e-06      -9.982131223883078e-06 
1.2485e-06     0.8999842231038141 
1.251e-06      0.8999802104242606 
1.2535e-06     -1.118746705011123e-05 
1.256e-06      0.8999858632475084 
1.2585e-06     -8.355144191383262e-06 
1.261e-06      0.8999909759877235 
1.2635e-06     -9.052666053674123e-07 
1.266e-06      0.8999937650419434 
1.2685e-06     1.070627798451401e-06 
1.271e-06      7.644691761487797e-07 
1.2735e-06     0.8999936988718481 
1.276e-06      0.8999916272476981 
1.2785e-06     -7.234501347341833e-06 
1.281e-06      -1.116645338507899e-05 
1.2835e-06     -1.022345712840419e-05 
1.286e-06      0.8999919055295177 
1.2885e-06     0.8999938252158334 
1.291e-06      0.8999947784225564 
1.2935e-06     0.8999945324666289 
1.296e-06      0.8999938773897358 
1.2985e-06     -1.346094573211891e-06 
1.301e-06      0.8999905086470019 
1.3035e-06     -8.943368534420387e-06 
1.306e-06      -1.371876687542012e-05 
1.3085e-06     0.8999801030223308 
1.311e-06      0.8999828790405787 
1.3135e-06     0.8999891410664261 
1.316e-06      -6.637444261593041e-07 
1.3185e-06     4.20996930891002e-06 
1.321e-06      7.908571723601722e-06 
1.3235e-06     0.899997962345623 
1.326e-06      0.8999982213406825 
1.3285e-06     0.8999982784357125 
1.331e-06      1.039237447878728e-05 
1.3335e-06     1.070208565026843e-05 
1.336e-06      1.0796996113243e-05 
1.3385e-06     1.064399940305456e-05 
1.341e-06      1.094681664730482e-05 
1.3435e-06     1.119266460118454e-05 
1.346e-06      0.89999815130389 
1.3485e-06     0.8999978193987315 
1.351e-06      0.8999966287526704 
1.3535e-06     6.470616367459712e-06 
1.356e-06      4.681193887549969e-06 
1.3585e-06     5.102820683171401e-06 
1.361e-06      0.8999962186254171 
1.3635e-06     0.8999973469080573 
1.366e-06      9.902761745917591e-06 
1.3685e-06     0.8999988246649356 
1.371e-06      1.084194396521677e-05 
1.3735e-06     1.085221510254736e-05 
1.376e-06      9.023657925340525e-06 
1.3785e-06     8.216970406901486e-06 
1.381e-06      0.8999975297507516 
1.3835e-06     7.459671445614953e-06 
1.386e-06      0.8999945287343186 
1.3885e-06     4.915607484381428e-06 
1.391e-06      6.497646175920924e-06 
1.3935e-06     9.958008318788382e-06 
1.396e-06      0.8999978279577648 
1.3985e-06     0.8999981541409087 
1.401e-06      0.8999981331122591 
1.4035e-06     0.8999980450823587 
1.406e-06      1.064800818127073e-05 
1.4085e-06     1.079927773796607e-05 
1.411e-06      1.068484165227397e-05 
1.4135e-06     1.037829642225737e-05 
1.416e-06      1.012682012746827e-05 
1.4185e-06     9.751400793151538e-06 
1.421e-06      8.821922371405504e-06 
1.4235e-06     0.8999975392456913 
1.426e-06      0.8999960908834059 
1.4285e-06     -8.341173813651297e-07 
1.431e-06      -7.146020174096471e-06 
1.4335e-06     -1.464072945379745e-05 
1.436e-06      0.8999825187153252 
1.4385e-06     -1.34011107262838e-05 
1.441e-06      0.8999883302621865 
1.4435e-06     -5.304893913644831e-06 
1.446e-06      -2.324387704787799e-06 
1.4485e-06     0.8999937053642043 
1.451e-06      0.8999942856319068 
1.4535e-06     0.8999942265673121 
1.456e-06      -5.285366077768635e-07 
1.4585e-06     0.8999918386909718 
1.461e-06      0.8999897015803447 
1.4635e-06     -1.049355776993413e-05 
1.466e-06      -1.356126345130214e-05 
1.4685e-06     -3.073252804929684e-06 
1.471e-06      6.230763551517374e-07 
1.4735e-06     1.316498413625841e-06 
1.476e-06      0.8999949277227287 
1.4785e-06     1.313590651108643e-06 
1.481e-06      -1.48575061368235e-06 
1.4835e-06     0.8999914716484396 
1.486e-06      -8.126283160212139e-06 
1.4885e-06     0.8999859272012765 
1.491e-06      -1.293946873408833e-05 
1.4935e-06     0.899988151939636 
1.496e-06      -1.24257691270443e-05 
1.4985e-06     -9.798670970622337e-06 
1.501e-06      0.899989930716126 
1.5035e-06     -1.380562076371963e-06 
1.506e-06      9.18378256579497e-07 
1.5085e-06     3.394873800918751e-06 
1.511e-06      4.855079216944889e-06 
1.5135e-06     0.8999969818528155 
1.516e-06      0.8999973467980947 
1.5185e-06     0.899997388961579 
1.521e-06      0.8999977887673314 
1.5235e-06     8.334553873786928e-06 
1.526e-06      0.8999977531663629 
1.5285e-06     8.943292809948697e-06 
1.531e-06      0.8999980455328255 
1.5335e-06     9.504592626874002e-06 
1.536e-06      0.8999984419616061 
1.5385e-06     0.8999983902655175 
1.541e-06      0.8999982745279824 
1.5435e-06     1.041348170419478e-05 
1.546e-06      1.041368107354414e-05 
1.5485e-06     0.8999982667375915 
1.551e-06      1.024353698216672e-05 
1.5535e-06     0.899998094145376 
1.556e-06      0.8999978930875112 
1.5585e-06     0.8999979457603673 
1.561e-06      0.8999980320261244 
1.5635e-06     0.8999981116168152 
1.566e-06      1.038257674233704e-05 
1.5685e-06     1.041774421999024e-05 
1.571e-06      1.041092329333685e-05 
1.5735e-06     0.8999984208394146 
1.576e-06      0.8999982325543894 
1.5785e-06     9.235423857954835e-06 
1.581e-06      0.8999980091383901 
1.5835e-06     0.8999977961562151 
1.586e-06      0.8999977330883934 
1.5885e-06     8.292253202451891e-06 
1.591e-06      0.899997524267634 
1.5935e-06     7.260434474433026e-06 
1.596e-06      6.363241873710058e-06 
1.5985e-06     0.8999964180446242 
1.601e-06      3.788351383534785e-06 
1.6035e-06     0.8999947709932131 
1.606e-06      0.8999931345452076 
1.6085e-06     -4.990952382595881e-06 
1.611e-06      -8.87260826125289e-06 
1.6135e-06     -1.430568619213434e-05 
1.616e-06      -1.26561950994863e-05 
1.6185e-06     8.519873752016233e-06 
1.621e-06      0.8999848617433657 
1.6235e-06     0.8999881900168213 
1.626e-06      0.8999902609525463 
1.6285e-06     0.8999924712056372 
1.631e-06      -1.687402658803425e-07 
1.6335e-06     9.536395406244114e-07 
1.636e-06      1.007349047428097e-06 
1.6385e-06     0.899993734857314 
1.641e-06      -1.823931848497128e-06 
1.6435e-06     -6.178690222295935e-06 
1.646e-06      -9.53443503758806e-06 
1.6485e-06     0.899984010800273 
1.651e-06      0.8999920306416419 
1.6535e-06     0.8999934767586645 
1.656e-06      1.615684098413845e-06 
1.6585e-06     1.353551557574584e-06 
1.661e-06      0.8999941159083233 
1.6635e-06     0.8999933164829875 
1.666e-06      -4.255812563051697e-06 
1.6685e-06     -7.924599354928258e-06 
1.671e-06      0.8999864037200879 
1.6735e-06     0.8999821598482828 
1.676e-06      -1.045916110529602e-05 
1.6785e-06     0.899988166173481 
1.681e-06      -2.501999978474931e-06 
1.6835e-06     3.039285295403411e-06 
1.686e-06      0.8999975487310706 
1.6885e-06     0.899997869383563 
1.691e-06      0.8999983349619513 
1.6935e-06     1.006428540774046e-05 
1.696e-06      1.033307936025808e-05 
1.6985e-06     0.8999981225481527 
1.701e-06      1.076044282797586e-05 
1.7035e-06     1.084028433854778e-05 
1.706e-06      0.8999980384569773 
1.7085e-06     0.8999981075987884 
1.711e-06      1.135949769232008e-05 
1.7135e-06     1.130673544301177e-05 
1.716e-06      0.8999971105789206 
1.7185e-06     7.470776484567264e-06 
1.721e-06      5.234170802619604e-06 
1.7235e-06     4.967666709430397e-06 
1.726e-06      0.8999957432664722 
1.7285e-06     0.8999970318497293 
1.731e-06      9.634745668251279e-06 
1.7335e-06     0.8999987005298201 
1.736e-06      1.078691884075959e-05 
1.7385e-06     9.233760707012072e-06 
1.741e-06      9.110349878420319e-06 
1.7435e-06     8.455678425641006e-06 
1.746e-06      9.182360967910562e-06 
1.7485e-06     0.8999966229129387 
1.751e-06      0.8999950527427287 
1.7535e-06     0.8999934451300489 
1.756e-06      5.722957015960314e-06 
1.7585e-06     8.841563608789741e-06 
1.761e-06      1.115811109011186e-05 
1.7635e-06     1.136381385849492e-05 
1.766e-06      1.124445788224833e-05 
1.7685e-06     0.8999980734512101 
1.771e-06      0.8999980223638412 
1.7735e-06     0.8999979935501998 
1.776e-06      1.071688136228248e-05 
1.7785e-06     1.061524065946658e-05 
1.781e-06      0.899998248553355 
1.7835e-06     0.899998340128212 
1.786e-06      9.224919788395234e-06 
1.7885e-06     7.815005687852935e-06 
1.791e-06      0.8999965881094997 
1.7935e-06     8.11775548961483e-07 
1.796e-06      0.8999905229695035 
1.7985e-06     0.899986828352348 
1.801e-06      0.8999840078141574 
1.8035e-06     0.8999828317028428 
1.806e-06      0.8999874468389575 
1.8085e-06     -6.344932605543114e-06 
1.811e-06      0.899992302205995 
1.8135e-06     8.379147687493373e-08 
1.816e-06      0.8999941782905584 
1.8185e-06     0.8999942800304881 
1.821e-06      -1.079691740947578e-07 
1.8235e-06     -1.517780329504155e-06 
1.826e-06      -5.874776419317997e-06 
1.8285e-06     -9.356354724875031e-06 
1.831e-06      0.8999813313768372 
1.8335e-06     -4.166545904191923e-06 
1.836e-06      0.899993351855965 
1.8385e-06     1.709088925004604e-06 
1.841e-06      0.8999946943598317 
1.8435e-06     9.404345881261436e-07 
1.846e-06      0.8999933786710396 
1.8485e-06     -3.56548292473062e-06 
1.851e-06      -7.153771196903307e-06 
1.8535e-06     0.8999870783933276 
1.856e-06      -1.193939692777499e-05 
1.8585e-06     2.045932467353027e-05 
1.861e-06      0.8999804894827252 
1.8635e-06     -1.23112298142659e-05 
1.866e-06      -7.310824511123547e-06 
1.8685e-06     -2.430889803485061e-06 
1.871e-06      1.511449553427102e-07 
1.8735e-06     0.8999953847857914 
1.876e-06      4.472010710470236e-06 
1.8785e-06     5.7999172530265e-06 
1.881e-06      0.8999972378101374 
1.8835e-06     0.8999974501726969 
1.886e-06      0.8999975980217513 
1.8885e-06     8.286216976852751e-06 
1.891e-06      0.8999977251143493 
1.8935e-06     0.899997894921337 
1.896e-06      0.8999980263487647 
1.8985e-06     0.8999981348867983 
1.901e-06      9.632252160620747e-06 
1.9035e-06     0.8999983702857536 
1.906e-06      0.899998298271929 
1.9085e-06     1.041801760021466e-05 
1.911e-06      0.899998327838722 
1.9135e-06     0.8999982541220908 
1.916e-06      1.029552065496467e-05 
1.9185e-06     0.8999981083197254 
1.921e-06      0.8999981292460163 
1.9235e-06     0.89999792227335 
1.926e-06      0.8999981769194454 
1.9285e-06     0.8999981976644468 
1.931e-06      1.040032655617873e-05 
1.9335e-06     0.899998203404589 
1.936e-06      1.020749573440717e-05 
1.9385e-06     0.899998358875962 
1.941e-06      0.8999982477648258 
1.9435e-06     0.8999979287249186 
1.946e-06      0.8999980843770696 
1.9485e-06     0.89999775157405 
1.951e-06      8.446963616081345e-06 
1.9535e-06     8.249946723326546e-06 
1.956e-06      0.8999975713579836 
1.9585e-06     0.8999975396348066 
1.961e-06      0.8999971393182405 
1.9635e-06     5.582702934075246e-06 
1.966e-06      4.178288231029416e-06 
1.9685e-06     0.8999951836669006 
1.971e-06      0.8999936167725354 
1.9735e-06     -3.87476256862134e-06 
1.976e-06      0.8999888076268756 
1.9785e-06     0.8999863388697975 
1.981e-06      0.8999818684972279 
1.9835e-06     0.8999925799089589 
1.986e-06      -1.293278727696559e-05 
1.9885e-06     0.8999872991423851 
1.991e-06      0.8999894347902624 
1.9935e-06     0.8999919157365054 
1.996e-06      3.638530377173673e-09 
1.9985e-06     0.8999942008422513 
2.001e-06      1.063133805751553e-06 
2.0035e-06     3.177781938119325e-07 
2.006e-06      0.8999927693318229 
2.0085e-06     -4.495149928694499e-06 
2.011e-06      0.8999883235446623 
2.0135e-06     -9.04710333935653e-06 
2.016e-06      0.8999912675088297 
2.0185e-06     -1.284549722345689e-06 
2.021e-06      0.8999942275700666 
2.0235e-06     1.388000859738994e-06 
2.026e-06      8.89810646756025e-07 
2.0285e-06     0.8999933894476336 
2.031e-06      -2.555515768437012e-06 
2.0335e-06     0.8999894299404346 
2.036e-06      -1.091888026019685e-05 
2.0385e-06     0.8999839926083953 
2.041e-06      5.304178582471574e-06 
2.0435e-06     -1.408234064279192e-05 
2.046e-06      0.8999911269861748 
2.0485e-06     1.644536972573789e-06 
2.051e-06      5.690349695863558e-06 
2.0535e-06     0.8999980356351293 
2.056e-06      0.8999983020278155 
2.0585e-06     9.965493101906377e-06 
2.061e-06      1.025995053177438e-05 
2.0635e-06     0.8999981603467788 
2.066e-06      0.8999980378048663 
2.0685e-06     1.082229894535725e-05 
2.071e-06      0.8999979534114605 
2.0735e-06     0.8999980924596354 
2.076e-06      0.8999981732827695 
2.0785e-06     0.8999979917533477 
2.081e-06      1.082834983692389e-05 
2.0835e-06     8.126453373524639e-06 
2.086e-06      5.564222908485438e-06 
2.0885e-06     4.822004027334076e-06 
2.091e-06      5.394475655837229e-06 
2.0935e-06     0.8999966960141029 
2.096e-06      0.8999977237433769 
2.0985e-06     0.8999985542618103 
2.101e-06      1.070767799245122e-05 
2.1035e-06     9.236512958180946e-06 
2.106e-06      9.224378101167158e-06 
2.1085e-06     8.652622611565658e-06 
2.111e-06      9.463755997035993e-06 
2.1135e-06     0.8999970226790158 
2.116e-06      6.730185776535375e-06 
2.1185e-06     5.201757907506239e-06 
2.121e-06      5.009583694465465e-06 
2.1235e-06     7.829504272926915e-06 
2.126e-06      1.065994409608913e-05 
2.1285e-06     0.8999979778036038 
2.131e-06      1.131449541901713e-05 
2.1335e-06     1.114716665179226e-05 
2.136e-06      0.899998043697168 
2.1385e-06     1.082762828655442e-05 
2.141e-06      0.8999979259877416 
2.1435e-06     1.052962068487589e-05 
2.146e-06      1.027346225531144e-05 
2.1485e-06     9.997697209739443e-06 
2.151e-06      0.8999983071808476 
2.1535e-06     0.8999978955548097 
2.156e-06      6.164228818629047e-06 
2.1585e-06     2.273525957005001e-06 
2.161e-06      0.899991764334785 
2.1635e-06     0.8999878796561228 
2.166e-06      0.8999815887632907 
2.1685e-06     0.8999803718634005 
2.171e-06      -1.220031439360354e-05 
2.1735e-06     -7.533630065508795e-06 
2.176e-06      -3.285366981567754e-06 
2.1785e-06     0.8999933503941807 
2.181e-06      0.899993812648062 
2.1835e-06     8.398876476274998e-07 
2.186e-06      0.8999938490926899 
2.1885e-06     -1.47659697444043e-06 
2.191e-06      0.8999913373633396 
2.1935e-06     0.8999878117736554 
2.196e-06      -1.143083586224712e-05 
2.1985e-06     0.8999867801170531 
2.201e-06      -1.593239947921523e-06 
2.2035e-06     6.253806306064597e-07 
2.206e-06      1.539048990172628e-06 
2.2085e-06     0.8999945543372486 
2.211e-06      -1.652575874561695e-07 
2.2135e-06     -2.69144263537679e-06 
2.216e-06      0.8999897838419527 
2.2185e-06     -9.810497293649296e-06 
2.221e-06      0.8999847345020725 
2.2235e-06     0.8999802916382562 
2.226e-06      0.8999801029622914 
2.2285e-06     -1.38801594919643e-05 
2.231e-06      -8.322524463416441e-06 
2.2335e-06     -3.527782675776755e-06 
2.236e-06      0.8999933485991383 
2.2385e-06     2.121109422254862e-06 
2.241e-06      0.8999959888865475 
2.2435e-06     0.8999966442147073 
2.246e-06      6.525440543660849e-06 
2.2485e-06     7.39450511583436e-06 
2.251e-06      0.8999975488082974 
2.2535e-06     8.209848345136107e-06 
2.256e-06      8.433311013610177e-06 
2.2585e-06     8.849363254223501e-06 
2.261e-06      9.112807646738923e-06 
2.2635e-06     0.8999980934292854 
2.266e-06      0.899998336036145 
2.2685e-06     0.8999983481808786 
2.271e-06      0.8999984726523127 
2.2735e-06     0.8999982532694393 
2.276e-06      1.040662280967572e-05 
2.2785e-06     1.035420023205405e-05 
2.281e-06      1.035582649911187e-05 
2.2835e-06     0.8999981277968435 
2.286e-06      0.8999982462379266 
2.2885e-06     0.8999979086290288 
2.291e-06      0.8999979905466038 
2.2935e-06     0.8999980514699072 
2.296e-06      1.039781776775045e-05 
2.2985e-06     0.8999983772785692 
2.301e-06      1.048731040629727e-05 
2.3035e-06     0.8999984205584198 
2.306e-06      0.8999982895742017 
2.3085e-06     0.899998174633596 
2.311e-06      0.8999980324949246 
2.3135e-06     8.87053775820024e-06 
2.316e-06      0.8999977208060308 
2.3185e-06     0.8999977405181896 
2.321e-06      0.8999977643914208 
2.3235e-06     7.623805745520862e-06 
2.326e-06      0.8999972491640685 
2.3285e-06     5.882911494741061e-06 
2.331e-06      4.628996766373117e-06 
2.3335e-06     0.8999955017326112 
2.336e-06      0.8999940682042236 
2.3385e-06     -2.790373248496307e-06 
2.341e-06      -6.827197994457969e-06 
2.3435e-06     -1.094526097545162e-05 
2.346e-06      0.8999835832494555 
2.3485e-06     -6.235122979701172e-06 
2.351e-06      -1.312931596448341e-05 
2.3535e-06     0.8999863948473295 
2.356e-06      -7.59616006566642e-06 
2.3585e-06     0.8999911212578903 
2.361e-06      0.8999933343894322 
2.3635e-06     0.8999938426102367 
2.366e-06      1.093236203233167e-06 
2.3685e-06     6.124539862804147e-07 
2.371e-06      0.8999931900435065 
2.3735e-06     0.8999913200340072 
2.376e-06      -7.818188853715529e-06 
2.3785e-06     -1.434303383470629e-05 
2.381e-06      -9.754056495668161e-06 
2.3835e-06     -2.217244773571629e-06 
2.386e-06      0.8999939268378885 
2.3885e-06     1.314655115031213e-06 
2.391e-06      0.8999947702394047 
2.3935e-06     0.8999936940015218 
2.396e-06      0.8999923917153123 
2.3985e-06     0.89998997531798 
2.401e-06      -9.466544776246824e-06 
2.4035e-06     -1.303622566728562e-05 
2.406e-06      0.899979987817744 
2.4085e-06     0.8999840136477708 
2.411e-06      0.899989814676058 
2.4135e-06     0.8999938010933274 
2.416e-06      0.8999967823179372 
2.4185e-06     0.8999978809762843 
2.421e-06      0.8999981860120271 
2.4235e-06     9.806047068397459e-06 
2.426e-06      1.018701199594137e-05 
2.4285e-06     0.8999981279902933 
2.431e-06      1.070175971857974e-05 
2.4335e-06     0.899997936156253 
2.436e-06      1.066563085520177e-05 
2.4385e-06     0.8999979576911287 
2.441e-06      0.8999981501594203 
2.4435e-06     0.8999980346508818 
2.446e-06      1.119137609855854e-05 
2.4485e-06     9.414638579507232e-06 
2.451e-06      0.8999935441597978 
2.4535e-06     4.67394373508936e-06 
2.456e-06      5.225029403952253e-06 
2.4585e-06     0.8999964476792243 
2.461e-06      0.8999974795187831 
2.4635e-06     0.8999981939083262 
2.466e-06      0.8999986773094665 
2.4685e-06     1.086007401463178e-05 
2.471e-06      9.298013807426029e-06 
2.4735e-06     1.046836584672833e-05 
2.476e-06      9.742200153072362e-06 
2.4785e-06     0.8999973998920194 
2.481e-06      7.219477919264201e-06 
2.4835e-06     0.8999940742110284 
2.486e-06      4.942463764643791e-06 
2.4885e-06     6.943413589561435e-06 
2.491e-06      1.025614235669683e-05 
2.4935e-06     1.127261004130655e-05 
2.496e-06      0.8999979663802538 
2.4985e-06     1.114164083002926e-05 
2.501e-06      0.8999980382236914 
2.5035e-06     1.085833259969202e-05 
2.506e-06      0.899998014861354 
2.5085e-06     1.070956610328096e-05 
2.511e-06      1.034392286284094e-05 
2.5135e-06     0.8999982853510033 
2.516e-06      9.684814410632504e-06 
2.5185e-06     0.8999980071659907 
2.521e-06      0.8999973136269627 
2.5235e-06     0.8999958643861788 
2.526e-06      0.8999928747947477 
2.5285e-06     -8.03295135455902e-06 
2.531e-06      -1.356451981168065e-05 
2.5335e-06     0.8999800224709271 
2.536e-06      -1.400664741173528e-05 
2.5385e-06     0.8999883413261108 
2.541e-06      -4.823975208542904e-06 
2.5435e-06     0.8999930040861737 
2.546e-06      1.817567191980455e-09 
2.5485e-06     0.8999941541253198 
2.551e-06      0.8999941306093765 
2.5535e-06     -8.278022363546781e-07 
2.556e-06      -3.669764750624192e-06 
2.5585e-06     0.8999892409970645 
2.561e-06      0.8999848683671309 
2.5635e-06     0.8999856407838107 
2.566e-06      -2.569281291119216e-06 
2.5685e-06     1.64732077479605e-07 
2.571e-06      1.434604746995509e-06 
2.5735e-06     1.50844503282225e-06 
2.576e-06      3.644999073927898e-07 
2.5785e-06     0.8999930939353294 
2.581e-06      -4.855195274682157e-06 
2.5835e-06     0.8999885665397038 
