
time (s)       VT("/biP<1>") (V)


2.6e-08        0.8999759800622301 
2.85e-08       0.8999612641205268 
3.1e-08        0.9001263382253851 
3.35e-08       1.829939612490972e-05 
3.6e-08        9.497755673796769e-06 
3.85e-08       6.919210947106012e-06 
4.1e-08        7.465396772034301e-06 
4.35e-08       8.535606632470286e-06 
4.6e-08        1.003108508952019e-05 
4.85e-08       0.8999943999208986 
5.1e-08        1.348675035895193e-05 
5.35e-08       0.8999962419829223 
5.600000000000001e-08 1.567995368162668e-05 
5.85e-08       0.8999969982653726 
6.1e-08        1.559293418185857e-05 
6.350000000000001e-08 1.594243206914331e-05 
6.600000000000001e-08 0.8999973051211827 
6.850000000000001e-08 0.8999979061733295 
7.1e-08        0.8999977267627904 
7.35e-08       1.766613767557555e-05 
7.599999999999999e-08 0.8999979549311788 
7.849999999999999e-08 0.8999981015120198 
8.1e-08        1.786437027240879e-05 
8.35e-08       1.784851167072127e-05 
8.6e-08        1.783288538209488e-05 
8.85e-08       0.8999979270379612 
9.100000000000001e-08 0.8999976830995216 
9.350000000000001e-08 0.8999976444967576 
9.600000000000001e-08 0.8999976280657831 
9.850000000000002e-08 0.8999978282725462 
1.01e-07       0.8999979117673572 
1.035e-07      1.772500800458148e-05 
1.06e-07       1.771900237059821e-05 
1.085e-07      1.761969718858991e-05 
1.11e-07       0.899997960964683 
1.135e-07      0.8999976640140499 
1.16e-07       0.8999975632667404 
1.185e-07      0.8999973614659618 
1.21e-07       0.8999971103698938 
1.235e-07      0.8999969406706987 
1.26e-07       1.539084810276848e-05 
1.285e-07      1.470414124109114e-05 
1.31e-07       0.8999965605821438 
1.335e-07      1.360496110625732e-05 
1.36e-07       0.8999948037927004 
1.385e-07      0.8999936519446062 
1.41e-07       0.8999925653782735 
1.435e-07      6.618871263773517e-06 
1.46e-07       6.665285310175258e-06 
1.485e-07      9.571660455982465e-06 
1.51e-07       1.851782080018036e-05 
1.535e-07      0.0001234542100923481 
1.56e-07       -0.0003642960567362417 
1.585e-07      0.8999752653369579 
1.61e-07       0.8999853273203673 
1.635e-07      0.8999894637700598 
1.66e-07       0.8999919307991027 
1.685e-07      -7.644011075734405e-06 
1.71e-07       -6.45974025672524e-06 
1.735e-07      -7.219391643395979e-06 
1.76e-07       0.899991061927098 
1.785e-07      -1.730483976784773e-05 
1.81e-07       -2.878022542693406e-05 
1.835e-07      -5.293290405454783e-05 
1.86e-07       0.9000112641183726 
1.885e-07      0.9000005560317444 
1.91e-07       0.9000001063882124 
1.935e-07      2.217815491561968e-05 
1.96e-07       2.106623994211775e-05 
1.985e-07      0.8999984623440997 
2.01e-07       0.8999977674332802 
2.035e-07      0.8999964833485883 
2.06e-07       1.533017489985289e-05 
2.085e-07      1.447117564630099e-05 
2.11e-07       0.8999937184542447 
2.135e-07      -0.0002510430570432819 
2.16e-07       0.8999910055543919 
2.185e-07      0.899994095382645 
2.21e-07       4.213504225973323e-06 
2.235e-07      0.89999580796513 
2.26e-07       0.8999958876792661 
2.285e-07      8.097828423861398e-06 
2.31e-07       8.991849737613263e-06 
2.335e-07      9.596511839155479e-06 
2.36e-07       9.270245268733179e-06 
2.385e-07      0.8999957618942939 
2.41e-07       7.968906416927259e-06 
2.435e-07      0.8999960748250746 
2.46e-07       0.8999960296664193 
2.485e-07      8.727905678553615e-06 
2.51e-07       0.8999963689688951 
2.535e-07      9.945111176523159e-06 
2.56e-07       0.8999947274648149 
2.585e-07      4.578047117632882e-06 
2.61e-07       2.705756662670443e-06 
2.635e-07      0.8999915202020894 
2.66e-07       0.8999928078505207 
2.685e-07      0.8999926545386253 
2.71e-07       2.89767735435772e-06 
2.735e-07      3.240744253400871e-06 
2.76e-07       4.538493427105908e-06 
2.785e-07      4.373311154622095e-06 
2.81e-07       2.559571395285778e-06 
2.835e-07      3.087497016672228e-06 
2.86e-07       2.404410779576226e-06 
2.885e-07      0.8999916991279754 
2.91e-07       3.276442270711423e-06 
2.935e-07      6.944233697069449e-06 
2.96e-07       9.490170402675332e-06 
2.985e-07      9.620964177060758e-06 
3.01e-07       8.824997222649122e-06 
3.035e-07      8.56730533580781e-06 
3.06e-07       8.653365885973995e-06 
3.085e-07      0.8999958742821678 
3.11e-07       0.8999955190976014 
3.135e-07      0.8999962077762337 
3.16e-07       9.309542579131481e-06 
3.185e-07      0.8999965066052511 
3.21e-07       8.338233228048784e-06 
3.235e-07      7.479407217932175e-06 
3.26e-07       0.8999958441014865 
3.285e-07      0.899995270517689 
3.31e-07       1.645125056470099e-06 
3.335e-07      0.8999923151576753 
3.36e-07       0.8999842192367694 
3.385e-07      0.9000623961675082 
3.41e-07       1.663048046364779e-05 
3.435e-07      1.515853336618734e-05 
3.46e-07       1.67600650298254e-05 
3.485e-07      0.8999973867172513 
3.51e-07       0.8999982185519482 
3.535e-07      0.8999989999958813 
3.56e-07       0.8999995793393508 
3.585e-07      2.140243641355684e-05 
3.61e-07       2.301351687733004e-05 
3.635e-07      0.9000005209697036 
3.66e-07       1.590452951312554e-05 
3.685e-07      -0.0003389801243538963 
3.71e-07       -1.868597990232759e-05 
3.735e-07      -1.119558907753597e-05 
3.76e-07       -6.113925507672893e-06 
3.785e-07      0.8999932960358062 
3.81e-07       -6.542377795422501e-06 
3.835e-07      0.8999920064834774 
3.86e-07       0.8999909550934436 
3.885e-07      -2.350542821536813e-05 
3.91e-07       0.8999798424253733 
3.935e-07      -7.76518872404358e-05 
3.96e-07       0.9001076344146149 
3.985e-07      2.833620068067896e-05 
4.01e-07       0.8999889685252859 
4.035e-07      0.8999901075236885 
4.06e-07       6.254282585645364e-06 
4.085e-07      0.8999923878739207 
4.11e-07       0.8999930945178733 
4.135e-07      1.184208482971931e-05 
4.16e-07       0.8999952278556651 
4.185e-07      0.8999962237100716 
4.21e-07       0.8999969187072514 
4.235e-07      0.8999969597109383 
4.26e-07       1.551327056890873e-05 
4.285e-07      1.59092366115885e-05 
4.31e-07       1.62325939408916e-05 
4.335e-07      1.672315099659982e-05 
4.36e-07       0.89999770143163 
4.385e-07      1.742646240101806e-05 
4.41e-07       0.8999980748131733 
4.435e-07      0.8999980136807972 
4.46e-07       1.77178149576805e-05 
4.485e-07      1.787175447497346e-05 
4.51e-07       1.764690525592799e-05 
4.535e-07      0.8999977577357806 
4.56e-07       0.899997693815905 
4.585e-07      0.8999978702854707 
4.61e-07       0.8999976059070117 
4.635e-07      0.8999978079770338 
4.66e-07       0.8999979837768273 
4.685e-07      0.8999979710969122 
4.71e-07       1.77343798633728e-05 
4.735e-07      0.8999980622289721 
4.76e-07       0.8999978917841621 
4.785000000000001e-07 0.8999978297088415 
4.81e-07       0.8999975155276482 
4.835e-07      0.8999973270802938 
4.86e-07       0.899997171462841 
4.885000000000001e-07 1.565031097535001e-05 
4.91e-07       1.553487816023101e-05 
4.935e-07      0.899996496177734 
4.96e-07       1.452465081990235e-05 
4.985000000000001e-07 0.8999957338815733 
5.010000000000001e-07 0.8999949657520051 
5.035e-07      1.105180681405823e-05 
5.060000000000001e-07 0.8999928194630453 
5.085000000000001e-07 7.422557492454701e-06 
5.110000000000001e-07 6.507196881519829e-06 
5.135e-07      0.8999894458383525 
5.16e-07       1.364360846143056e-05 
5.185000000000001e-07 6.760550388320078e-05 
5.210000000000001e-07 8.137822292740103e-05 
5.235e-07      -0.0003563117593605766 
5.26e-07       0.8999835153774771 
5.285000000000001e-07 0.8999884802251199 
5.310000000000001e-07 0.8999915638793795 
5.335000000000001e-07 -7.148801569079797e-06 
5.36e-07       -6.592039816452961e-06 
5.385e-07      -6.799999503350501e-06 
5.410000000000001e-07 0.8999915986289361 
5.435000000000001e-07 0.8999898944311514 
5.46e-07       -2.219816540195664e-05 
5.485e-07      0.8999782873310564 
5.510000000000001e-07 8.808894102052818e-05 
5.535000000000001e-07 0.9000005860914614 
5.560000000000001e-07 2.167777784634415e-05 
5.585e-07      0.8999996593916265 
5.61e-07       0.8999991845209981 
5.635000000000001e-07 0.8999987037173777 
5.660000000000001e-07 0.8999979206867318 
5.685e-07      1.774339274076475e-05 
5.71e-07       0.8999952556632872 
5.735000000000001e-07 1.448939085656772e-05 
5.760000000000001e-07 0.8999861235344691 
5.785000000000001e-07 -0.0004298334886964229 
5.81e-07       0.8999891201180349 
5.835000000000001e-07 -1.016446057135008e-06 
5.860000000000001e-07 3.623526401671964e-06 
5.885000000000001e-07 5.647638030935858e-06 
5.91e-07       6.93303744238878e-06 
5.935e-07      0.8999962963701081 
5.960000000000001e-07 0.8999964526351415 
5.985000000000001e-07 9.469992622182839e-06 
6.01e-07       0.8999964636257443 
6.035e-07      8.739949223314624e-06 
6.060000000000001e-07 7.979351785190275e-06 
6.085000000000001e-07 0.8999960584161829 
6.110000000000001e-07 8.685253884091983e-06 
6.135e-07      0.8999960531838043 
6.16e-07       0.8999961853293527 
6.185000000000001e-07 0.8999966021415032 
6.210000000000001e-07 0.8999953894520577 
6.235e-07      5.718398051124648e-06 
6.26e-07       3.167049809609795e-06 
6.285000000000001e-07 0.8999919987339836 
6.310000000000001e-07 0.8999926081783801 
6.335000000000001e-07 0.8999932673755576 
6.36e-07       4.058252134517255e-06 
6.385000000000001e-07 4.400307209938443e-06 
6.410000000000001e-07 3.30863409584651e-06 
6.435000000000001e-07 4.379909706770475e-06 
6.46e-07       2.746618222164689e-06 
6.485e-07      2.362399536469064e-06 
6.510000000000001e-07 2.540331024461873e-06 
6.535000000000001e-07 0.8999918673792779 
6.560000000000001e-07 2.741969461639458e-06 
6.585e-07      5.997876673883129e-06 
6.610000000000001e-07 8.802317091924146e-06 
6.635000000000001e-07 9.787169263291134e-06 
6.660000000000001e-07 8.946716348329886e-06 
6.685e-07      8.650188198326521e-06 
6.71e-07       0.8999960780019516 
6.735000000000001e-07 0.8999960250963505 
6.760000000000001e-07 7.92787742145138e-06 
6.785e-07      0.8999959456059026 
6.81e-07       9.419390478719396e-06 
6.835000000000001e-07 9.365547409542635e-06 
6.860000000000001e-07 0.8999964256819484 
6.885000000000001e-07 0.8999962406863395 
6.91e-07       6.78158031643068e-06 
6.935e-07      0.8999953806736876 
6.960000000000001e-07 2.917260262324221e-06 
6.985000000000001e-07 0.8999932846935499 
7.01e-07       0.8999882767254449 
7.035e-07      0.8999722092479462 
7.060000000000001e-07 0.9000207974648348 
7.085000000000001e-07 1.48389758672626e-05 
7.110000000000001e-07 0.8999957138409438 
7.135e-07      1.79211378064701e-05 
7.160000000000001e-07 1.938446658673942e-05 
7.185000000000001e-07 0.8999987335521268 
7.210000000000001e-07 0.8999994292957101 
7.235e-07      0.8999998987946495 
7.26e-07       2.36037624941056e-05 
7.285000000000001e-07 0.9000004954402033 
7.310000000000001e-07 2.004978386339832e-05 
7.335e-07      0.8998927071416036 
7.36e-07       -2.139196839382988e-05 
7.385000000000001e-07 0.8999902899212172 
7.410000000000001e-07 0.8999921946735882 
7.435000000000001e-07 0.8999931410274455 
7.46e-07       -6.132238763871896e-06 
7.485e-07      -6.912832049591951e-06 
7.510000000000001e-07 -1.061851234663966e-05 
7.535000000000001e-07 0.8999882489497714 
7.56e-07       0.8999824182065808 
7.585e-07      -6.670294082514324e-05 
7.610000000000001e-07 -5.417067220141282e-05 
7.635000000000001e-07 0.0002727288211548863 
7.660000000000001e-07 1.252627289056095e-05 
7.685e-07      8.265396237307688e-06 
7.710000000000001e-07 6.003289222851961e-06 
7.735000000000001e-07 8.231751750063713e-06 
7.760000000000001e-07 8.870098120075831e-06 
7.785e-07      0.8999941616139393 
7.81e-07       1.275074649499245e-05 
7.835000000000001e-07 1.40679918604705e-05 
7.860000000000001e-07 0.8999968268746045 
7.885000000000001e-07 0.8999970294932468 
7.91e-07       1.544294595133871e-05 
7.935000000000001e-07 0.899996979063723 
7.960000000000001e-07 1.636153670784324e-05 
7.985000000000001e-07 1.669541950614355e-05 
8.01e-07       0.8999976261993191 
8.035e-07      0.899997839154518 
8.060000000000001e-07 0.8999980133449186 
8.085000000000001e-07 0.8999981836692109 
8.11e-07       1.767134444289437e-05 
8.135e-07      0.8999980909863911 
8.160000000000001e-07 1.761742899622387e-05 
8.185000000000001e-07 0.8999977923650259 
8.210000000000001e-07 0.8999977087279925 
8.235e-07      0.8999975682496775 
8.26e-07       0.899997591320628 
8.285000000000001e-07 0.8999979107529995 
8.310000000000001e-07 0.8999979369618165 
8.335e-07      0.899997843722353 
8.36e-07       1.77198262293373e-05 
8.385000000000001e-07 0.8999980029758606 
8.410000000000001e-07 1.759582769372412e-05 
8.435000000000001e-07 0.8999978698527411 
8.46e-07       0.8999975672050414 
8.485000000000001e-07 1.669191554415074e-05 
8.510000000000001e-07 1.647289108435276e-05 
8.535000000000001e-07 1.596447174370574e-05 
8.56e-07       1.552275489479475e-05 
8.585e-07      0.8999966240215432 
8.610000000000001e-07 0.8999964825666745 
8.635000000000001e-07 0.8999960247733543 
8.660000000000001e-07 0.8999951716954602 
8.685e-07      1.170881350479719e-05 
8.710000000000001e-07 0.8999928300200569 
8.735000000000001e-07 8.091226445379372e-06 
8.760000000000001e-07 6.351735705746388e-06 
8.785e-07      0.8999899145599699 
8.81e-07       0.8999881890330669 
8.835000000000001e-07 0.8999870053108787 
8.860000000000001e-07 0.9000311626920798 
8.885e-07      -0.0003749606026567588 
8.91e-07       0.8999805285768814 
8.935000000000001e-07 -2.168788307388269e-05 
8.960000000000001e-07 0.8999911259837489 
8.985000000000001e-07 -9.032248209720575e-06 
9.01e-07       0.8999925970373881 
9.035000000000001e-07 -6.5129725536354e-06 
9.060000000000001e-07 -8.21957609856703e-06 
9.085000000000001e-07 -1.31543844978255e-05 
9.11e-07       -2.093580849407678e-05 
9.135e-07      -3.434204149630957e-05 
9.160000000000001e-07 3.960636815133621e-06 
9.185000000000001e-07 8.238972346243305e-05 
9.210000000000001e-07 2.273112137065379e-05 
9.235e-07      0.8999999289045363 
9.260000000000001e-07 2.152778662375904e-05 
9.285000000000001e-07 0.8999987317240106 
9.310000000000001e-07 0.8999982294860419 
9.335e-07      0.8999972511977572 
9.36e-07       0.8999958249526737 
9.385000000000001e-07 1.46609316384134e-05 
9.410000000000001e-07 1.732913525885065e-05 
9.435000000000001e-07 0.0001163656694151839 
9.46e-07       0.8999180618546784 
9.485000000000001e-07 0.899992766761102 
9.510000000000001e-07 0.8999946605128937 
9.535000000000001e-07 0.8999954510102 
9.56e-07       7.063100199624607e-06 
9.585e-07      0.8999962036341851 
9.61e-07       0.8999964215450685 
9.635e-07      0.8999965518991808 
9.659999999999999e-07 0.8999963678443063 
9.684999999999999e-07 9.050215265807043e-06 
9.710000000000001e-07 7.979877335510021e-06 
9.735000000000001e-07 0.899995954272636 
9.760000000000001e-07 8.64962838735851e-06 
9.785e-07      0.8999960630478239 
9.81e-07       0.8999960817703099 
9.835e-07      9.757671304369943e-06 
9.860000000000002e-07 9.160970594371727e-06 
9.885000000000001e-07 6.625002814267767e-06 
9.910000000000001e-07 3.636692103058323e-06 
9.935000000000001e-07 2.071959530921186e-06 
9.960000000000001e-07 0.8999924126994034 
9.985000000000001e-07 0.8999930725494737 
1.001e-06      3.89544330654679e-06 
1.0035e-06     4.293869018600175e-06 
1.006e-06      3.235890274678397e-06 
1.0085e-06     3.178900071804399e-06 
1.011e-06      4.178331370398003e-06 
1.0135e-06     3.534425235838751e-06 
1.016e-06      2.667523662065756e-06 
1.0185e-06     0.8999919475876298 
1.021e-06      0.8999915443953649 
1.0235e-06     0.8999924190499901 
1.026e-06      8.04950733084904e-06 
1.0285e-06     9.903832068657449e-06 
1.031e-06      0.8999962498536646 
1.0335e-06     0.8999959302594588 
1.036e-06      0.899996034800332 
1.0385e-06     0.8999960582934653 
1.041e-06      7.887615329928855e-06 
1.0435e-06     0.8999957911029957 
1.046e-06      9.477805169403813e-06 
1.0485e-06     0.8999967173996167 
1.051e-06      8.905073494659177e-06 
1.0535e-06     7.941226110320463e-06 
1.056e-06      0.8999958530830654 
1.0585e-06     5.81054808608191e-06 
1.061e-06      3.893930374295354e-06 
1.0635e-06     0.8999939357649639 
1.066e-06      -1.056231092294579e-05 
1.0685e-06     0.8999734968778141 
1.071e-06      0.9000549585438825 
1.0735e-06     1.469143691032243e-05 
1.076e-06      0.8999949736086384 
1.0785e-06     0.8999966396794898 
1.081e-06      0.8999977018456421 
1.0835e-06     1.960298057628753e-05 
1.086e-06      2.131843555957147e-05 
1.0885e-06     0.8999998231464088 
1.091e-06      2.321641543219038e-05 
1.0935e-06     0.9000004668351307 
1.096e-06      0.8999999131087107 
1.0985e-06     3.591342711127207e-06 
1.101e-06      0.8998742727777841 
1.1035e-06     -1.510127386918564e-05 
1.106e-06      -9.01371145607805e-06 
1.1085e-06     -6.407893362041092e-06 
1.111e-06      -6.073825779516989e-06 
1.1135e-06     -7.409835458054041e-06 
1.116e-06      0.8999919108030329 
1.1185e-06     -1.747113582502133e-05 
1.121e-06      -2.945480570588789e-05 
1.1235e-06     0.8999739096292144 
1.126e-06      0.8999685902320065 
1.1285e-06     0.0003202858903391379 
1.131e-06      1.568194173391663e-05 
1.1335e-06     0.8999894239084445 
1.136e-06      6.25542631314693e-06 
1.1385e-06     0.8999913402764655 
1.141e-06      8.960084799268699e-06 
1.1435e-06     1.06685989486879e-05 
1.146e-06      0.8999948103856628 
1.1485e-06     0.8999955591292514 
1.151e-06      1.523152656767728e-05 
1.1535e-06     0.8999967882972252 
1.156e-06      0.8999970509686742 
1.1585e-06     1.577157188911475e-05 
1.161e-06      1.603347393596471e-05 
1.1635e-06     1.63814322180695e-05 
1.166e-06      0.8999975778004013 
1.1685e-06     0.8999977968125825 
1.171e-06      0.8999979984271204 
1.1735e-06     0.8999981253431392 
1.176e-06      0.8999979913224243 
1.1785e-06     1.771735903853234e-05 
1.181e-06      1.763296673925345e-05 
1.1835e-06     0.8999978271686284 
1.186e-06      0.8999976230801452 
1.1885e-06     0.8999976738783714 
1.191e-06      0.899997834479487 
1.1935e-06     0.8999978932300619 
1.196e-06      0.8999977286520912 
1.1985e-06     0.8999979224146314 
1.201e-06      1.771905717250634e-05 
1.2035e-06     1.769374643733805e-05 
1.206e-06      1.758855720982972e-05 
1.2085e-06     0.899997949450662 
1.211e-06      0.8999976038499279 
1.2135e-06     1.684338351999127e-05 
1.216e-06      0.8999973397118498 
1.2185e-06     1.605084541280456e-05 
1.221e-06      0.8999969232398946 
1.2235e-06     1.514862348749832e-05 
1.226e-06      1.456733707299623e-05 
1.2285e-06     0.8999963868626365 
1.231e-06      1.372678405107079e-05 
1.2335e-06     0.8999947251734618 
1.236e-06      0.8999933954444971 
1.2385e-06     0.8999924149598 
1.241e-06      6.311785435900735e-06 
1.2435e-06     6.92026069339512e-06 
1.246e-06      1.022603486370915e-05 
1.2485e-06     0.8999858891880053 
1.251e-06      0.0001420940434077709 
1.2535e-06     -0.0003663342738145487 
1.256e-06      0.8999774929435259 
1.2585e-06     -2.617091114291974e-05 
1.261e-06      0.899989809260909 
1.2635e-06     0.8999920682062715 
1.266e-06      -7.368830537458534e-06 
1.2685e-06     -6.408448501532768e-06 
1.271e-06      -7.561521809737852e-06 
1.2735e-06     0.899991252593689 
1.276e-06      0.8999880425296559 
1.2785e-06     -3.117589034189178e-05 
1.281e-06      -6.131919626709894e-05 
1.2835e-06     0.9000174166895569 
1.286e-06      0.9000004245230664 
1.2885e-06     0.900000035291723 
1.291e-06      0.8999994163722852 
1.2935e-06     2.086294860871541e-05 
1.296e-06      0.8999983965200948 
1.2985e-06     0.8999976276943594 
1.301e-06      0.8999963179083844 
1.3035e-06     1.506506524748697e-05 
1.306e-06      1.495065550340402e-05 
1.3085e-06     6.918620407785082e-05 
1.311e-06      -0.0002351004504260629 
1.3135e-06     0.8999917038831944 
1.316e-06      0.8999942818965737 
1.3185e-06     0.8999952109420418 
1.321e-06      0.8999958023146148 
1.3235e-06     0.8999958289978183 
1.326e-06      0.8999963708538946 
1.3285e-06     9.076183889448349e-06 
1.331e-06      9.59202033723784e-06 
1.3335e-06     9.111586841296651e-06 
1.336e-06      0.8999956850373084 
1.3385e-06     8.007619760206178e-06 
1.341e-06      0.8999960735608344 
1.3435e-06     0.8999960230037686 
1.346e-06      8.792651055563336e-06 
1.3485e-06     9.492447145066326e-06 
1.351e-06      9.84417206437533e-06 
1.3535e-06     0.8999943496001839 
1.356e-06      4.250840615654428e-06 
1.3585e-06     2.489670193600459e-06 
1.361e-06      0.8999922148955523 
1.3635e-06     0.8999928450796216 
1.366e-06      0.8999936677349277 
1.3685e-06     4.28919439342347e-06 
1.371e-06      4.505558825103765e-06 
1.3735e-06     4.517868348333796e-06 
1.376e-06      3.023736439719653e-06 
1.3785e-06     2.5096846604251e-06 
1.381e-06      2.958494341271809e-06 
1.3835e-06     0.8999922402974442 
1.386e-06      0.8999916222401378 
1.3885e-06     0.8999920428092082 
1.391e-06      7.406382407622182e-06 
1.3935e-06     9.852812856392652e-06 
1.396e-06      9.463283686673159e-06 
1.3985e-06     8.775782957060256e-06 
1.401e-06      8.557744844473556e-06 
1.4035e-06     8.555361495548082e-06 
1.406e-06      0.8999958159193454 
1.4085e-06     0.899995645017987 
1.411e-06      9.093638780402724e-06 
1.4135e-06     0.8999967298625674 
1.416e-06      9.061485906791096e-06 
1.4185e-06     8.169678311667342e-06 
1.421e-06      7.250581677900272e-06 
1.4235e-06     0.899995818350353 
1.426e-06      0.8999952149841741 
1.4285e-06     0.8999942714584429 
1.431e-06      0.899991744429208 
1.4335e-06     0.8999819478912293 
1.436e-06      0.9000880759721166 
1.4385e-06     1.557781188248971e-05 
1.441e-06      1.540305907465107e-05 
1.4435e-06     1.700398964747083e-05 
1.446e-06      1.867396260175281e-05 
1.4485e-06     0.8999983382758621 
1.451e-06      0.8999991261708211 
1.4535e-06     0.8999996537115847 
1.456e-06      2.146806303459536e-05 
1.4585e-06     0.9000003883150091 
1.461e-06      0.9000003931709409 
1.4635e-06     0.8999930682866336 
1.466e-06      -0.0003210920916178601 
1.4685e-06     -1.743912624004542e-05 
1.471e-06      -8.957344304352802e-06 
1.4735e-06     0.8999926322270683 
1.476e-06      0.8999933368761101 
1.4785e-06     -5.510326075329974e-06 
1.481e-06      -9.548681692015945e-06 
1.4835e-06     -1.345861142674238e-05 
1.486e-06      0.8999863389667707 
1.4885e-06     0.899978085453632 
1.491e-06      -7.780609746646739e-05 
1.4935e-06     0.9001030707210531 
1.496e-06      2.288932277417194e-05 
1.4985e-06     1.028323659461997e-05 
1.501e-06      0.8999901584258044 
1.5035e-06     6.663324483552815e-06 
1.506e-06      8.579350894166337e-06 
1.5085e-06     0.8999933499662496 
1.511e-06      0.899994668530871 
1.5135e-06     0.899995620930926 
1.516e-06      0.8999962647616062 
1.5185e-06     1.541209701423887e-05 
1.521e-06      0.8999969943890607 
1.5235e-06     1.56192841788028e-05 
1.526e-06      1.598947581070007e-05 
1.5285e-06     0.8999972090796938 
1.531e-06      1.679343730381871e-05 
1.5335e-06     0.8999976245924537 
1.536e-06      1.755419456008299e-05 
1.5385e-06     0.8999980842751713 
1.541e-06      0.8999980157024916 
1.5435e-06     1.771733489173603e-05 
1.546e-06      1.770085867142366e-05 
1.5485e-06     1.763157594008586e-05 
1.551e-06      0.8999977477101221 
1.5535e-06     0.8999976875747137 
1.556e-06      0.8999975708859311 
1.5585e-06     0.8999976170181659 
1.561e-06      0.8999977096647958 
1.5635e-06     0.899997796839575 
1.566e-06      0.8999979730001491 
1.5685e-06     1.771291654471093e-05 
1.571e-06      0.899997966999396 
1.5735e-06     0.899997979624562 
1.576e-06      0.8999977723664847 
1.5785e-06     0.8999975919512962 
1.581e-06      0.8999972703920388 
1.5835e-06     0.8999971398896919 
1.586e-06      0.8999969632612039 
1.5885e-06     1.535669425611539e-05 
1.591e-06      1.481049871225971e-05 
1.5935e-06     1.436018235731224e-05 
1.596e-06      0.8999956043558339 
1.5985e-06     1.249454527282621e-05 
1.601e-06      0.8999938925511727 
1.6035e-06     0.8999927067976722 
1.606e-06      7.063519709799827e-06 
1.6085e-06     6.725760890392293e-06 
1.611e-06      0.8999893580939045 
1.6135e-06     1.53151537075576e-05 
1.616e-06      9.207338075410405e-05 
1.6185e-06     -0.0004655950131155148 
1.621e-06      0.8999724996931256 
1.6235e-06     0.8999845179570651 
1.626e-06      0.8999890531715035 
1.6285e-06     -1.100155647995535e-05 
1.631e-06      -7.870865217184144e-06 
1.6335e-06     -6.473073357766231e-06 
1.636e-06      -6.961786626068728e-06 
1.6385e-06     0.8999913212333478 
1.641e-06      0.899989578934676 
1.6435e-06     -2.631494481318935e-05 
1.646e-06      0.8999759067709048 
1.6485e-06     0.9000073981969703 
1.651e-06      0.9000006362198101 
1.6535e-06     0.9000001614913804 
1.656e-06      0.8999994915381081 
1.6585e-06     2.115818653545092e-05 
1.661e-06      0.8999986024216975 
1.6635e-06     1.912217303213619e-05 
1.666e-06      1.742403040720832e-05 
1.6685e-06     0.8999948126324535 
1.671e-06      1.44760989318993e-05 
1.6735e-06     0.8999856941053579 
1.676e-06      -0.000239653098669443 
1.6785e-06     0.8999901131301369 
1.681e-06      -1.6879621282069e-07 
1.6835e-06     3.905559327805842e-06 
1.686e-06      0.8999958351787305 
1.6885e-06     7.178966247819114e-06 
1.691e-06      7.955770035581259e-06 
1.6935e-06     0.8999964420198941 
1.696e-06      9.577393316901822e-06 
1.6985e-06     9.505176064429703e-06 
1.701e-06      8.595835562054093e-06 
1.7035e-06     7.952476679461861e-06 
1.706e-06      0.8999960491392678 
1.7085e-06     0.8999960211058623 
1.711e-06      0.8999960410806052 
1.7135e-06     0.8999962806302497 
1.716e-06      9.894614919240788e-06 
1.7185e-06     0.8999950550168163 
1.721e-06      5.232335586717079e-06 
1.7235e-06     2.873379167179391e-06 
1.726e-06      0.8999920253781251 
1.7285e-06     0.8999925935354494 
1.731e-06      0.8999934832712244 
1.7335e-06     4.146446156566418e-06 
1.736e-06      4.442375857654239e-06 
1.7385e-06     3.240690097182708e-06 
1.741e-06      3.163932588251803e-06 
1.7435e-06     2.602981995585415e-06 
1.746e-06      3.2131848105648e-06 
1.7485e-06     2.468777431666899e-06 
1.751e-06      0.899991780990009 
1.7535e-06     2.996144905489867e-06 
1.756e-06      6.387716532639403e-06 
1.7585e-06     9.164765326459214e-06 
1.761e-06      9.745373982135779e-06 
1.7635e-06     8.881829903773241e-06 
1.766e-06      8.638575471665596e-06 
1.7685e-06     0.8999960857275477 
1.771e-06      0.8999959415156017 
1.7735e-06     7.989994685313289e-06 
1.776e-06      0.8999960970440226 
1.7785e-06     9.34770850453007e-06 
1.781e-06      9.278664499648847e-06 
1.7835e-06     0.8999964360020484 
1.786e-06      7.558398391647228e-06 
1.7885e-06     0.8999957511141057 
1.791e-06      0.8999953192369308 
1.7935e-06     2.301211870607774e-06 
1.796e-06      0.8999928087892993 
1.7985e-06     0.8999864454455624 
1.801e-06      0.8999996634871681 
1.8035e-06     0.9000186763755896 
1.806e-06      1.466449145115862e-05 
1.8085e-06     1.648199223142985e-05 
1.811e-06      1.818546402565607e-05 
1.8135e-06     0.8999981180645993 
1.816e-06      0.8999988733634889 
1.8185e-06     0.8999995054381187 
1.821e-06      2.270893900423036e-05 
1.8235e-06     2.233322379435639e-05 
1.826e-06      0.9000004868452685 
1.8285e-06     1.819564856410908e-05 
1.831e-06      0.899839977658961 
1.8335e-06     -1.997067021520026e-05 
1.836e-06      0.8999905730800111 
1.8385e-06     -6.456944229430833e-06 
1.841e-06      -5.946428176215882e-06 
1.8435e-06     -6.259344751833534e-06 
1.846e-06      -8.545990411144038e-06 
1.8485e-06     0.8999907159982315 
1.851e-06      -2.178129472583568e-05 
1.8535e-06     0.8999812182696472 
1.856e-06      -7.191609574911925e-05 
1.8585e-06     0.8999428477083837 
1.861e-06      0.9000658427198984 
1.8635e-06     1.170319122218314e-05 
1.866e-06      0.8999899207344161 
1.8685e-06     0.8999897539695719 
1.871e-06      0.8999921314640831 
1.8735e-06     9.248727400552945e-06 
1.876e-06      1.16189255020133e-05 
1.8785e-06     0.8999950839703178 
1.881e-06      1.428728621515935e-05 
1.8835e-06     0.899996567830097 
1.886e-06      0.8999970110327568 
1.8885e-06     1.542468136631299e-05 
1.891e-06      0.8999970264598088 
1.8935e-06     1.619450435435056e-05 
1.896e-06      1.664403693516751e-05 
1.8985e-06     1.711543020479458e-05 
1.901e-06      1.750452468150301e-05 
1.9035e-06     0.8999980341482099 
1.906e-06      0.8999980265995251 
1.9085e-06     1.771771026740791e-05 
1.911e-06      0.8999979223529316 
1.9135e-06     1.760994774616396e-05 
1.916e-06      0.8999976746702137 
1.9185e-06     0.8999977006018099 
1.921e-06      0.8999978442121068 
1.9235e-06     0.899997596618533 
1.926e-06      0.8999978815330305 
1.9285e-06     0.8999979312061036 
1.931e-06      0.8999979565206048 
1.9335e-06     1.771923180553846e-05 
1.936e-06      0.8999980210689703 
1.9385e-06     0.8999980205718285 
1.941e-06      0.8999978550918155 
1.9435e-06     0.899997536036148 
1.946e-06      0.8999977482161221 
1.9485e-06     0.8999972834056634 
1.951e-06      1.591295578208547e-05 
1.9535e-06     1.548432269537283e-05 
1.956e-06      0.89999655621018 
1.9585e-06     1.465911992947258e-05 
1.961e-06      0.8999958734687918 
1.9635e-06     0.8999950636079519 
1.966e-06      1.146455832404496e-05 
1.9685e-06     8.97963938255994e-06 
1.971e-06      0.8999916445875824 
1.9735e-06     6.446681731370641e-06 
1.976e-06      0.8999896101051635 
1.9785e-06     1.257903260982481e-05 
1.981e-06      4.628462861769193e-05 
1.9835e-06     5.47511729906549e-05 
1.986e-06      -0.0003693005905651263 
1.9885e-06     0.8999819021331209 
1.991e-06      -2.040697483812056e-05 
1.9935e-06     0.8999908871377021 
1.996e-06      0.8999924370435267 
1.9985e-06     -6.807441691588107e-06 
2.001e-06      -6.69242789015307e-06 
2.0035e-06     -8.68154102187568e-06 
2.006e-06      -1.410102807843604e-05 
2.0085e-06     -2.086245904433649e-05 
2.011e-06      0.8999801299532689 
2.0135e-06     0.0002174255368926317 
2.016e-06      0.9000006871286573 
2.0185e-06     2.1916321342337e-05 
2.021e-06      2.075759376245736e-05 
2.0235e-06     2.134114532758653e-05 
2.026e-06      0.8999986100099168 
2.0285e-06     0.8999981437119249 
2.031e-06      0.8999970769264278 
2.0335e-06     1.618875182154857e-05 
2.036e-06      1.458482495430703e-05 
2.0385e-06     0.8999869768347538 
2.041e-06      0.9000160187761621 
2.0435e-06     0.8999248198535074 
2.046e-06      0.8999932536403983 
2.0485e-06     0.8999948533380747 
2.051e-06      0.8999953802356651 
2.0535e-06     0.8999959317576477 
2.056e-06      0.8999962650171551 
2.0585e-06     8.645168887861794e-06 
2.061e-06      0.8999966212366389 
2.0635e-06     0.8999963248461718 
2.066e-06      8.889207556058712e-06 
2.0685e-06     8.030650130643825e-06 
2.071e-06      0.8999956327068002 
2.0735e-06     8.677943411407887e-06 
2.076e-06      0.8999960544550344 
2.0785e-06     0.8999961238422526 
2.081e-06      9.795081984633607e-06 
2.0835e-06     8.665254776208625e-06 
2.086e-06      6.1228240537637e-06 
2.0885e-06     3.36234215999555e-06 
2.091e-06      1.974733262116089e-06 
2.0935e-06     0.8999924178813177 
2.096e-06      0.8999931665069412 
2.0985e-06     3.984900276368863e-06 
2.101e-06      4.349941582696769e-06 
2.1035e-06     3.242323324336094e-06 
2.106e-06      3.23591080820751e-06 
2.1085e-06     2.725829256655476e-06 
2.111e-06      3.420024483023835e-06 
2.1135e-06     2.598962329929977e-06 
2.116e-06      0.8999919567261025 
2.1185e-06     2.488859992177906e-06 
2.121e-06      0.8999925081633583 
2.1235e-06     8.401426481758583e-06 
2.126e-06      9.843539980528984e-06 
2.1285e-06     0.899996160063857 
2.131e-06      0.8999960443549589 
2.1335e-06     0.89999606414039 
2.136e-06      0.8999960676244315 
2.1385e-06     7.882741369469777e-06 
2.141e-06      8.57683686762128e-06 
2.1435e-06     9.523121842487604e-06 
2.146e-06      9.464582112658157e-06 
2.1485e-06     0.8999964496414929 
2.151e-06      7.815163225004573e-06 
2.1535e-06     0.8999958092136369 
2.156e-06      0.8999957036041194 
2.1585e-06     3.505009850620825e-06 
2.161e-06      -1.149192068392549e-06 
2.1635e-06     -1.307818580187967e-05 
2.166e-06      -5.22317638512084e-05 
2.1685e-06     0.9000322034967926 
2.171e-06      1.474748273127968e-05 
2.1735e-06     0.8999953025232642 
2.176e-06      1.774566251839304e-05 
2.1785e-06     0.8999979612094233 
2.181e-06      1.978093858085075e-05 
2.1835e-06     0.8999992973586296 
2.186e-06      0.899999816220689 
2.1885e-06     0.9000001604617187 
2.191e-06      0.9000005888091411 
2.1935e-06     0.8999993423074494 
2.196e-06      0.9000085263841169 
2.1985e-06     0.8998791164425406 
2.201e-06      0.8999898172003478 
2.2035e-06     -8.46355822029797e-06 
2.206e-06      0.8999928467036789 
2.2085e-06     -6.192189731857528e-06 
2.211e-06      -7.733708325109713e-06 
2.2135e-06     -1.125278631213548e-05 
2.216e-06      -1.882303271782828e-05 
2.2185e-06     0.8999837981451617 
2.221e-06      0.899971037624172 
2.2235e-06     0.8999911218028921 
2.226e-06      0.0003061628627946048 
2.2285e-06     1.383838893722815e-05 
2.231e-06      8.596613484661945e-06 
2.2335e-06     6.116786918198737e-06 
2.236e-06      0.899991509529137 
2.2385e-06     9.111635959660655e-06 
2.241e-06      1.098816478011729e-05 
2.2435e-06     1.254379247414557e-05 
2.246e-06      1.384350211055028e-05 
2.2485e-06     0.8999967364435152 
2.251e-06      0.8999968677609205 
2.2535e-06     1.542931569152306e-05 
2.256e-06      0.8999969321720385 
2.2585e-06     1.616659827828671e-05 
2.261e-06      1.649680211238112e-05 
2.2635e-06     0.899997604516109 
2.266e-06      0.8999978764058738 
2.2685e-06     0.8999979981496508 
2.271e-06      0.8999981363435449 
2.2735e-06     0.8999980276208818 
2.276e-06      1.771479600582267e-05 
2.2785e-06     1.762524376120641e-05 
2.281e-06      0.8999977076299186 
2.2835e-06     0.8999977178542973 
2.286e-06      0.8999978853865676 
2.2885e-06     0.8999975837682667 
2.291e-06      0.899997655755755 
2.2935e-06     0.8999977392793679 
2.296e-06      0.8999978319683943 
2.2985e-06     1.771932302851977e-05 
2.301e-06      1.768972003018357e-05 
2.3035e-06     1.757003676522067e-05 
2.306e-06      0.8999979115993478 
2.3085e-06     0.8999976857485944 
2.311e-06      1.677297940702236e-05 
2.3135e-06     0.8999971011743514 
2.316e-06      1.607804721132314e-05 
2.3185e-06     1.561004422536197e-05 
2.321e-06      0.8999965605444245 
2.3235e-06     1.486752269743757e-05 
2.326e-06      0.8999962811739206 
2.3285e-06     1.324856446356208e-05 
2.331e-06      0.8999946106789574 
2.3335e-06     0.8999931278794441 
2.336e-06      8.389163362261214e-06 
2.3385e-06     0.8999900393566487 
2.341e-06      0.899990099550337 
2.3435e-06     1.098040994648765e-05 
2.346e-06      0.8999856760846924 
2.3485e-06     0.0001262103535947361 
2.351e-06      -0.0003791712947360864 
2.3535e-06     0.8999790328395121 
2.356e-06      -2.382021279520049e-05 
2.3585e-06     -1.479042459968051e-05 
2.361e-06      -8.306016454077302e-06 
2.3635e-06     0.8999925402687451 
2.366e-06      0.8999927038549637 
2.3685e-06     -7.940983848029738e-06 
2.371e-06      0.8999904408964988 
2.3735e-06     -1.958742547792487e-05 
2.376e-06      -3.378624379515315e-05 
2.3785e-06     0.89995933624143 
2.381e-06      8.197054566753899e-05 
2.3835e-06     0.9000004034229292 
2.386e-06      0.8999999523337162 
2.3885e-06     0.8999994281411526 
2.391e-06      0.899998807827621 
2.3935e-06     0.8999983156606037 
2.396e-06      1.844325870696998e-05 
2.3985e-06     0.8999960803050678 
2.401e-06      0.8999937252534389 
2.4035e-06     1.59718735763362e-05 
2.406e-06      0.0001064078426112751 
2.4085e-06     0.899910732268133 
2.411e-06      0.8999922625994097 
2.4135e-06     1.72887740451231e-06 
2.416e-06      0.899995390629838 
2.4185e-06     6.892765300167919e-06 
2.421e-06      0.8999961178332208 
2.4235e-06     0.8999963250959824 
2.426e-06      9.167024736347384e-06 
2.4285e-06     9.314564743959189e-06 
2.431e-06      0.8999960424203078 
2.4335e-06     8.052216053597203e-06 
2.436e-06      8.080071591430249e-06 
2.4385e-06     8.628969839092144e-06 
2.441e-06      0.8999960389171746 
2.4435e-06     8.832660783052361e-06 
2.446e-06      9.64841400457138e-06 
2.4485e-06     9.521617869278186e-06 
2.451e-06      7.088122316260135e-06 
2.4535e-06     3.985180345855124e-06 
2.456e-06      2.246442668956188e-06 
2.4585e-06     0.8999923087056296 
2.461e-06      0.8999929604728707 
2.4635e-06     3.801332200543372e-06 
2.466e-06      4.343382062479838e-06 
2.4685e-06     4.526412966681359e-06 
2.471e-06      3.282692559297664e-06 
2.4735e-06     4.250205533541118e-06 
2.476e-06      3.64452655250653e-06 
2.4785e-06     2.770178725217873e-06 
2.481e-06      0.8999921383734615 
2.4835e-06     0.8999914484692917 
2.486e-06      0.8999921151970363 
2.4885e-06     7.85468660795075e-06 
2.491e-06      9.921544154614658e-06 
2.4935e-06     0.8999963462112774 
2.496e-06      8.737463364233188e-06 
2.4985e-06     0.8999960416468581 
2.501e-06      8.452041579667662e-06 
2.5035e-06     0.8999955271305289 
2.506e-06      0.899995710207446 
2.5085e-06     9.413900109927309e-06 
2.511e-06      0.8999967488367495 
2.5135e-06     8.985040989798662e-06 
2.516e-06      8.070359502391071e-06 
2.5185e-06     7.107622581186125e-06 
2.521e-06      0.8999957911108116 
2.5235e-06     0.8999951714211587 
2.526e-06      0.8999940920612838 
2.5285e-06     -8.252641901243237e-06 
2.531e-06      0.8999782802929361 
2.5335e-06     0.9000912907614677 
2.536e-06      1.466264083892145e-05 
2.5385e-06     0.8999945060670497 
2.541e-06      1.723526736859167e-05 
2.5435e-06     1.887115229459711e-05 
2.546e-06      0.8999985022147564 
2.5485e-06     0.8999991665950885 
2.551e-06      0.8999997234647928 
2.5535e-06     2.179044544276143e-05 
2.556e-06      2.362220333934082e-05 
2.5585e-06     0.9000000970111399 
2.561e-06      0.8999887340137257 
2.5635e-06     -0.0003061627132980637 
2.566e-06      -1.625942724416653e-05 
2.5685e-06     -9.678378913895177e-06 
2.571e-06      -6.520154233022749e-06 
2.5735e-06     0.8999929609306557 
2.576e-06      -6.974528442420454e-06 
2.5785e-06     -8.772730792132117e-06 
2.581e-06      -1.627946086345076e-05 
2.5835e-06     0.8999855948335483 
