
time (s)       VT("/biP<2>") (V)


2.6e-08        0.8999540931596053 
2.85e-08       -0.0001539518334950719 
3.1e-08        0.0005805431442924899 
3.35e-08       5.023082562715046e-05 
3.6e-08        0.8999898000429694 
3.85e-08       0.8999890086644317 
4.1e-08        0.8999905671713998 
4.35e-08       1.580449548433394e-05 
4.6e-08        0.8999938176369467 
4.85e-08       2.079611744851413e-05 
5.1e-08        2.339280086751476e-05 
5.35e-08       0.8999990279366203 
5.600000000000001e-08 0.9000000394012239 
5.85e-08       0.9000004130639672 
6.1e-08        2.667186256777224e-05 
6.350000000000001e-08 0.9000003595574739 
6.600000000000001e-08 2.812113522210124e-05 
6.850000000000001e-08 0.9000012900042925 
7.1e-08        2.935720768780952e-05 
7.35e-08       0.9000019182905596 
7.599999999999999e-08 0.9000019849334462 
7.849999999999999e-08 0.9000021234076093 
8.1e-08        3.024976108264459e-05 
8.35e-08       3.025140280330163e-05 
8.6e-08        3.025335052085589e-05 
8.85e-08       3.022880359472629e-05 
9.100000000000001e-08 2.962855521776512e-05 
9.350000000000001e-08 2.974174907958466e-05 
9.600000000000001e-08 2.969863025442992e-05 
9.850000000000002e-08 2.980223122720327e-05 
1.01e-07       2.988299640800647e-05 
1.035e-07      2.992971629489107e-05 
1.06e-07       2.993647742050742e-05 
1.085e-07      0.9000019980511588 
1.11e-07       0.9000019344216093 
1.135e-07      0.9000015519523467 
1.16e-07       0.9000013348718583 
1.185e-07      2.837585283547784e-05 
1.21e-07       0.9000005617861748 
1.235e-07      2.69389560776224e-05 
1.26e-07       0.8999999469687471 
1.285e-07      2.521609307127347e-05 
1.31e-07       0.8999995940055145 
1.335e-07      0.8999978105772251 
1.36e-07       0.8999965177182458 
1.385e-07      0.8999944714334958 
1.41e-07       1.644646558933866e-05 
1.435e-07      0.8999895253789315 
1.46e-07       1.622116117256e-05 
1.485e-07      0.8999898875318424 
1.51e-07       0.899988654367777 
1.535e-07      0.9000910098667828 
1.56e-07       -0.0007221074180407932 
1.585e-07      0.8999527046328195 
1.61e-07       -7.468662426849028e-05 
1.635e-07      0.8999803612796244 
1.66e-07       0.8999858585256134 
1.685e-07      -3.206024474800028e-05 
1.71e-07       -2.939955333739251e-05 
1.735e-07      -3.087543138745234e-05 
1.76e-07       0.8999842608264383 
1.785e-07      -5.146094231366574e-05 
1.81e-07       -7.41536186377019e-05 
1.835e-07      0.8999505289314442 
1.86e-07       0.0001664248305968702 
1.885e-07      0.9000074216466437 
1.91e-07       0.9000066469428475 
1.935e-07      4.013632773790054e-05 
1.96e-07       3.813662599473072e-05 
1.985e-07      0.900003631774132 
2.01e-07       3.468625843791792e-05 
2.035e-07      3.271594948766745e-05 
2.06e-07       3.163191620902124e-05 
2.085e-07      3.536558966811456e-05 
2.11e-07       0.9000067934215771 
2.135e-07      -0.0004976534622144414 
2.16e-07       0.8999851493686006 
2.185e-07      -1.228664285575748e-05 
2.21e-07       0.8999943149171343 
2.235e-07      5.062731649047038e-07 
2.26e-07       0.8999961813995601 
2.285e-07      0.8999969509512581 
2.31e-07       0.8999974375591249 
2.335e-07      8.535748379871202e-06 
2.36e-07       8.271270613569797e-06 
2.385e-07      6.941990240877635e-06 
2.41e-07       6.063464545516501e-06 
2.435e-07      0.8999967968936968 
2.46e-07       6.699332683986135e-06 
2.485e-07      0.8999966620245123 
2.51e-07       8.11602912050973e-06 
2.535e-07      0.8999983021906023 
2.56e-07       8.708771618610487e-06 
2.585e-07      4.934949886009629e-06 
2.61e-07       1.895673930060885e-06 
2.635e-07      0.899992069347183 
2.66e-07       0.8999932930210482 
2.685e-07      0.8999930956147661 
2.71e-07       0.899993533425903 
2.735e-07      0.8999937684453801 
2.76e-07       0.8999948649562938 
2.785e-07      0.8999948537160684 
2.81e-07       0.8999931256331235 
2.835e-07      0.8999934935450761 
2.86e-07       0.8999927789570453 
2.885e-07      0.8999923440201062 
2.91e-07       3.038344351213128e-06 
2.935e-07      7.765741741458477e-06 
2.96e-07       9.696658582056103e-06 
2.985e-07      8.592302271091912e-06 
3.01e-07       0.8999967631282579 
3.035e-07      6.734456366220179e-06 
3.06e-07       0.8999968911300382 
3.085e-07      0.8999965022329951 
3.11e-07       0.8999960851295904 
3.135e-07      7.85005420380771e-06 
3.16e-07       8.222571946690812e-06 
3.185e-07      0.8999975991835901 
3.21e-07       0.8999971401893228 
3.235e-07      0.8999964143478224 
3.26e-07       1.250265367312437e-06 
3.285e-07      0.8999946013407033 
3.31e-07       -9.697303480087594e-06 
3.335e-07      0.8999878945373863 
3.36e-07       0.8999724407655999 
3.385e-07      0.900142399735023 
3.41e-07       4.264847294033571e-05 
3.435e-07      0.8999970054244805 
3.46e-07       3.244433500635518e-05 
3.485e-07      0.9000018689369822 
3.51e-07       0.9000032372330852 
3.535e-07      0.9000045846906818 
3.56e-07       0.9000056600059231 
3.585e-07      4.136975027892231e-05 
3.61e-07       0.900007118381684 
3.635e-07      0.9000074846205521 
3.66e-07       3.084480466394647e-05 
3.685e-07      0.8997193445859065 
3.71e-07       -5.424326509391548e-05 
3.735e-07      -3.896687414385699e-05 
3.76e-07       0.8999878989159931 
3.785e-07      0.8999890048605935 
3.81e-07       -2.967249898029253e-05 
3.835e-07      -3.533014469123395e-05 
3.86e-07       -4.235845858974358e-05 
3.885e-07      0.8999752306807212 
3.91e-07       0.8999610967994001 
3.935e-07      -0.0001621407005159493 
3.96e-07       0.9002321537183204 
3.985e-07      7.202880867964832e-05 
4.01e-07       2.945957303530562e-05 
4.035e-07      1.893619667808263e-05 
4.06e-07       0.8999889227688309 
4.085e-07      1.680454570275243e-05 
4.11e-07       1.728082156347132e-05 
4.135e-07      2.072441997866611e-05 
4.16e-07       0.8999972836652768 
4.185e-07      0.8999990020418127 
4.21e-07       2.709084382247076e-05 
4.235e-07      0.9000003191362105 
4.26e-07       2.653999787006078e-05 
4.285e-07      0.9000004105957271 
4.31e-07       2.776572844919555e-05 
4.335e-07      0.9000010750680182 
4.36e-07       2.920111668688055e-05 
4.385e-07      0.9000018506582241 
4.41e-07       0.9000020556284754 
4.435e-07      0.9000020371737357 
4.46e-07       2.991295158067717e-05 
4.485e-07      3.029383087903114e-05 
4.51e-07       2.982076574277178e-05 
4.535e-07      2.97304586672013e-05 
4.56e-07       2.965965861608932e-05 
4.585e-07      3.015904906995712e-05 
4.61e-07       2.967809434280418e-05 
4.635e-07      2.97794136645022e-05 
4.66e-07       3.027036722068447e-05 
4.685e-07      2.992297175437362e-05 
4.71e-07       2.991613246459902e-05 
4.735e-07      0.9000019410821012 
4.76e-07       0.9000018186400703 
4.785000000000001e-07 0.9000017416188938 
4.81e-07       0.9000013271234683 
4.835e-07      2.823787597754917e-05 
4.86e-07       0.9000006689736051 
4.885000000000001e-07 0.9000000964335817 
4.91e-07       2.658130500440368e-05 
4.935e-07      2.556466318796935e-05 
4.96e-07       0.8999991186754965 
4.985000000000001e-07 0.8999981823300484 
5.010000000000001e-07 2.205774807198974e-05 
5.035e-07      0.8999952197442757 
5.060000000000001e-07 1.692403505120836e-05 
5.085000000000001e-07 0.8999908386948825 
5.110000000000001e-07 1.471443792910721e-05 
5.135e-07      0.8999892917126573 
5.16e-07       3.846063389940521e-05 
5.185000000000001e-07 0.0001431925762755586 
5.210000000000001e-07 0.0001578474611038429 
5.235e-07      -0.000701565342618542 
5.26e-07       0.8999680223491763 
5.285000000000001e-07 0.8999783301359435 
5.310000000000001e-07 -3.820456470991581e-05 
5.335000000000001e-07 -3.102612969325146e-05 
5.36e-07       -2.972400368734107e-05 
5.385e-07      -3.002870964254926e-05 
5.410000000000001e-07 0.8999853508917187 
5.435000000000001e-07 -4.367874488775639e-05 
5.46e-07       -6.134050849846482e-05 
5.485e-07      0.8999594799275222 
5.510000000000001e-07 0.0001961501889539243 
5.535000000000001e-07 0.9000074659118248 
5.560000000000001e-07 4.183740364387246e-05 
5.585e-07      4.047546705691716e-05 
5.61e-07       3.859572395195009e-05 
5.635000000000001e-07 0.9000040517243578 
5.660000000000001e-07 0.9000027878213235 
5.685e-07      0.9000011356007405 
5.71e-07       3.172331765682129e-05 
5.735000000000001e-07 0.8999948217693898 
5.760000000000001e-07 0.8999899690077442 
5.785000000000001e-07 -0.0008180646512519264 
5.81e-07       0.8999814003863387 
5.835000000000001e-07 0.8999908631249282 
5.860000000000001e-07 0.8999940191710659 
5.885000000000001e-07 0.8999952825023854 
5.91e-07       0.8999960252820062 
5.935e-07      0.8999968017313369 
5.960000000000001e-07 0.8999973464150206 
5.985000000000001e-07 8.204058231026671e-06 
6.01e-07       8.663234484821223e-06 
6.035e-07      0.8999968192657251 
6.060000000000001e-07 6.111736874070093e-06 
6.085000000000001e-07 0.8999967485408653 
6.110000000000001e-07 0.8999967427766721 
6.135e-07      0.8999966464259546 
6.16e-07       7.55443801355942e-06 
6.185000000000001e-07 0.8999980735114568 
6.210000000000001e-07 9.087609408859302e-06 
6.235e-07      6.369096118066708e-06 
6.26e-07       2.658986509938827e-06 
6.285000000000001e-07 9.039640787809141e-07 
6.310000000000001e-07 0.899993083875179 
6.335000000000001e-07 0.8999938785647493 
6.36e-07       0.8999946142258606 
6.385000000000001e-07 0.8999947381821576 
6.410000000000001e-07 0.8999938313968554 
6.435000000000001e-07 0.8999947197149897 
6.46e-07       0.8999933645798717 
6.485e-07      0.8999928713545253 
6.510000000000001e-07 0.8999929730497429 
6.535000000000001e-07 0.8999924462637696 
6.560000000000001e-07 2.167161482015075e-06 
6.585e-07      6.699453539025129e-06 
6.610000000000001e-07 9.240477291072504e-06 
6.635000000000001e-07 9.072768124689711e-06 
6.660000000000001e-07 0.8999968988385604 
6.685e-07      6.794518926480896e-06 
6.71e-07       6.990188772574652e-06 
6.735000000000001e-07 0.8999967078498692 
6.760000000000001e-07 0.8999960722417568 
6.785e-07      7.341827256485404e-06 
6.81e-07       8.432183010465428e-06 
6.835000000000001e-07 0.8999977992945851 
6.860000000000001e-07 6.407509118596531e-06 
6.885000000000001e-07 4.345467388226647e-06 
6.91e-07       2.084601009524515e-06 
6.935e-07      0.899994891795313 
6.960000000000001e-07 -6.885495234233955e-06 
6.985000000000001e-07 0.8999899292250436 
7.01e-07       0.8999797514542425 
7.035e-07      0.8999553379040673 
7.060000000000001e-07 0.9000672595842458 
7.085000000000001e-07 3.354582541151374e-05 
7.110000000000001e-07 3.264153935165756e-05 
7.135e-07      0.900001279663338 
7.160000000000001e-07 0.9000028802965178 
7.185000000000001e-07 0.9000041590562089 
7.210000000000001e-07 0.9000053806539668 
7.235e-07      0.9000063154793049 
7.26e-07       0.9000070167623516 
7.285000000000001e-07 4.307802507981059e-05 
7.310000000000001e-07 3.625752848703113e-05 
7.335e-07      0.8997830027854683 
7.36e-07       -5.973609126253131e-05 
7.385000000000001e-07 0.8999826742277098 
7.410000000000001e-07 -3.219499059307917e-05 
7.435000000000001e-07 -2.64620533108937e-05 
7.46e-07       -2.875249376449142e-05 
7.485e-07      -3.055677599232229e-05 
7.510000000000001e-07 -3.871588572964752e-05 
7.535000000000001e-07 -5.877773232176164e-05 
7.56e-07       -8.909850955781178e-05 
7.585e-07      0.8999400158977815 
7.610000000000001e-07 0.8999610213449786 
7.635000000000001e-07 0.9001973332125827 
7.660000000000001e-07 3.512141613635446e-05 
7.685e-07      2.055910936812904e-05 
7.710000000000001e-07 1.3249583378122e-05 
7.735000000000001e-07 1.610009735104053e-05 
7.760000000000001e-07 1.618020158772114e-05 
7.785e-07      0.8999953814848768 
7.81e-07       0.8999968902152093 
7.835000000000001e-07 0.8999983382383412 
7.860000000000001e-07 2.677607512997549e-05 
7.885000000000001e-07 0.9000004346448996 
7.91e-07       2.64125662424606e-05 
7.935000000000001e-07 2.705968736303422e-05 
7.960000000000001e-07 2.802069386930351e-05 
7.985000000000001e-07 0.9000010132218602 
8.01e-07       0.9000014276406983 
8.035e-07      2.958351276682688e-05 
8.060000000000001e-07 0.9000019836689265 
8.085000000000001e-07 0.9000021928342073 
8.11e-07       0.9000018491240902 
8.135e-07      0.9000020746946112 
8.160000000000001e-07 2.983041719792159e-05 
8.185000000000001e-07 2.976267245389815e-05 
8.210000000000001e-07 2.967501321361467e-05 
8.235e-07      2.963565764886724e-05 
8.26e-07       2.966168277181994e-05 
8.285000000000001e-07 3.02019797897228e-05 
8.310000000000001e-07 3.028209776955194e-05 
8.335e-07      2.990025065092356e-05 
8.36e-07       2.991661911124034e-05 
8.385000000000001e-07 0.9000019315879387 
8.410000000000001e-07 0.9000019422047599 
8.435000000000001e-07 0.9000018083626788 
8.46e-07       0.9000014078785059 
8.485000000000001e-07 0.9000011368541743 
8.510000000000001e-07 2.822076443878572e-05 
8.535000000000001e-07 0.9000004467349844 
8.56e-07       2.655514195886587e-05 
8.585e-07      2.59423018396204e-05 
8.610000000000001e-07 0.8999993814677929 
8.635000000000001e-07 0.8999986857338361 
8.660000000000001e-07 2.268196460670835e-05 
8.685e-07      0.8999959451340876 
8.710000000000001e-07 0.8999930318692874 
8.735000000000001e-07 1.565033446424723e-05 
8.760000000000001e-07 1.390931328220714e-05 
8.785e-07      0.8999894332919772 
8.81e-07       3.228559842274896e-05 
8.835000000000001e-07 8.669870719726112e-05 
8.860000000000001e-07 0.0001557264944887297 
8.885e-07      -0.0007309827711615375 
8.91e-07       0.8999624592497186 
8.935000000000001e-07 0.8999766150590219 
8.960000000000001e-07 -4.120388008841491e-05 
8.985000000000001e-07 0.8999860062911583 
9.01e-07       -3.043014198357065e-05 
9.035000000000001e-07 -2.945429057430319e-05 
9.060000000000001e-07 -3.291506510381561e-05 
9.085000000000001e-07 0.8999823635586729 
9.11e-07       0.8999761112241506 
9.135e-07      -8.478866031938027e-05 
9.160000000000001e-07 -2.85380479604458e-05 
9.185000000000001e-07 0.0001693220522501911 
9.210000000000001e-07 0.9000070573316746 
9.235e-07      0.9000062770907246 
9.260000000000001e-07 0.9000052102882093 
9.285000000000001e-07 3.713387776616972e-05 
9.310000000000001e-07 0.9000032375391105 
9.335e-07      0.9000016304481561 
9.36e-07       0.8999995218258938 
9.385000000000001e-07 0.8999961102929404 
9.410000000000001e-07 4.491159007716373e-05 
9.435000000000001e-07 0.9001064479845678 
9.46e-07       -0.000412942776847064 
9.485000000000001e-07 0.8999888469586215 
9.510000000000001e-07 0.8999930998481523 
9.535000000000001e-07 0.8999950332356302 
9.56e-07       2.627597237919907e-06 
9.585e-07      0.8999965876126463 
9.61e-07       6.154637766992218e-06 
9.635e-07      7.711277027453592e-06 
9.659999999999999e-07 8.306826255918319e-06 
9.684999999999999e-07 0.8999971331904931 
9.710000000000001e-07 6.094679407546201e-06 
9.735000000000001e-07 6.102734603501346e-06 
9.760000000000001e-07 0.8999968033393372 
9.785e-07      0.899996655207461 
9.81e-07       7.257037937420863e-06 
9.835e-07      8.89260453839151e-06 
9.860000000000002e-07 0.8999977955419057 
9.885000000000001e-07 7.425821269313009e-06 
9.910000000000001e-07 3.43476910390002e-06 
9.935000000000001e-07 8.427822518085265e-07 
9.960000000000001e-07 0.8999928904362967 
9.985000000000001e-07 0.899993641808963 
1.001e-06      0.8999944613942448 
1.0035e-06     0.8999947279682159 
1.006e-06      0.8999937304282767 
1.0085e-06     0.8999936693430945 
1.011e-06      0.8999946544786389 
1.0135e-06     0.8999939900865329 
1.016e-06      0.8999931684355307 
1.0185e-06     0.8999924820329169 
1.021e-06      0.8999923425253503 
1.0235e-06     4.584974325326459e-06 
1.026e-06      8.652557495557229e-06 
1.0285e-06     9.561102993752352e-06 
1.031e-06      7.756071032055941e-06 
1.0335e-06     0.8999965316290275 
1.036e-06      6.957660790606574e-06 
1.0385e-06     0.8999967658890458 
1.041e-06      0.8999960475764061 
1.0435e-06     0.8999965686765562 
1.046e-06      8.587026411323081e-06 
1.0485e-06     8.395108768494803e-06 
1.051e-06      6.941541481629685e-06 
1.0535e-06     4.935636714496307e-06 
1.056e-06      0.8999961115198946 
1.0585e-06     0.8999954066211723 
1.061e-06      0.8999941865582293 
1.0635e-06     -1.399308612000675e-05 
1.066e-06      0.8999836457957903 
1.0685e-06     -9.597807393504932e-05 
1.071e-06      0.9001286399396444 
1.0735e-06     3.518758083254023e-05 
1.076e-06      0.8999984774929796 
1.0785e-06     3.301814489554284e-05 
1.081e-06      3.489315803699969e-05 
1.0835e-06     0.9000037636382142 
1.086e-06      0.9000051034009999 
1.0885e-06     0.9000061098954323 
1.091e-06      4.205277384019708e-05 
1.0935e-06     4.343865165940215e-05 
1.096e-06      0.9000062421097962 
1.0985e-06     0.8999769200463112 
1.101e-06      0.8997531621723265 
1.1035e-06     -4.693941305433637e-05 
1.106e-06      -3.452986096446204e-05 
1.1085e-06     -2.923346348008342e-05 
1.111e-06      0.8999881220887544 
1.1135e-06     -3.15977579618202e-05 
1.116e-06      0.899985796369393 
1.1185e-06     -5.317036416972566e-05 
1.121e-06      -7.761733049419676e-05 
1.1235e-06     0.8999503355870447 
1.126e-06      -0.0001261388898348061 
1.1285e-06     0.9002710076280683 
1.131e-06      4.379378584436289e-05 
1.1335e-06     0.8999895565936193 
1.136e-06      1.42475525884882e-05 
1.1385e-06     0.8999908518950243 
1.141e-06      1.64199135381915e-05 
1.1435e-06     0.899994787272232 
1.146e-06      2.159140995879399e-05 
1.1485e-06     2.365037022905351e-05 
1.151e-06      2.624412020852548e-05 
1.1535e-06     0.9000000184837629 
1.156e-06      0.9000004914103252 
1.1585e-06     2.696265060306643e-05 
1.161e-06      0.9000004041258927 
1.1635e-06     0.9000008081005065 
1.166e-06      0.900001348246905 
1.1685e-06     2.94497134472165e-05 
1.171e-06      0.9000019762786192 
1.1735e-06     0.9000021321422916 
1.176e-06      0.9000020322464886 
1.1785e-06     2.991586479122057e-05 
1.181e-06      2.985159077018187e-05 
1.1835e-06     2.979722049651582e-05 
1.186e-06      2.969258044287869e-05 
1.1885e-06     2.964015763117827e-05 
1.191e-06      3.019570888875401e-05 
1.1935e-06     3.022139579298317e-05 
1.196e-06      2.98081074167772e-05 
1.1985e-06     2.988563290204728e-05 
1.201e-06      2.991807088113788e-05 
1.2035e-06     2.988558718566315e-05 
1.206e-06      0.9000019872279909 
1.2085e-06     0.9000019106317645 
1.211e-06      0.9000014674108213 
1.2135e-06     0.900001176421843 
1.216e-06      2.831405593442796e-05 
1.2185e-06     0.9000005411113384 
1.221e-06      2.683412080123802e-05 
1.2235e-06     0.8999996204317111 
1.226e-06      2.498770990696737e-05 
1.2285e-06     0.8999992958023397 
1.231e-06      0.8999984504524117 
1.2335e-06     0.8999963627380849 
1.236e-06      0.8999940146719668 
1.2385e-06     1.627443634224271e-05 
1.241e-06      0.8999889655913893 
1.2435e-06     1.684975020965488e-05 
1.246e-06      0.8999899304485923 
1.2485e-06     5.891754682191787e-05 
1.251e-06      0.9001262951524421 
1.2535e-06     -0.0007186008414222804 
1.256e-06      0.8999566715225694 
1.2585e-06     -7.094879627770386e-05 
1.261e-06      0.8999811153165292 
1.2635e-06     0.8999861833109891 
1.266e-06      0.8999871419382334 
1.2685e-06     0.8999878322164926 
1.271e-06      -3.15753062304846e-05 
1.2735e-06     0.8999847544665325 
1.276e-06      0.8999781039542418 
1.2785e-06     -7.875611254129801e-05 
1.281e-06      0.8999431364091913 
1.2835e-06     0.0001674540475964798 
1.286e-06      0.9000072783616372 
1.2885e-06     0.9000065161428475 
1.291e-06      0.9000053660713273 
1.2935e-06     0.9000045255229095 
1.296e-06      0.9000035217284323 
1.2985e-06     3.423665840241506e-05 
1.301e-06      0.9000002369647927 
1.3035e-06     3.164002010572163e-05 
1.306e-06      3.753063930260101e-05 
1.3085e-06     0.9000269027156532 
1.311e-06      0.8998048228064122 
1.3135e-06     0.8999865855311118 
1.316e-06      -1.085146949805019e-05 
1.3185e-06     -3.284311908283188e-06 
1.321e-06      1.857370339624458e-06 
1.3235e-06     0.8999961103038067 
1.326e-06      5.559091820129283e-06 
1.3285e-06     0.8999974911477097 
1.331e-06      8.584936478670085e-06 
1.3335e-06     8.036878578477232e-06 
1.336e-06      6.707625132259707e-06 
1.3385e-06     6.072589854701401e-06 
1.341e-06      0.8999968280557502 
1.3435e-06     6.690512866420132e-06 
1.346e-06      0.8999967169074417 
1.3485e-06     8.353643460420729e-06 
1.351e-06      0.899998299236223 
1.3535e-06     8.204384292431391e-06 
1.356e-06      4.400605305332975e-06 
1.3585e-06     1.534488262347187e-06 
1.361e-06      0.8999927159702549 
1.3635e-06     0.8999933666683178 
1.366e-06      0.8999943353434051 
1.3685e-06     0.8999948642240422 
1.371e-06      0.8999949363726366 
1.3735e-06     0.8999948461818579 
1.376e-06      0.899993663660124 
1.3785e-06     0.8999930830026902 
1.381e-06      0.8999934548220946 
1.3835e-06     0.899992738338843 
1.386e-06      0.8999923062538593 
1.3885e-06     3.397564382999357e-06 
1.391e-06      8.2462417394589e-06 
1.3935e-06     9.86672944004254e-06 
1.396e-06      8.305234789857076e-06 
1.3985e-06     0.8999967030329274 
1.401e-06      6.735781524135926e-06 
1.4035e-06     0.8999968242994362 
1.406e-06      5.943378967471164e-06 
1.4085e-06     0.8999963159143816 
1.411e-06      8.005690345809928e-06 
1.4135e-06     8.628140675992849e-06 
1.416e-06      7.303993637320043e-06 
1.4185e-06     5.463996187467285e-06 
1.421e-06      0.8999960581983526 
1.4235e-06     7.592135805701524e-07 
1.426e-06      0.8999944484326147 
1.4285e-06     -1.104015879887024e-05 
1.431e-06      -2.71090355244189e-05 
1.4335e-06     -7.12141149169498e-05 
1.436e-06      0.9001809477814315 
1.4385e-06     3.93443685406111e-05 
1.441e-06      0.8999975410251715 
1.4435e-06     3.266923143456537e-05 
1.446e-06      3.446184122706397e-05 
1.4485e-06     0.9000034451889046 
1.451e-06      0.9000048073274999 
1.4535e-06     0.9000057996700843 
1.456e-06      4.166862150880014e-05 
1.4585e-06     0.9000072217110004 
1.461e-06      0.9000072490482187 
1.4635e-06     2.708144199581817e-05 
1.466e-06      0.8997360463279841 
1.4685e-06     -5.170140004910954e-05 
1.471e-06      -3.433602336442466e-05 
1.4735e-06     0.8999875207646821 
1.476e-06      0.8999891000746673 
1.4785e-06     -2.745985461619533e-05 
1.481e-06      0.8999856712850514 
1.4835e-06     0.8999827861003359 
1.486e-06      0.8999737920779407 
1.4885e-06     0.8999578075221715 
1.491e-06      -0.0001617398005645 
1.4935e-06     0.9002202200428341 
1.496e-06      6.04693154113495e-05 
1.4985e-06     0.8999901839928786 
1.501e-06      1.805536724227283e-05 
1.5035e-06     0.8999896051235197 
1.506e-06      1.59758147859071e-05 
1.5085e-06     1.781653548983777e-05 
1.511e-06      2.10642414463264e-05 
1.5135e-06     0.8999983126313186 
1.516e-06      0.8999990817911655 
1.5185e-06     0.8999997759250794 
1.521e-06      0.9000003814875571 
1.5235e-06     2.671878337527051e-05 
1.526e-06      0.900000448187169 
1.5285e-06     2.782645935620996e-05 
1.531e-06      0.900001238852006 
1.5335e-06     2.925991192766809e-05 
1.536e-06      0.9000018319316569 
1.5385e-06     0.900002076539088 
1.541e-06      0.9000020465082327 
1.5435e-06     2.991292311088849e-05 
1.546e-06      2.988534051744023e-05 
1.5485e-06     2.980556273728207e-05 
1.551e-06      2.971717930721893e-05 
1.5535e-06     2.965287443990446e-05 
1.556e-06      2.96389084605909e-05 
1.5585e-06     2.968944621738941e-05 
1.561e-06      2.97880524284173e-05 
1.5635e-06     2.987330130706947e-05 
1.566e-06      2.997777171210899e-05 
1.5685e-06     2.989167170307021e-05 
1.571e-06      0.9000018877201243 
1.5735e-06     0.9000018877753239 
1.576e-06      0.9000016702910509 
1.5785e-06     0.9000013837812596 
1.581e-06      2.807660079219396e-05 
1.5835e-06     0.9000006128662148 
1.586e-06      2.702497396660806e-05 
1.5885e-06     2.62001114820267e-05 
1.591e-06      2.538833898191511e-05 
1.5935e-06     0.899998962380498 
1.596e-06      0.8999979577359332 
1.5985e-06     2.179810403506069e-05 
1.601e-06      1.899329474831502e-05 
1.6035e-06     1.671836335855815e-05 
1.606e-06      0.8999902195136328 
1.6085e-06     1.544995186464501e-05 
1.611e-06      0.8999894716094768 
1.6135e-06     4.296266632999735e-05 
1.616e-06      0.0001844632538461162 
1.6185e-06     -0.000895193530459012 
1.621e-06      0.89994799092058 
1.6235e-06     -7.909059952924434e-05 
1.626e-06      0.8999794699114658 
1.6285e-06     -3.948912540592173e-05 
1.631e-06      -3.256833373784211e-05 
1.6335e-06     -2.944699634157225e-05 
1.636e-06      -3.034920717312232e-05 
1.6385e-06     0.8999847908092142 
1.641e-06      -4.58986340077753e-05 
1.6435e-06     -6.941005092241959e-05 
1.646e-06      0.8999552470811458 
1.6485e-06     0.000166493762239659 
1.651e-06      0.9000075524260628 
1.6535e-06     0.9000067490425321 
1.656e-06      3.987838615355585e-05 
1.6585e-06     3.818202730946598e-05 
1.661e-06      0.9000038764737123 
1.6635e-06     0.90000270088811 
1.666e-06      0.9000007402134569 
1.6685e-06     3.17031617751328e-05 
1.671e-06      3.438606125464353e-05 
1.6735e-06     0.8999914689312578 
1.676e-06      -0.0004828600902333542 
1.6785e-06     0.8999833776368698 
1.681e-06      0.8999914333445707 
1.6835e-06     0.8999941761237377 
1.686e-06      8.17028229144496e-07 
1.6885e-06     0.8999960943684467 
1.691e-06      0.8999968618803169 
1.6935e-06     0.8999973886712732 
1.696e-06      8.447754483177769e-06 
1.6985e-06     8.635928666268205e-06 
1.701e-06      0.8999966748895921 
1.7035e-06     6.04828870474144e-06 
1.706e-06      0.8999967478868347 
1.7085e-06     6.892563840395206e-06 
1.711e-06      0.8999966370425653 
1.7135e-06     7.846634321424834e-06 
1.716e-06      0.8999981821678411 
1.7185e-06     8.701961131199824e-06 
1.721e-06      5.69931751370088e-06 
1.7235e-06     2.187689286153346e-06 
1.726e-06      0.8999925613756021 
1.7285e-06     0.8999930713926778 
1.731e-06      0.8999941087843399 
1.7335e-06     0.8999947181336178 
1.736e-06      0.8999947766268187 
1.7385e-06     0.8999937201150823 
1.741e-06      0.8999936746342297 
1.7435e-06     0.8999932350446522 
1.746e-06      0.8999936273478299 
1.7485e-06     0.8999928731593333 
1.751e-06      0.899992390034975 
1.7535e-06     2.583769325324231e-06 
1.756e-06      7.171557377709368e-06 
1.7585e-06     9.477684258319233e-06 
1.761e-06      8.819811646555673e-06 
1.7635e-06     0.8999968273035341 
1.766e-06      6.787504574666027e-06 
1.7685e-06     6.958564248098028e-06 
1.771e-06      0.899996592847085 
1.7735e-06     0.8999961228646892 
1.776e-06      7.615379627766028e-06 
1.7785e-06     8.283309405379307e-06 
1.781e-06      0.8999976965043827 
1.7835e-06     6.147558873644446e-06 
1.786e-06      0.8999965572332518 
1.7885e-06     1.658038218766731e-06 
1.791e-06      0.899994734050453 
1.7935e-06     -8.234625018508328e-06 
1.796e-06      0.8999889549687377 
1.7985e-06     0.8999764354170274 
1.801e-06      0.8999959042152763 
1.8035e-06     0.9000608786467399 
1.806e-06      3.235599559003635e-05 
1.8085e-06     3.219755223211003e-05 
1.811e-06      0.9000016054017161 
1.8135e-06     0.9000030602458186 
1.816e-06      0.9000043632869276 
1.8185e-06     0.9000055221266597 
1.821e-06      4.112807884607408e-05 
1.8235e-06     0.9000069223361216 
1.826e-06      0.9000074094128795 
1.8285e-06     3.384597215177956e-05 
1.831e-06      0.899699381482301 
1.8335e-06     -5.684706485170745e-05 
1.836e-06      0.8999832828747483 
1.8385e-06     0.8999876265526429 
1.841e-06      0.8999881898166517 
1.8435e-06     -2.904234161113426e-05 
1.846e-06      -3.411340686425232e-05 
1.8485e-06     -4.397884772596201e-05 
1.851e-06      0.899976547267468 
1.8535e-06     -9.475277737646853e-05 
1.856e-06      -0.0001531914000718189 
1.8585e-06     0.8998817673538578 
1.861e-06      0.9001577877551626 
1.8635e-06     3.227378424787508e-05 
1.866e-06      1.969287863864984e-05 
1.8685e-06     1.284629508702805e-05 
1.871e-06      1.64176969584413e-05 
1.8735e-06     1.670134872418984e-05 
1.876e-06      2.037298022078565e-05 
1.8785e-06     0.8999970345303101 
1.881e-06      0.8999985863069653 
1.8835e-06     2.63241467399071e-05 
1.886e-06      0.9000004175850127 
1.8885e-06     2.639095584651035e-05 
1.891e-06      2.724607243606993e-05 
1.8935e-06     2.770609908848141e-05 
1.896e-06      0.9000011029447016 
1.8985e-06     2.910919491525581e-05 
1.901e-06      0.9000018014928575 
1.9035e-06     0.9000020233577486 
1.906e-06      0.9000020488444326 
1.9085e-06     2.99104338888144e-05 
1.911e-06      0.900001854255543 
1.9135e-06     2.981989774710801e-05 
1.916e-06      2.974665003571108e-05 
1.9185e-06     2.966653848602752e-05 
1.921e-06      3.019052414904007e-05 
1.9235e-06     2.966793276047413e-05 
1.926e-06      3.023753364214719e-05 
1.9285e-06     3.028731406996465e-05 
1.931e-06      2.990719391079451e-05 
1.9335e-06     2.991280632604969e-05 
1.936e-06      0.9000019564158338 
1.9385e-06     0.9000020281464263 
1.941e-06      0.9000017782123666 
1.9435e-06     0.9000013640460419 
1.946e-06      2.846729751974506e-05 
1.9485e-06     0.9000008614238018 
1.951e-06      0.9000004004507011 
1.9535e-06     2.649247590220418e-05 
1.956e-06      2.576521734241424e-05 
1.9585e-06     0.8999992602258549 
1.961e-06      0.89999842498918 
1.9635e-06     2.236889636158755e-05 
1.966e-06      0.8999956818777732 
1.9685e-06     0.8999925645313621 
1.971e-06      0.8999913479157461 
1.9735e-06     1.435385777797917e-05 
1.976e-06      0.8999892270206808 
1.9785e-06     3.509069399176179e-05 
1.981e-06      0.0001063027540603867 
1.9835e-06     0.00011290488102945 
1.986e-06      -0.0007223723433403363 
1.9885e-06     0.8999650211999392 
1.991e-06      0.8999775751864325 
1.9935e-06     -4.286895547326753e-05 
1.996e-06      -3.189840953283333e-05 
1.9985e-06     -3.020434023667306e-05 
2.001e-06      -2.982215426293808e-05 
2.0035e-06     -3.386153178112432e-05 
2.006e-06      0.8999816119818307 
2.0085e-06     0.8999760827382773 
2.011e-06      0.8999627697663141 
2.0135e-06     0.0004112427380848002 
2.016e-06      0.9000076527994567 
2.0185e-06     4.203831205103905e-05 
2.021e-06      0.9000061018856346 
2.0235e-06     0.9000050600665516 
2.026e-06      3.683409788350281e-05 
2.0285e-06     0.9000030945584868 
2.031e-06      0.9000018425750722 
2.0335e-06     0.8999990918137301 
2.036e-06      0.899995560055417 
2.0385e-06     5.148687486733509e-05 
2.041e-06      0.0001124557726925467 
2.0435e-06     -0.0003872258320858699 
2.046e-06      0.8999898452869296 
2.0485e-06     0.8999935331979207 
2.051e-06      0.8999949191604153 
2.0535e-06     0.899996222989338 
2.056e-06      0.8999967078429575 
2.0585e-06     6.407251781486575e-06 
2.061e-06      7.979527883050758e-06 
2.0635e-06     8.491257630255349e-06 
2.066e-06      0.8999969701663161 
2.0685e-06     6.211749524528687e-06 
2.071e-06      0.8999961883148305 
2.0735e-06     0.8999967836133156 
2.076e-06      0.8999966408705421 
2.0785e-06     7.372289732074078e-06 
2.081e-06      9.12283900351499e-06 
2.0835e-06     0.8999974736757029 
2.086e-06      6.861937806828343e-06 
2.0885e-06     2.990913638720078e-06 
2.091e-06      6.518025448930039e-07 
2.0935e-06     0.8999928960552729 
2.096e-06      0.8999937556573532 
2.0985e-06     0.8999945540713704 
2.101e-06      0.8999947933478124 
2.1035e-06     0.8999937158560979 
2.106e-06      0.8999937515082038 
2.1085e-06     0.8999933471784906 
2.111e-06      0.8999938596154924 
2.1135e-06     0.8999930758159944 
2.116e-06      0.8999925085403022 
2.1185e-06     1.752837807036072e-06 
2.121e-06      5.109998413444435e-06 
2.1235e-06     8.979216893950943e-06 
2.126e-06      9.323575041230408e-06 
2.1285e-06     7.48381316225258e-06 
2.131e-06      0.8999966315557346 
2.1335e-06     7.030311153772599e-06 
2.136e-06      0.8999967669897925 
2.1385e-06     0.8999960389325667 
2.141e-06      7.108443718645221e-06 
2.1435e-06     8.637425915738109e-06 
2.146e-06      0.8999979023524883 
2.1485e-06     6.652096075556654e-06 
2.151e-06      4.633964901964965e-06 
2.1535e-06     0.8999960055774815 
2.156e-06      0.8999952501889206 
2.1585e-06     -5.588595759378562e-06 
2.161e-06      0.8999907600941826 
2.1635e-06     0.8999817555363886 
2.166e-06      0.8999450991924356 
2.1685e-06     0.9000889531203188 
2.171e-06      3.435712276082859e-05 
2.1735e-06     3.248038943020435e-05 
2.176e-06      0.9000010818728603 
2.1785e-06     3.515145191185713e-05 
2.181e-06      0.9000039380177056 
2.1835e-06     0.9000051849703855 
2.186e-06      0.9000061593480312 
2.1885e-06     4.232318633488958e-05 
2.191e-06      4.338362775584415e-05 
2.1935e-06     0.9000053293576197 
2.196e-06      0.9000316763811033 
2.1985e-06     0.8997616019225017 
2.201e-06      -4.461208950254388e-05 
2.2035e-06     -3.343529230376334e-05 
2.206e-06      -2.883512292789536e-05 
2.2085e-06     0.8999880522844073 
2.211e-06      -3.231406210502908e-05 
2.2135e-06     -4.007376302756588e-05 
2.216e-06      -5.600679908816382e-05 
2.2185e-06     -8.26948466554319e-05 
2.221e-06      0.89994540787661 
2.2235e-06     -8.331039542360692e-05 
2.226e-06      0.9002442787553977 
2.2285e-06     3.891397443687085e-05 
2.231e-06      2.184295798436071e-05 
2.2335e-06     1.371440998222165e-05 
2.236e-06      0.899991209905333 
2.2385e-06     1.658261542494266e-05 
2.241e-06      0.8999951469728771 
2.2435e-06     0.8999966906545501 
2.246e-06      0.8999980757986588 
2.2485e-06     2.652678324813823e-05 
2.251e-06      0.9000001563705382 
2.2535e-06     2.63921704816678e-05 
2.256e-06      2.694032129407886e-05 
2.2585e-06     2.76161242690295e-05 
2.261e-06      0.900000926889247 
2.2635e-06     0.9000013903032202 
2.266e-06      2.948761544867156e-05 
2.2685e-06     0.9000019933308285 
2.271e-06      0.9000021457808922 
2.2735e-06     0.9000020714915152 
2.276e-06      2.991073254353395e-05 
2.2785e-06     2.984096903046176e-05 
2.281e-06      2.977963190009579e-05 
2.2835e-06     2.968452827410535e-05 
2.286e-06      3.020892603751235e-05 
2.2885e-06     2.965338203378393e-05 
2.291e-06      2.972970557781741e-05 
2.2935e-06     2.981857325568078e-05 
2.296e-06      2.989378837172281e-05 
2.2985e-06     2.991813204251307e-05 
2.301e-06      2.987245084345224e-05 
2.3035e-06     0.9000019840780304 
2.306e-06      0.9000018578601631 
2.3085e-06     0.9000015371435618 
2.311e-06      0.9000012139977417 
2.3135e-06     2.787364856729492e-05 
2.316e-06      0.9000005666075821 
2.3185e-06     2.670213514995042e-05 
2.321e-06      2.582032844089792e-05 
2.3235e-06     2.547682772353671e-05 
2.326e-06      0.8999991122212817 
2.3285e-06     0.8999974156741587 
2.331e-06      0.899996160215617 
2.3335e-06     0.8999935466650593 
2.336e-06      1.603190529805696e-05 
2.3385e-06     1.350802413468293e-05 
2.341e-06      1.888332522686274e-05 
2.3435e-06     0.8999894849050737 
2.346e-06      6.974545173291642e-05 
2.3485e-06     0.9001176403962817 
2.351e-06      -0.0007375517098812033 
2.3535e-06     0.8999595944585612 
2.356e-06      -6.626905080995759e-05 
2.3585e-06     0.8999817438085919 
2.361e-06      0.899986512528719 
2.3635e-06     -3.087221328754031e-05 
2.366e-06      -2.928057725110621e-05 
2.3685e-06     -3.235133992918737e-05 
2.371e-06      0.8999829865007866 
2.3735e-06     0.8999771912552759 
2.376e-06      -8.377869683883021e-05 
2.3785e-06     -0.0001503660976152562 
2.381e-06      0.0001687888730004203 
2.3835e-06     0.9000071784708943 
2.386e-06      0.9000063542549133 
2.3885e-06     0.9000053512619911 
2.391e-06      3.730581202534931e-05 
2.3935e-06     0.900003379520624 
2.396e-06      3.405880014856517e-05 
2.3985e-06     0.8999999105868581 
2.401e-06      0.8999967176289856 
2.4035e-06     4.083388992930349e-05 
2.406e-06      0.9000782329606499 
2.4085e-06     -0.0004396354088549985 
2.411e-06      0.8999877676010939 
2.4135e-06     -9.514539771552918e-06 
2.416e-06      0.8999948815646384 
2.4185e-06     2.250560300686281e-06 
2.421e-06      0.8999964425423491 
2.4235e-06     5.805563384948652e-06 
2.426e-06      0.8999975855101955 
2.4285e-06     0.8999975350315054 
2.431e-06      0.8999972672584513 
2.4335e-06     6.244201648166067e-06 
2.436e-06      6.225994448651786e-06 
2.4385e-06     0.8999968441608409 
2.441e-06      0.8999966556831084 
2.4435e-06     0.8999967769689341 
2.446e-06      8.635619704445194e-06 
2.4485e-06     0.8999981124696443 
2.451e-06      7.922643682292012e-06 
2.4535e-06     3.982504971876715e-06 
2.456e-06      1.140387477985416e-06 
2.4585e-06     0.8999927931029613 
2.461e-06      0.8999935061305766 
2.4635e-06     0.8999942663046081 
2.466e-06      0.899994822215443 
2.4685e-06     0.8999949555152691 
2.471e-06      0.8999938010594075 
2.4735e-06     0.8999947276958831 
2.476e-06      0.8999942036740878 
2.4785e-06     0.8999932835041471 
2.481e-06      0.8999926483564049 
2.4835e-06     0.899992180778979 
2.486e-06      4.042928412701277e-06 
2.4885e-06     8.658152861226765e-06 
2.491e-06      9.718343421579657e-06 
2.4935e-06     8.052916958927673e-06 
2.496e-06      0.8999965601320398 
2.4985e-06     6.742900220193239e-06 
2.501e-06      0.8999967868418474 
2.5035e-06     5.850462969506036e-06 
2.506e-06      0.8999964290745964 
2.5085e-06     8.504833386812106e-06 
2.511e-06      8.589437216719836e-06 
2.5135e-06     7.121465614088691e-06 
2.516e-06      5.228312466762576e-06 
2.5185e-06     0.8999959688463172 
2.521e-06      3.721918575768659e-07 
2.5235e-06     0.8999943153017653 
2.526e-06      -1.258045713968467e-05 
2.5285e-06     0.8999853792031242 
2.531e-06      -8.246418420668294e-05 
2.5335e-06     0.9001883112022704 
2.536e-06      3.621271469513266e-05 
2.5385e-06     0.8999978782535412 
2.541e-06      3.286786007640218e-05 
2.5435e-06     3.457677670241671e-05 
2.546e-06      3.646682724049787e-05 
2.5485e-06     3.876889219961839e-05 
2.551e-06      0.900005932812552 
2.5535e-06     4.186459189296208e-05 
2.556e-06      4.327775468118134e-05 
2.5585e-06     0.9000066124949908 
2.561e-06      2.214040593825671e-05 
2.5635e-06     0.8997492821372451 
2.566e-06      -4.929737015557396e-05 
2.5685e-06     -3.588408265847846e-05 
2.571e-06      -2.944398429611991e-05 
2.5735e-06     -2.835124712829427e-05 
2.576e-06      -3.063759013032499e-05 
2.5785e-06     0.8999862154197066 
2.581e-06      -5.065200530748323e-05 
2.5835e-06     0.8999722601235165 
