
time (s)       VT("/biP<3>") (V)


2.6e-08        0.8998964336711576 
2.85e-08       0.8998564697064647 
3.1e-08        0.001016686751564933 
3.35e-08       0.0001499282386884607 
3.6e-08        8.688287557387303e-05 
3.85e-08       0.899998112002246 
4.1e-08        5.245640686253996e-05 
4.35e-08       4.899346963528174e-05 
4.6e-08        4.973588536108898e-05 
4.85e-08       0.9000038916582781 
5.1e-08        5.584497308422685e-05 
5.35e-08       5.826665693865702e-05 
5.600000000000001e-08 0.9000098438103886 
5.85e-08       0.900010365858716 
6.1e-08        0.9000096240596756 
6.350000000000001e-08 0.900010083922291 
6.600000000000001e-08 6.080631597864495e-05 
6.850000000000001e-08 6.146521625015751e-05 
7.1e-08        0.9000118728554917 
7.35e-08       0.9000123265904445 
7.599999999999999e-08 0.9000124737845633 
7.849999999999999e-08 0.9000126408745406 
8.1e-08        0.9000124586845747 
8.35e-08       0.9000123922777892 
8.6e-08        0.9000123445544012 
8.85e-08       0.9000122780135442 
9.100000000000001e-08 0.9000117988543863 
9.350000000000001e-08 0.9000117822793758 
9.600000000000001e-08 0.9000117616200884 
9.850000000000002e-08 0.9000119593778969 
1.01e-07       0.9000120779554641 
1.035e-07      0.9000121843479977 
1.06e-07       0.900012271689573 
1.085e-07      6.183388815093628e-05 
1.11e-07       0.900012356483482 
1.135e-07      0.9000118465592974 
1.16e-07       0.900011499345837 
1.185e-07      0.9000110892465956 
1.21e-07       6.004920620941938e-05 
1.235e-07      5.931303449419388e-05 
1.26e-07       0.9000094295272761 
1.285e-07      0.9000083775924327 
1.31e-07       0.9000091905980385 
1.335e-07      0.9000066394997138 
1.36e-07       5.392949132457292e-05 
1.385e-07      0.9000020796713961 
1.41e-07       0.9000000982362878 
1.435e-07      4.98214861220566e-05 
1.46e-07       6.090400867341072e-05 
1.485e-07      8.739798970369301e-05 
1.51e-07       0.9000137835396579 
1.535e-07      0.0004393226205899576 
1.56e-07       -0.001335977936550067 
1.585e-07      0.8998939776835891 
1.61e-07       0.8999292018559794 
1.635e-07      0.8999474145751739 
1.66e-07       -0.0001187070561381104 
1.685e-07      -0.0001103760401356787 
1.71e-07       0.8999651099234779 
1.735e-07      -0.0001068455695170495 
1.76e-07       0.8999578893083771 
1.785e-07      0.8999471967663728 
1.81e-07       -0.0001915030107169867 
1.835e-07      -0.0002681565440716067 
1.86e-07       0.9001135145391723 
1.885e-07      0.9000243869876183 
1.91e-07       0.9000229063963869 
1.935e-07      0.9000210904249132 
1.96e-07       8.210385351930222e-05 
1.985e-07      0.9000177912604297 
2.01e-07       0.9000165643392358 
2.035e-07      7.966100732157479e-05 
2.06e-07       0.9000127546265255 
2.085e-07      0.0001040243131240315 
2.11e-07       0.0002321457709920397 
2.135e-07      -0.0009393178968100273 
2.16e-07       0.8999638413296724 
2.185e-07      0.8999788829341691 
2.21e-07       -3.756893673270671e-05 
2.235e-07      0.8999890216817699 
2.26e-07       0.8999911151890371 
2.285e-07      0.8999929328127169 
2.31e-07       -9.20947333937664e-06 
2.335e-07      -5.871909644530131e-06 
2.36e-07       0.8999955825797137 
2.385e-07      -6.769530346360496e-06 
2.41e-07       -7.969709389786728e-06 
2.435e-07      -7.336283767130254e-06 
2.46e-07       -7.240208424723289e-06 
2.485e-07      0.8999939649374137 
2.51e-07       0.8999951496491965 
2.535e-07      -2.069878894737301e-06 
2.56e-07       -1.715801526445776e-06 
2.585e-07      -5.823996502811085e-06 
2.61e-07       -1.02101622159826e-05 
2.635e-07      -1.247689719474313e-05 
2.66e-07       -1.162031521863785e-05 
2.685e-07      -1.292732983343109e-05 
2.71e-07       -1.254336351096486e-05 
2.735e-07      -1.198123456564632e-05 
2.76e-07       -9.296789872862831e-06 
2.785e-07      -9.598259252532499e-06 
2.81e-07       -1.294704486267569e-05 
2.835e-07      -1.122750198021047e-05 
2.86e-07       -1.16902168403753e-05 
2.885e-07      -1.09165841848543e-05 
2.91e-07       0.8999916816434118 
2.935e-07      -2.680609122887086e-06 
2.96e-07       -1.719721449412899e-06 
2.985e-07      -4.298543056265045e-06 
3.01e-07       -6.574848993816765e-06 
3.035e-07      0.8999940103440195 
3.06e-07       0.8999943905657651 
3.085e-07      0.8999937422393003 
3.11e-07       -8.259125852231312e-06 
3.135e-07      0.8999950785498675 
3.16e-07       -5.944755292534363e-06 
3.185e-07      -8.188342624118401e-06 
3.21e-07       0.8999933951790697 
3.235e-07      -1.755031459483409e-05 
3.26e-07       0.8999896206441133 
3.285e-07      0.8999864983483336 
3.31e-07       0.8999809496274194 
3.335e-07      0.8999696499297527 
3.36e-07       -0.000153938082309731 
3.385e-07      0.900291139707534 
3.41e-07       0.000122696198629023 
3.435e-07      8.911701913540402e-05 
3.46e-07       8.095976851694307e-05 
3.485e-07      7.922493814445651e-05 
3.51e-07       0.9000173806475613 
3.535e-07      8.240154733909768e-05 
3.56e-07       0.9000211394778787 
3.585e-07      8.807548987006273e-05 
3.61e-07       9.168199536243607e-05 
3.635e-07      0.9000250863776074 
3.66e-07       0.900015556317681 
3.685e-07      -0.001230802236534257 
3.71e-07       -0.0001536232897193833 
3.735e-07      -0.0001229449428610906 
3.76e-07       -0.0001015633299567744 
3.785e-07      0.8999680148987143 
3.81e-07       -0.0001051497184948213 
3.835e-07      -0.0001180337368200528 
3.86e-07       0.8999546638944559 
3.885e-07      -0.0001813087053379021 
3.91e-07       0.8999088176759984 
3.935e-07      0.8998554083380519 
3.96e-07       0.900453946815726 
3.985e-07      0.0001922584347595547 
4.01e-07       9.93462484587913e-05 
4.035e-07      0.9000006007983475 
4.06e-07       4.965180030847906e-05 
4.085e-07      0.9000002484730246 
4.11e-07       4.93584103064931e-05 
4.135e-07      0.9000041916459482 
4.16e-07       0.9000058888612127 
4.185e-07      5.817003350308505e-05 
4.21e-07       0.9000100986464357 
4.235e-07      0.9000102097012094 
4.26e-07       0.9000095158042717 
4.285e-07      0.9000101141426456 
4.31e-07       6.021815371222772e-05 
4.335e-07      6.122977611210837e-05 
4.36e-07       0.9000117876570324 
4.385e-07      0.9000122182183674 
4.41e-07       0.9000124825029044 
4.435e-07      0.9000125400749109 
4.46e-07       0.9000122028445491 
4.485e-07      0.9000124196905813 
4.51e-07       0.9000119852889846 
4.535e-07      0.9000118873458748 
4.56e-07       0.9000118192513237 
4.585e-07      0.9000122043918777 
4.61e-07       0.9000117386651829 
4.635e-07      0.9000119351653395 
4.66e-07       0.9000123728867291 
4.685e-07      0.9000121596348207 
4.71e-07       0.9000121334137851 
4.735e-07      6.175858468189287e-05 
4.76e-07       0.9000122280322314 
4.785000000000001e-07 0.9000120744153673 
4.81e-07       0.9000115309915573 
4.835e-07      0.9000109417578166 
4.86e-07       6.027240425857149e-05 
4.885000000000001e-07 5.889419091682308e-05 
4.91e-07       5.895004061093898e-05 
4.935e-07      0.9000087144362576 
4.96e-07       5.710345067871281e-05 
4.985000000000001e-07 0.9000071657889458 
5.010000000000001e-07 0.9000052469056335 
5.035e-07      5.166927831642794e-05 
5.060000000000001e-07 0.9000004967249529 
5.085000000000001e-07 5.023694074781521e-05 
5.110000000000001e-07 5.60995720680609e-05 
5.135e-07      7.831866842522749e-05 
5.16e-07       0.0001237017116829474 
5.185000000000001e-07 0.9000776510141847 
5.210000000000001e-07 0.0003345830933647393 
5.235e-07      -0.001309887973207146 
5.26e-07       0.8999217251098711 
5.285000000000001e-07 0.8999429852548066 
5.310000000000001e-07 0.8999580012932642 
5.335000000000001e-07 -0.0001082518032604458 
5.36e-07       0.8999648964022479 
5.385e-07      -0.0001052041848187863 
5.410000000000001e-07 0.8999600934610562 
5.435000000000001e-07 0.8999534335358108 
5.46e-07       -0.0001674851055388217 
5.485e-07      -0.0002349386081334806 
5.510000000000001e-07 0.0004198878171165541 
5.535000000000001e-07 0.9000246164586947 
5.560000000000001e-07 0.9000228921853364 
5.585e-07      0.9000212762314536 
5.61e-07       8.287820423164645e-05 
5.635000000000001e-07 0.900018546364558 
5.660000000000001e-07 0.9000167289017595 
5.685e-07      7.777528028073441e-05 
5.71e-07       0.9000134022760607 
5.735000000000001e-07 9.668100265954669e-05 
5.760000000000001e-07 0.0001604217698780887 
5.785000000000001e-07 -0.001391197746262209 
5.81e-07       0.8999563792012023 
5.835000000000001e-07 0.8999762433708134 
5.860000000000001e-07 -4.145285647859011e-05 
5.885000000000001e-07 0.8999881739520231 
5.91e-07       -2.093464562959909e-05 
5.935e-07      0.899992488226156 
5.960000000000001e-07 -1.029462666617066e-05 
5.985000000000001e-07 -6.730219925975332e-06 
6.01e-07       0.8999959779381196 
6.035e-07      -6.13483144505464e-06 
6.060000000000001e-07 -7.9370113308316e-06 
6.085000000000001e-07 -7.634676238168329e-06 
6.110000000000001e-07 -6.937728568218958e-06 
6.135e-07      0.8999939628098952 
6.16e-07       0.8999945321383859 
6.185000000000001e-07 -2.902320971260721e-06 
6.210000000000001e-07 -1.754834308864725e-06 
6.235e-07      -4.155522419048509e-06 
6.26e-07       -9.087967853529329e-06 
6.285000000000001e-07 0.8999902967991226 
6.310000000000001e-07 -1.171132104383711e-05 
6.335000000000001e-07 -1.082265047484635e-05 
6.36e-07       -1.001855108584088e-05 
6.385000000000001e-07 -9.501257051328989e-06 
6.410000000000001e-07 -1.188961888337554e-05 
6.435000000000001e-07 -9.534620992467825e-06 
6.46e-07       -1.270579665859849e-05 
6.485e-07      -1.291930975914051e-05 
6.510000000000001e-07 -1.171382263371185e-05 
6.535000000000001e-07 -1.125774423708536e-05 
6.560000000000001e-07 0.8999910077492138 
6.585e-07      -3.792935576624499e-06 
6.610000000000001e-07 -1.748930169279417e-06 
6.635000000000001e-07 -3.417800451526836e-06 
6.660000000000001e-07 -6.255359107837875e-06 
6.685e-07      0.8999939318095951 
6.71e-07       0.8999942916898573 
6.735000000000001e-07 0.8999940022565245 
6.760000000000001e-07 -8.330681696077323e-06 
6.785e-07      0.8999946036650285 
6.81e-07       -5.296941713771213e-06 
6.835000000000001e-07 -7.26159559814246e-06 
6.860000000000001e-07 0.8999938861477783 
6.885000000000001e-07 -1.591297276894774e-05 
6.91e-07       0.8999903057303299 
6.935e-07      0.8999874453871677 
6.960000000000001e-07 0.8999832230745739 
6.985000000000001e-07 0.899974139926097 
7.01e-07       -0.0001255253265377931 
7.035e-07      0.8999162521005043 
7.060000000000001e-07 0.9001801626256408 
7.085000000000001e-07 9.523418334134691e-05 
7.110000000000001e-07 0.9000143196376272 
7.135e-07      7.920924016781723e-05 
7.160000000000001e-07 0.9000168550368045 
7.185000000000001e-07 8.164271722155153e-05 
7.210000000000001e-07 0.9000206770814483 
7.235e-07      0.9000223509400154 
7.26e-07       9.110163169531764e-05 
7.285000000000001e-07 0.9000248847844026 
7.310000000000001e-07 0.9000204159912277 
7.335e-07      0.8995767517362487 
7.36e-07       -0.0001645365621653934 
7.385000000000001e-07 -0.0001297874473358955 
7.410000000000001e-07 -0.0001094966937276068 
7.435000000000001e-07 0.8999674841302185 
7.46e-07       -0.0001030050392847468 
7.485e-07      -0.0001074017822472361 
7.510000000000001e-07 0.8999575962770201 
7.535000000000001e-07 -0.0001678686973043912 
7.56e-07       0.8999179740917929 
7.585e-07      -0.0003207589022884265 
7.610000000000001e-07 0.8998841443770554 
7.635000000000001e-07 0.0009826006685141415 
7.660000000000001e-07 0.0001153596730973782 
7.685e-07      0.9000013444609306 
7.710000000000001e-07 5.159576386677864e-05 
7.735000000000001e-07 0.8999993551288891 
7.760000000000001e-07 4.824557373971904e-05 
7.785e-07      5.174714382785979e-05 
7.81e-07       0.9000053558112567 
7.835000000000001e-07 5.693378189818019e-05 
7.860000000000001e-07 0.9000098371312252 
7.885000000000001e-07 0.9000104088342908 
7.91e-07       0.9000094540037104 
7.935000000000001e-07 0.9000099973272097 
7.960000000000001e-07 6.076491983131499e-05 
7.985000000000001e-07 6.121170296463932e-05 
8.01e-07       6.183237103787866e-05 
8.035e-07      0.9000120809455249 
8.060000000000001e-07 0.9000123618271806 
8.085000000000001e-07 0.9000126815464478 
8.11e-07       6.204488410374586e-05 
8.135e-07      6.301390989164746e-05 
8.160000000000001e-07 0.9000120182400024 
8.185000000000001e-07 0.9000119174225668 
8.210000000000001e-07 0.9000118338121127 
8.235e-07      0.9000117004677266 
8.26e-07       0.9000117234730173 
8.285000000000001e-07 0.9000122802005442 
8.310000000000001e-07 0.9000123428191361 
8.335e-07      0.900012028684135 
8.36e-07       0.9000122125225644 
8.385000000000001e-07 6.197399992813858e-05 
8.410000000000001e-07 6.174251810925981e-05 
8.435000000000001e-07 0.9000121730329698 
8.46e-07       0.9000116429875293 
8.485000000000001e-07 0.9000112158800294 
8.510000000000001e-07 0.9000108764174285 
8.535000000000001e-07 5.978096046843667e-05 
8.56e-07       5.880146437910543e-05 
8.585e-07      0.9000090600120761 
8.610000000000001e-07 5.75576078641306e-05 
8.635000000000001e-07 0.9000078879283915 
8.660000000000001e-07 0.9000057744430483 
8.685e-07      5.288664371322228e-05 
8.710000000000001e-07 0.900000142773996 
8.735000000000001e-07 0.8999991871049522 
8.760000000000001e-07 5.290785433408463e-05 
8.785e-07      7.076192589060393e-05 
8.81e-07       0.0001072995766431306 
8.835000000000001e-07 0.900031958820355 
8.860000000000001e-07 0.0003080811912672765 
8.885e-07      -0.001346565123837192 
8.91e-07       0.8999115102578333 
8.935000000000001e-07 -0.000174504115869314 
8.960000000000001e-07 0.899955577070248 
8.985000000000001e-07 -0.0001174124485251636 
9.01e-07       0.8999642835787873 
9.035000000000001e-07 -0.0001041038669293975 
9.060000000000001e-07 -0.0001108964578162152 
9.085000000000001e-07 0.899954024448162 
9.11e-07       -0.000162744856900249 
9.135e-07      -0.0002108754247554039 
9.160000000000001e-07 -0.0001492728829961573 
9.185000000000001e-07 0.9001252167253302 
9.210000000000001e-07 0.900023647540004 
9.235e-07      0.90002215429278 
9.260000000000001e-07 8.377295909178407e-05 
9.285000000000001e-07 0.900018526253817 
9.310000000000001e-07 0.9000175064901812 
9.335e-07      7.873009123985939e-05 
9.36e-07       0.9000139840941138 
9.385000000000001e-07 9.017068114581252e-05 
9.410000000000001e-07 0.0001283251086700382 
9.435000000000001e-07 0.0003781173432428778 
9.46e-07       0.8996698267955848 
9.485000000000001e-07 0.8999717228318342 
9.510000000000001e-07 -4.799507360057789e-05 
9.535000000000001e-07 0.8999878302368919 
9.56e-07       0.8999907170570625 
9.585e-07      0.8999919396497557 
9.61e-07       0.8999936790803301 
9.635e-07      -7.830327104152631e-06 
9.659999999999999e-07 0.8999955108598685 
9.684999999999999e-07 -5.508895254941346e-06 
9.710000000000001e-07 -7.85771208588608e-06 
9.735000000000001e-07 0.8999938416959621 
9.760000000000001e-07 -6.977015374628496e-06 
9.785e-07      0.8999939600879822 
9.81e-07       0.899994245062017 
9.835e-07      0.8999959146290771 
9.860000000000002e-07 -1.673196327476371e-06 
9.885000000000001e-07 -3.013878469193235e-06 
9.910000000000001e-07 -7.92441532978771e-06 
9.935000000000001e-07 -1.171665470958235e-05 
9.960000000000001e-07 -1.171019074084519e-05 
9.985000000000001e-07 -1.105709973482377e-05 
1.001e-06      -1.023628137869699e-05 
1.0035e-06     -9.660153562199785e-06 
1.006e-06      -1.202844017174387e-05 
1.0085e-06     -1.20952524328581e-05 
1.011e-06      -9.866342227796359e-06 
1.0135e-06     -1.070638188208961e-05 
1.016e-06      -1.171060505971249e-05 
1.0185e-06     -1.149325350710222e-05 
1.021e-06      -1.009700396989671e-05 
1.0235e-06     0.8999931257258952 
1.026e-06      -2.109074989744755e-06 
1.0285e-06     -2.452930418015815e-06 
1.031e-06      -5.644448246277795e-06 
1.0335e-06     -7.055926529874309e-06 
1.036e-06      0.8999941686894547 
1.0385e-06     0.8999941618847894 
1.041e-06      -8.406555424338294e-06 
1.0435e-06     -7.058819478167958e-06 
1.046e-06      -4.86160631753118e-06 
1.0485e-06     -6.286778745746578e-06 
1.051e-06      0.8999943559143052 
1.0535e-06     -1.438615607007699e-05 
1.056e-06      -2.000540076977375e-05 
1.0585e-06     0.8999884880496305 
1.061e-06      -3.971496531976249e-05 
1.0635e-06     0.8999775815206396 
1.066e-06      -0.0001060880724170013 
1.0685e-06     0.8999121075215142 
1.071e-06      0.9002783166041343 
1.0735e-06     0.0001024368593745327 
1.076e-06      8.51245082851601e-05 
1.0785e-06     7.969221856026045e-05 
1.081e-06      0.9000166102897922 
1.0835e-06     8.084718856511415e-05 
1.086e-06      0.9000201964312486 
1.0885e-06     0.9000219131047003 
1.091e-06      8.909163119016125e-05 
1.0935e-06     0.9000246206051143 
1.096e-06      0.9000236818921324 
1.0985e-06     0.8999885340492465 
1.101e-06      -0.001151454136037627 
1.1035e-06     -0.0001390311656263796 
1.106e-06      -0.0001141130308459886 
1.1085e-06     0.8999652768925887 
1.111e-06      -0.0001026647128759298 
1.1135e-06     -0.0001095583095456881 
1.116e-06      -0.0001196282852323425 
1.1185e-06     -0.0001561221731721869 
1.121e-06      0.8999269061237776 
1.1235e-06     0.8998898890827942 
1.126e-06      0.8998789006143441 
1.1285e-06     0.001068293330167312 
1.131e-06      0.0001360810829672925 
1.1335e-06     8.257454674421716e-05 
1.136e-06      5.517373014986287e-05 
1.1385e-06     4.974740609369449e-05 
1.141e-06      4.952645146954341e-05 
1.1435e-06     5.09696100915939e-05 
1.146e-06      0.9000048366505449 
1.1485e-06     5.609403460298415e-05 
1.151e-06      0.9000093431190538 
1.1535e-06     0.9000098147743271 
1.156e-06      0.9000104723679887 
1.1585e-06     5.929615768896866e-05 
1.161e-06      0.9000101913248705 
1.1635e-06     6.047020626565697e-05 
1.166e-06      6.16658364028162e-05 
1.1685e-06     0.9000119856176081 
1.171e-06      0.9000123879530653 
1.1735e-06     0.9000126138519134 
1.176e-06      0.9000125669385194 
1.1785e-06     0.9000120722268401 
1.181e-06      0.9000119536733671 
1.1835e-06     0.9000119552023572 
1.186e-06      0.9000117547456613 
1.1885e-06     0.9000117990246695 
1.191e-06      0.9000122041861792 
1.1935e-06     0.9000122771975103 
1.196e-06      0.9000118812601442 
1.1985e-06     0.9000120919076542 
1.201e-06      0.9000121887894506 
1.2035e-06     0.9000122642326119 
1.206e-06      6.196399428958642e-05 
1.2085e-06     0.90001230905024 
1.211e-06      0.900011733263127 
1.2135e-06     0.9000113173154182 
1.216e-06      0.9000110396002563 
1.2185e-06     5.99404220410735e-05 
1.221e-06      5.920133148978821e-05 
1.2235e-06     0.9000089669771379 
1.226e-06      0.9000081220661674 
1.2285e-06     0.9000087487891248 
1.231e-06      0.900006991812843 
1.2335e-06     5.349951011667726e-05 
1.236e-06      0.9000014449703588 
1.2385e-06     0.8999999115446233 
1.241e-06      5.016452832254198e-05 
1.2435e-06     6.310326706989157e-05 
1.246e-06      9.294479558744407e-05 
1.2485e-06     0.9000174311421298 
1.251e-06      0.0004723679738169319 
1.2535e-06     -0.001324704143624454 
1.256e-06      0.8999007659509323 
1.2585e-06     0.8999321591375382 
1.261e-06      0.8999490920179947 
1.2635e-06     -0.0001163954907457128 
1.266e-06      0.8999634469078858 
1.2685e-06     -0.0001039271389351566 
1.271e-06      -0.0001082391855470647 
1.2735e-06     0.8999591205766626 
1.276e-06      -0.000152711473758504 
1.2785e-06     -0.000199942290343187 
1.281e-06      -0.0002887506757361265 
1.2835e-06     0.9001221781018116 
1.286e-06      0.9000241595391965 
1.2885e-06     0.9000226537321894 
1.291e-06      8.389423631622946e-05 
1.2935e-06     0.9000191944586622 
1.296e-06      0.9000178265209423 
1.2985e-06     0.9000161253717638 
1.301e-06      0.9000145677080518 
1.3035e-06     0.9000125206425151 
1.306e-06      0.0001103412588044208 
1.3085e-06     0.0002872190868118925 
1.311e-06      0.8996230625271679 
1.3135e-06     0.8999668268453482 
1.316e-06      0.8999800108029506 
1.3185e-06     -3.588091308077295e-05 
1.321e-06      0.8999900864820082 
1.3235e-06     0.8999914325454673 
1.326e-06      0.8999931704524103 
1.3285e-06     -8.702566644270037e-06 
1.331e-06      -5.574620752688705e-06 
1.3335e-06     0.8999953238772128 
1.336e-06      -7.077526657747297e-06 
1.3385e-06     -7.956441640701047e-06 
1.341e-06      -7.023190869379337e-06 
1.3435e-06     -7.246470634854561e-06 
1.346e-06      0.899994048227425 
1.3485e-06     0.8999953904823227 
1.351e-06      -1.785326673512053e-06 
1.3535e-06     -2.176540116476662e-06 
1.356e-06      -6.565279585879526e-06 
1.3585e-06     -1.073946180277998e-05 
1.361e-06      -1.161196558899533e-05 
1.3635e-06     -1.136200335830487e-05 
1.366e-06      -1.040047696861221e-05 
1.3685e-06     -9.710633107875391e-06 
1.371e-06      -9.345875659664143e-06 
1.3735e-06     -9.328202138764511e-06 
1.376e-06      -1.236210698544396e-05 
1.3785e-06     -1.296944080162296e-05 
1.381e-06      -1.137940159184645e-05 
1.3835e-06     -1.163799043126691e-05 
1.386e-06      -1.071413356501746e-05 
1.3885e-06     0.8999919573233162 
1.391e-06      -2.202387240057457e-06 
1.3935e-06     -1.834775963963097e-06 
1.396e-06      -4.761698909100852e-06 
1.3985e-06     -6.894723252195311e-06 
1.401e-06      0.8999940298643697 
1.4035e-06     0.8999942941025532 
1.406e-06      -8.275276098688964e-06 
1.4085e-06     -7.585917670728436e-06 
1.411e-06      -5.542383318148661e-06 
1.4135e-06     -5.537605468449273e-06 
1.416e-06      0.8999945786292297 
1.4185e-06     -1.306469004413381e-05 
1.421e-06      -1.859103830965199e-05 
1.4235e-06     0.8999892305608296 
1.426e-06      0.8999859744629363 
1.4285e-06     0.8999798804596429 
1.431e-06      -8.968847867935328e-05 
1.4335e-06     0.8999334859811404 
1.436e-06      0.9003475895150036 
1.4385e-06     0.0001145899006967612 
1.441e-06      8.774812979462107e-05 
1.4435e-06     8.058653815153634e-05 
1.446e-06      0.9000163054052688 
1.4485e-06     0.9000178196670067 
1.451e-06      8.291816860660032e-05 
1.4535e-06     0.9000213803311091 
1.456e-06      8.864358689896705e-05 
1.4585e-06     9.215917910221733e-05 
1.461e-06      0.9000248412634196 
1.4635e-06     0.9000111382184873 
1.466e-06      -0.001194019693084289 
1.4685e-06     -0.0001485407943582347 
1.471e-06      -0.0001134599011272219 
1.4735e-06     -0.0001050006900032857 
1.476e-06      0.8999681696596391 
1.4785e-06     -0.0001003720744306583 
1.481e-06      -0.0001203154831834325 
1.4835e-06     0.8999527778975721 
1.486e-06      -0.000188858016226003 
1.4885e-06     0.8999027795737657 
1.491e-06      0.899852727830876 
1.4935e-06     0.9004360945811779 
1.496e-06      0.0001701722656444883 
1.4985e-06     9.235335735332276e-05 
1.501e-06      0.8999999763424962 
1.5035e-06     4.963634896194998e-05 
1.506e-06      4.975815456870961e-05 
1.5085e-06     4.98840472368224e-05 
1.511e-06      0.9000044776170705 
1.5135e-06     0.9000067981832677 
1.516e-06      5.819992462191323e-05 
1.5185e-06     0.900009450899509 
1.521e-06      0.9000102992205199 
1.5235e-06     0.9000096896648963 
1.526e-06      0.900010207123897 
1.5285e-06     6.027740782178971e-05 
1.531e-06      6.142787278599463e-05 
1.5335e-06     0.9000117345635722 
1.536e-06      0.9000121742584485 
1.5385e-06     0.900012522798632 
1.541e-06      0.900012551164551 
1.5435e-06     0.9000121900763866 
1.546e-06      0.9000119890630431 
1.5485e-06     0.900011970995706 
1.551e-06      0.9000118722947137 
1.5535e-06     0.9000118124036837 
1.556e-06      0.9000117033293438 
1.5585e-06     0.9000117494867528 
1.561e-06      0.9000118580675989 
1.5635e-06     0.9000119598006219 
1.566e-06      0.9000121857130486 
1.5685e-06     0.9000122302210862 
1.571e-06      6.184323125905739e-05 
1.5735e-06     0.9000122858590626 
1.576e-06      0.9000119742749114 
1.5785e-06     0.9000115750883599 
1.581e-06      0.9000107926907536 
1.5835e-06     6.014367619683219e-05 
1.586e-06      5.941181619912492e-05 
1.5885e-06     5.831343620414654e-05 
1.591e-06      0.9000085182912272 
1.5935e-06     5.680187026646417e-05 
1.596e-06      0.9000068443877979 
1.5985e-06     0.9000050630973091 
1.601e-06      5.116402661684587e-05 
1.6035e-06     0.9000003346584911 
1.606e-06      5.00508909231868e-05 
1.6085e-06     5.84293141778595e-05 
1.611e-06      8.245919158101734e-05 
1.6135e-06     0.0001342774940078913 
1.616e-06      0.9001190756243265 
1.6185e-06     -0.001584390652538974 
1.621e-06      0.8998862909583427 
1.6235e-06     0.8999257543781879 
1.626e-06      0.8999454099521494 
1.6285e-06     0.899956997734966 
1.631e-06      -0.0001115486067443623 
1.6335e-06     0.8999651180667192 
1.636e-06      -0.0001058079052142107 
1.6385e-06     0.8999589738601703 
1.641e-06      0.8999517392540279 
1.6435e-06     -0.000182753865590069 
1.646e-06      -0.0002507299743871193 
1.6485e-06     0.9001083073120452 
1.651e-06      0.9000245245187212 
1.6535e-06     0.9000231065265762 
1.656e-06      0.9000208090935781 
1.6585e-06     8.224233661252638e-05 
1.661e-06      0.9000182982433753 
1.6635e-06     0.9000166927444955 
1.666e-06      7.935084719703741e-05 
1.6685e-06     0.9000130575306244 
1.671e-06      0.0001001287273853528 
1.6735e-06     0.0001834261868447348 
1.676e-06      -0.0009208994096179443 
1.6785e-06     0.8999603045031306 
1.681e-06      0.8999777099986332 
1.6835e-06     -3.955338191935983e-05 
1.686e-06      0.8999892490354556 
1.6885e-06     -1.981152464393501e-05 
1.691e-06      0.8999926622226724 
1.6935e-06     -9.721150859073417e-06 
1.696e-06      -6.161274561428476e-06 
1.6985e-06     0.8999957542810152 
1.701e-06      -6.415122744844665e-06 
1.7035e-06     -8.032072628581028e-06 
1.706e-06      -7.506792814122006e-06 
1.7085e-06     -6.99940664912672e-06 
1.711e-06      0.8999939344511 
1.7135e-06     0.8999948617099459 
1.716e-06      -2.516392021391543e-06 
1.7185e-06     -2.051715090420246e-06 
1.721e-06      -4.980599642417337e-06 
1.7235e-06     -9.734698181316923e-06 
1.726e-06      -1.144928150859993e-05 
1.7285e-06     -1.170716952256961e-05 
1.731e-06      -1.067785734013617e-05 
1.7335e-06     -9.90439211321463e-06 
1.736e-06      -9.438766979302301e-06 
1.7385e-06     -1.202368738399304e-05 
1.741e-06      -1.204190597255083e-05 
1.7435e-06     -1.293317209143476e-05 
1.746e-06      -1.10789011764238e-05 
1.7485e-06     -1.171200075334249e-05 
1.751e-06      -1.110105130784844e-05 
1.7535e-06     0.8999912340873011 
1.756e-06      -3.246001361544279e-06 
1.7585e-06     -1.682497964164828e-06 
1.761e-06      -3.951204654274606e-06 
1.7635e-06     -6.426344495055044e-06 
1.766e-06      0.8999939513908621 
1.7685e-06     0.8999943162402674 
1.771e-06      0.8999938579815314 
1.7735e-06     -8.168791368172507e-06 
1.776e-06      0.8999948470085906 
1.7785e-06     -5.672598202516022e-06 
1.781e-06      -7.687747821530535e-06 
1.7835e-06     0.8999936771656531 
1.786e-06      -1.672363054779502e-05 
1.7885e-06     0.8999899459226348 
1.791e-06      0.8999869423169017 
1.7935e-06     0.8999821072506421 
1.796e-06      0.8999719713249557 
1.7985e-06     -0.0001386478326703384 
1.801e-06      0.8999610742516507 
1.8035e-06     0.9001657427531616 
1.806e-06      9.123527674585466e-05 
1.8085e-06     8.139287598077447e-05 
1.811e-06      7.815484043107434e-05 
1.8135e-06     0.9000171482890181 
1.816e-06      8.191022766106065e-05 
1.8185e-06     0.9000209108146296 
1.821e-06      8.754117338908763e-05 
1.8235e-06     9.062973397123958e-05 
1.826e-06      0.9000249976963676 
1.8285e-06     0.9000182302909508 
1.831e-06      0.8994576819999914 
1.8335e-06     -0.0001587837525381814 
1.836e-06      -0.0001265664933889086 
1.8385e-06     -0.0001030228152764668 
1.841e-06      0.8999660396689997 
1.8435e-06     -0.0001036966258964106 
1.846e-06      -0.0001152830479348761 
1.8485e-06     0.8999534258714414 
1.851e-06      -0.0001743770148614711 
1.8535e-06     0.899913663606436 
1.856e-06      0.8998648386749709 
1.8585e-06     0.8997440306266765 
1.861e-06      0.0009088492480736355 
1.8635e-06     0.000107512765863732 
1.866e-06      0.9000009938443891 
1.8685e-06     5.002859396480117e-05 
1.871e-06      0.8999998089845873 
1.8735e-06     4.882472735881004e-05 
1.876e-06      0.9000038764150073 
1.8785e-06     0.9000055368571765 
1.881e-06      5.740381845194646e-05 
1.8835e-06     0.9000092359396248 
1.886e-06      0.9000103869903316 
1.8885e-06     0.9000093733927592 
1.891e-06      0.9000101380354796 
1.8935e-06     6.01590952735022e-05 
1.896e-06      6.110646239220517e-05 
1.8985e-06     0.9000117120265049 
1.901e-06      0.9000121507342064 
1.9035e-06     0.9000124365488545 
1.906e-06      0.9000125383296342 
1.9085e-06     0.9000121177603221 
1.911e-06      6.201271747001259e-05 
1.9135e-06     0.9000120036929277 
1.916e-06      0.9000118063769318 
1.9185e-06     0.9000118257471269 
1.921e-06      0.9000122116147612 
1.9235e-06     0.9000117292334052 
1.926e-06      0.9000122767445866 
1.9285e-06     0.9000123382842126 
1.931e-06      0.9000121412165967 
1.9335e-06     0.9000121256445236 
1.936e-06      6.19517681715836e-05 
1.9385e-06     0.9000124844111304 
1.941e-06      0.9000121252129775 
1.9435e-06     0.9000115824741222 
1.946e-06      0.9000111657067947 
1.9485e-06     6.082887550316388e-05 
1.951e-06      5.967140852399868e-05 
1.9535e-06     5.874629200192076e-05 
1.956e-06      0.9000088878276071 
1.9585e-06     5.737123465810449e-05 
1.961e-06      0.9000075113143462 
1.9635e-06     0.9000055026129792 
1.966e-06      5.25154463059162e-05 
1.9685e-06     0.8999995298474935 
1.971e-06      5.043061329416606e-05 
1.9735e-06     5.460613603178988e-05 
1.976e-06      7.406018188794326e-05 
1.9785e-06     0.0001149490004513546 
1.981e-06      0.9000446588380654 
1.9835e-06     0.0002504485063905333 
1.986e-06      -0.001337424300536409 
1.9885e-06     0.8999162026402704 
1.991e-06      -0.0001688104941570477 
1.9935e-06     0.8999542720394702 
1.996e-06      -0.0001102296478750718 
1.9985e-06     0.8999645091984065 
2.001e-06      -0.0001048369451401812 
2.0035e-06     -0.00011279398345705 
2.006e-06      0.8999524700263328 
2.0085e-06     -0.0001621298726648032 
2.011e-06      -0.0002226432128336962 
2.0135e-06     0.0007271869165023496 
2.016e-06      0.9000248301568544 
2.0185e-06     0.9000231310656915 
2.021e-06      0.9000218596199204 
2.0235e-06     8.332939701053214e-05 
2.026e-06      0.9000182601585042 
2.0285e-06     0.9000173467478355 
2.031e-06      7.826642778730065e-05 
2.0335e-06     0.9000136395187883 
2.036e-06      9.306102447254147e-05 
2.0385e-06     0.9000142603923635 
2.041e-06      0.0002283513196253589 
2.0435e-06     0.8996893707184112 
2.046e-06      0.8999739368572198 
2.0485e-06     -4.481084849575804e-05 
2.051e-06      0.8999875830264036 
2.0535e-06     -1.961064969884596e-05 
2.056e-06      0.8999922164616013 
2.0585e-06     0.8999938827041336 
2.061e-06      -7.229849043236038e-06 
2.0635e-06     0.8999956544421548 
2.066e-06      -5.838582387277077e-06 
2.0685e-06     -7.80076420011995e-06 
2.071e-06      -8.213412331984575e-06 
2.0735e-06     -6.943783939123163e-06 
2.076e-06      0.8999939380569247 
2.0785e-06     0.8999943471333658 
2.081e-06      0.8999961544039802 
2.0835e-06     -1.625156499212933e-06 
2.086e-06      -3.580844421003617e-06 
2.0885e-06     -8.561863721892531e-06 
2.091e-06      -1.206317369737573e-05 
2.0935e-06     -1.170994005946758e-05 
2.096e-06      -1.096652814033197e-05 
2.0985e-06     -1.01190001877287e-05 
2.101e-06      -9.577036548284097e-06 
2.1035e-06     -1.20212518859973e-05 
2.106e-06      -1.195686057234706e-05 
2.1085e-06     -1.280905824621383e-05 
2.111e-06      -1.084979177738923e-05 
2.1135e-06     -1.17140501580909e-05 
2.116e-06      -1.138817192234807e-05 
2.1185e-06     0.899990596639014 
2.121e-06      0.8999931627047379 
2.1235e-06     -1.911816420878669e-06 
2.126e-06      -2.917835349528084e-06 
2.1285e-06     -6.078257139014346e-06 
2.131e-06      -7.134473146455506e-06 
2.1335e-06     0.8999942738009777 
2.136e-06      0.8999941102489916 
2.1385e-06     -8.457088226473384e-06 
2.141e-06      0.8999944224254894 
2.1435e-06     -4.96257559266213e-06 
2.146e-06      -6.750593259347658e-06 
2.1485e-06     0.8999941029683457 
2.151e-06      -1.517477826519556e-05 
2.1535e-06     -2.124228902986197e-05 
2.156e-06      0.8999880444085935 
2.1585e-06     0.8999842875102112 
2.161e-06      0.8999760304652142 
2.1635e-06     -0.0001156199444684366 
2.166e-06      0.8998993658408929 
2.1685e-06     0.9002167301227586 
2.171e-06      9.886354792340309e-05 
2.1735e-06     0.9000139390014755 
2.176e-06      7.833995059859257e-05 
2.1785e-06     0.9000168755482696 
2.181e-06      8.116348878607828e-05 
2.1835e-06     0.9000203945499002 
2.186e-06      0.9000220697142715 
2.1885e-06     9.0128342048576e-05 
2.191e-06      0.9000248187180643 
2.1935e-06     0.9000224440753657 
2.196e-06      0.9000842307681783 
2.1985e-06     -0.001124951017379289 
2.201e-06      -0.0001343975541469856 
2.2035e-06     -0.0001119987387050542 
2.206e-06      0.8999656031173368 
2.2085e-06     -0.0001033237463669222 
2.211e-06      -0.0001111899892530952 
2.2135e-06     0.8999565324718872 
2.216e-06      -0.0001620260566487218 
2.2185e-06     0.8999229009743888 
2.221e-06      0.899881823219926 
2.2235e-06     0.8999229602483104 
2.226e-06      0.001050974254580889 
2.2285e-06     0.0001248435106480142 
2.231e-06      0.9000021044266834 
2.2335e-06     5.332284327841337e-05 
2.236e-06      5.159703585465942e-05 
2.2385e-06     4.932481569525181e-05 
2.241e-06      5.150222475595952e-05 
2.2435e-06     0.9000050515850689 
2.246e-06      5.646901014196176e-05 
2.2485e-06     0.900009601804665 
2.251e-06      0.9000100179583497 
2.2535e-06     0.9000094591407369 
2.256e-06      0.9000098757202843 
2.2585e-06     6.004893408503133e-05 
2.261e-06      6.074453243429471e-05 
2.2635e-06     6.176745971938476e-05 
2.266e-06      0.9000120049064727 
2.2685e-06     0.90001242767857 
2.271e-06      0.9000126328207316 
2.2735e-06     0.9000126122367184 
2.276e-06      0.9000121512977801 
2.2785e-06     0.9000120360534817 
2.281e-06      0.9000118423574486 
2.2835e-06     0.9000118428610642 
2.286e-06      0.9000122389079374 
2.2885e-06     0.9000117157933745 
2.291e-06      0.9000117906575538 
2.2935e-06     0.9000118963310569 
2.296e-06      0.9000120131972533 
2.2985e-06     0.9000122013683385 
2.301e-06      0.9000122671514416 
2.3035e-06     6.189149484666933e-05 
2.306e-06      0.9000122403099929 
2.3085e-06     0.9000117906219398 
2.311e-06      0.9000113299037555 
2.3135e-06     0.9000105306164179 
2.316e-06      6.014531836565982e-05 
2.3185e-06     5.899609396711354e-05 
2.321e-06      0.9000088661810097 
2.3235e-06     0.9000087424943114 
2.326e-06      0.9000085304788445 
2.3285e-06     0.9000060967915235 
2.331e-06      5.316737931002533e-05 
2.3335e-06     0.900000811944962 
2.336e-06      0.899999631121075 
2.3385e-06     5.131307062770507e-05 
2.341e-06      0.9000005875324827 
2.3435e-06     0.0001003174147577351 
2.346e-06      0.9000225117539099 
2.3485e-06     0.0004221219712881269 
2.351e-06      -0.001352803714514669 
2.3535e-06     0.8999061954011028 
2.356e-06      0.8999357567318454 
2.3585e-06     0.8999505852476036 
2.361e-06      -0.0001140725480383724 
2.3635e-06     0.8999639283622234 
2.366e-06      -0.0001038044062519993 
2.3685e-06     -0.0001097913449269072 
2.371e-06      0.8999552775843292 
2.3735e-06     -0.000157283368987778 
2.376e-06      -0.0002091933860757972 
2.3785e-06     -0.0003154030992865671 
2.381e-06      0.9001245121177882 
2.3835e-06     0.900023904479055 
2.386e-06      0.9000223518435929 
2.3885e-06     8.424721940360007e-05 
2.391e-06      0.9000185772725384 
2.3935e-06     0.90001765477011 
2.396e-06      0.9000159890041978 
2.3985e-06     0.9000143320482158 
2.401e-06      8.770991192107176e-05 
2.4035e-06     0.0001185167715500729 
2.406e-06      0.0003706112648999969 
2.4085e-06     0.8996493128698489 
2.411e-06      0.8999693731352988 
2.4135e-06     0.8999810736334051 
2.416e-06      0.8999873582718706 
2.4185e-06     0.8999903974015202 
2.421e-06      0.8999916299880567 
2.4235e-06     0.8999933118888237 
2.426e-06      -8.201860015645845e-06 
2.4285e-06     0.8999954535367207 
2.431e-06      -5.285032112701212e-06 
2.4335e-06     -7.649218979164577e-06 
2.436e-06      -7.762495230653748e-06 
2.4385e-06     -6.946487921981031e-06 
2.441e-06      0.8999940209396002 
2.4435e-06     0.8999941571935427 
2.446e-06      0.8999956588681516 
2.4485e-06     -1.747680665044718e-06 
2.451e-06      -2.503435441689696e-06 
2.4535e-06     -7.186729716639114e-06 
2.456e-06      -1.127204810182099e-05 
2.4585e-06     -1.169085842650219e-05 
2.461e-06      -1.120849163546579e-05 
2.4635e-06     -1.035851763858173e-05 
2.466e-06      -9.635343280394482e-06 
2.4685e-06     -9.314849453786577e-06 
2.471e-06      -1.190510669419114e-05 
2.4735e-06     -9.768464451905862e-06 
2.476e-06      -1.056796021661993e-05 
2.4785e-06     -1.163855679506696e-05 
2.481e-06      -1.158969793829861e-05 
2.4835e-06     -1.046858927366037e-05 
2.486e-06      0.8999925448570574 
2.4885e-06     -1.860807011067656e-06 
2.491e-06      -2.135172078944586e-06 
2.4935e-06     -5.167668998960252e-06 
2.496e-06      -6.952884188393326e-06 
2.4985e-06     0.899994060742056 
2.501e-06      0.89999422833097 
2.5035e-06     -8.473465974501994e-06 
2.506e-06      -7.368128355182336e-06 
2.5085e-06     -4.884697722896079e-06 
2.511e-06      -5.790832183998815e-06 
2.5135e-06     0.899994423033648 
2.516e-06      -1.36661293018472e-05 
2.5185e-06     -1.947447863999901e-05 
2.521e-06      0.8999889118016953 
2.5235e-06     0.8999854856812242 
2.526e-06      0.8999786739089022 
2.5285e-06     -9.719107405242004e-05 
2.531e-06      0.8999239681772492 
2.5335e-06     0.9003646488238466 
2.536e-06      0.0001065947372047432 
2.5385e-06     8.645419870762758e-05 
2.541e-06      8.017260403305932e-05 
2.5435e-06     0.9000163809193694 
2.546e-06      8.051367284494291e-05 
2.5485e-06     0.9000199438329611 
2.551e-06      0.9000216168059627 
2.5535e-06     8.909366383443123e-05 
2.556e-06      0.9000245612886815 
2.5585e-06     0.9000241169549854 
2.561e-06      0.9000026887034275 
2.5635e-06     -0.001160699232588524 
2.566e-06      -0.0001437381057677367 
2.5685e-06     -0.0001168143480696838 
2.571e-06      0.8999650985567333 
2.5735e-06     -0.0001020406549670864 
2.576e-06      -0.0001073804802044368 
2.5785e-06     -0.0001167237442259109 
2.581e-06      -0.0001508356410332327 
2.5835e-06     -0.000196852903165316 
