
time (s)       VT("/biP<4>") (V)


2.6e-08        0.8997499553091793 
2.85e-08       -0.00073695296383702 
3.1e-08        0.9007941337534432 
3.35e-08       0.0004071870817050944 
3.6e-08        0.000284660893010984 
3.85e-08       0.0002236533861518586 
4.1e-08        0.9000458586664246 
4.35e-08       0.0001783597365275932 
4.6e-08        0.0001715880239392194 
4.85e-08       0.0001706587527553607 
5.1e-08        0.9000458166293061 
5.35e-08       0.900047441866738 
5.600000000000001e-08 0.9000485991307398 
5.85e-08       0.9000487588880907 
6.1e-08        0.000167174782986618 
6.350000000000001e-08 0.0001671533740955079 
6.600000000000001e-08 0.9000481675982708 
6.850000000000001e-08 0.9000485049839974 
7.1e-08        0.9000489746458872 
7.35e-08       0.9000494052260184 
7.599999999999999e-08 0.9000495198777175 
7.849999999999999e-08 0.9000495302661597 
8.1e-08        0.0001668928249405054 
8.35e-08       0.0001668511257452968 
8.6e-08        0.0001669268408016728 
8.85e-08       0.0001666005555947543 
9.100000000000001e-08 0.0001637135352210954 
9.350000000000001e-08 0.0001640149094944008 
9.600000000000001e-08 0.0001638422537534271 
9.850000000000002e-08 0.0001641151354607377 
1.01e-07       0.000164368338326499 
1.035e-07      0.0001645886569833352 
1.06e-07       0.0001648535576305634 
1.085e-07      0.0001644547637768212 
1.11e-07       0.9000494713838021 
1.135e-07      0.9000489654154904 
1.16e-07       0.9000487029210991 
1.185e-07      0.9000485462490742 
1.21e-07       0.9000477977400243 
1.235e-07      0.9000474942535965 
1.26e-07       0.0001682529580085069 
1.285e-07      0.0001682662711123193 
1.31e-07       0.900048527466442 
1.335e-07      0.9000462189899234 
1.36e-07       0.9000451210564528 
1.385e-07      0.0001736898380448284 
1.41e-07       0.0001798064377088275 
1.435e-07      0.000191167419240283 
1.46e-07       0.0002234392867184886 
1.485e-07      0.9000723199976602 
1.51e-07       0.0004059041355106283 
1.535e-07      0.0007983539804798246 
1.56e-07       -0.00211388057107511 
1.585e-07      -0.0006427695367811556 
1.61e-07       -0.000511166608530511 
1.635e-07      0.8998400877527176 
1.66e-07       0.8998665721915957 
1.685e-07      0.8998735148079392 
1.71e-07       -0.0003324209374317225 
1.735e-07      -0.0003365176797395239 
1.76e-07       -0.0003637757663079324 
1.785e-07      -0.0004107997686067684 
1.81e-07       -0.0004861740012033836 
1.835e-07      0.8997563095361252 
1.86e-07       0.0006361096972707771 
1.885e-07      0.9000745242491573 
1.91e-07       0.9000711113396563 
1.935e-07      0.9000677254743322 
1.96e-07       0.9000653659431449 
1.985e-07      0.9000634217798117 
2.01e-07       0.9000642639505045 
2.035e-07      0.9000652772657398 
2.06e-07       0.000239245239780992 
2.085e-07      0.0002879919878489957 
2.11e-07       0.9001494921686122 
2.135e-07      0.8993390143187188 
2.16e-07       0.8998929703771872 
2.185e-07      0.8999245176096871 
2.21e-07       0.8999412000900212 
2.235e-07      -0.0001335738647416401 
2.26e-07       0.8999576529706341 
2.285e-07      0.899963166686785 
2.31e-07       0.8999671837468911 
2.335e-07      0.8999704512282668 
2.36e-07       -7.882583341360349e-05 
2.385e-07      -7.883519443534947e-05 
2.41e-07       -7.922937553781123e-05 
2.435e-07      0.8999708810435889 
2.46e-07       0.8999709443118893 
2.485e-07      -7.670401776857593e-05 
2.51e-07       -7.348541824185598e-05 
2.535e-07      -6.890151184418022e-05 
2.56e-07       -6.688533902636793e-05 
2.585e-07      -7.098830584345613e-05 
2.61e-07       -7.667985894184762e-05 
2.635e-07      0.8999673735336436 
2.66e-07       0.8999689660728476 
2.685e-07      0.8999676988196766 
2.71e-07       0.8999681285340433 
2.735e-07      0.8999688697302023 
2.76e-07       0.8999713274274533 
2.785e-07      0.8999707980298874 
2.81e-07       0.8999676746476194 
2.835e-07      0.8999692334936157 
2.86e-07       0.8999686361386716 
2.885e-07      0.8999688042265482 
2.91e-07       0.8999708435413408 
2.935e-07      -6.791943097738616e-05 
2.96e-07       -6.802439991479189e-05 
2.985e-07      -7.233781683151711e-05 
3.01e-07       -7.580482151623931e-05 
3.035e-07      -7.70554130633528e-05 
3.06e-07       -7.70501841350299e-05 
3.085e-07      -7.946175180614212e-05 
3.11e-07       0.8999695411501503 
3.135e-07      0.8999709500224993 
3.16e-07       -8.173645177784016e-05 
3.185e-07      -8.814503826039385e-05 
3.21e-07       -9.828376740484923e-05 
3.235e-07      0.8999592430682853 
3.26e-07       0.8999530485047061 
3.285e-07      0.8999438835558005 
3.31e-07       -0.0001921093031908934 
3.335e-07      -0.000256582252054014 
3.36e-07       0.8998527267930654 
3.385e-07      0.9004517412815417 
3.41e-07       0.900084488733598 
3.435e-07      0.9000716212655115 
3.46e-07       0.0002232540118231209 
3.485e-07      0.0002104554032166728 
3.51e-07       0.0002033321730173445 
3.535e-07      0.9000658025675974 
3.56e-07       0.9000680846633177 
3.585e-07      0.9000703826780474 
3.61e-07       0.9000742749419242 
3.635e-07      0.900077633390004 
3.66e-07       0.0002356323008927663 
3.685e-07      0.8991625055386196 
3.71e-07       -0.000421448714198001 
3.735e-07      -0.0003653342177917582 
3.76e-07       -0.0003258277835499321 
3.785e-07      -0.0003170332628994789 
3.81e-07       -0.0003352098892820697 
3.835e-07      -0.0003618625257230468 
3.86e-07       -0.00039342931865023 
3.885e-07      0.8998182982378984 
3.91e-07       0.8997699135711696 
3.935e-07      -0.0007425831118104294 
3.96e-07       0.001111719361102563 
3.985e-07      0.0004743877131415332 
4.01e-07       0.0003109740201640076 
4.035e-07      0.0002393874482009686 
4.06e-07       0.9000432022816298 
4.085e-07      0.9000452431149391 
4.11e-07       0.0001728742818481917 
4.135e-07      0.0001720786957446935 
4.16e-07       0.0001712199969485467 
4.185e-07      0.9000476140480167 
4.21e-07       0.900049113621665 
4.235e-07      0.9000486569309494 
4.26e-07       0.0001673831433880695 
4.285e-07      0.0001674460207726359 
4.31e-07       0.9000477206237505 
4.335e-07      0.9000482512160445 
4.36e-07       0.900048911024406 
4.385e-07      0.9000492976676508 
4.41e-07       0.9000494954374166 
4.435e-07      0.9000494832016506 
4.46e-07       0.0001645861190469067 
4.485e-07      0.000167112745104357 
4.51e-07       0.0001641266032787943 
4.535e-07      0.0001639622041928822 
4.56e-07       0.0001638390992814033 
4.585e-07      0.0001664960703311906 
4.61e-07       0.0001638680372370287 
4.635e-07      0.0001640350595572421 
4.66e-07       0.0001669179592149866 
4.685e-07      0.0001644965363855753 
4.71e-07       0.0001646756089951093 
4.735e-07      0.000164219953219644 
4.76e-07       0.9000492541386537 
4.785000000000001e-07 0.9000492030830658 
4.81e-07       0.9000486933072933 
4.835e-07      0.9000481199192519 
4.86e-07       0.9000478885859812 
4.885000000000001e-07 0.9000469603055865 
4.91e-07       0.9000475506525094 
4.935e-07      0.0001682904734698683 
4.96e-07       0.0001692158229310566 
4.985000000000001e-07 0.9000465738361293 
5.010000000000001e-07 0.900045244457142 
5.035e-07      0.9000438751797658 
5.060000000000001e-07 0.0001773379540873561 
5.085000000000001e-07 0.0001880235975094848 
5.110000000000001e-07 0.0002110231174029352 
5.135e-07      0.9000658298850219 
5.16e-07       0.9000914012382601 
5.185000000000001e-07 0.0006330575884515227 
5.210000000000001e-07 0.0006756272527517747 
5.235e-07      -0.002162921918055762 
5.26e-07       -0.000542812699848736 
5.285000000000001e-07 0.899831232780149 
5.310000000000001e-07 0.8998618725505848 
5.335000000000001e-07 0.8998751190472762 
5.36e-07       -0.0003343924563532388 
5.385e-07      -0.0003337161542125557 
5.410000000000001e-07 -0.0003543168865346875 
5.435000000000001e-07 -0.0003820622710259902 
5.46e-07       -0.0004454333009852105 
5.485e-07      0.8997805707198647 
5.510000000000001e-07 0.9002567389664285 
5.535000000000001e-07 0.9000755589644102 
5.560000000000001e-07 0.0002153679453672125 
5.585e-07      0.9000676317819579 
5.61e-07       0.9000659125927393 
5.635000000000001e-07 0.9000647655733058 
5.660000000000001e-07 0.9000631851719055 
5.685e-07      0.9000635453064799 
5.71e-07       0.0002307345144407747 
5.735000000000001e-07 0.0002709385980005023 
5.760000000000001e-07 0.9001004354416071 
5.785000000000001e-07 0.8992232378281093 
5.81e-07       0.8998792442512309 
5.835000000000001e-07 0.89991808953561 
5.860000000000001e-07 0.8999378087202899 
5.885000000000001e-07 -0.000140435071850518 
5.91e-07       -0.0001200913503866918 
5.935e-07      0.8999618726179325 
5.960000000000001e-07 0.8999661850297599 
5.985000000000001e-07 0.8999696045695175 
6.01e-07       -7.89848677120231e-05 
6.035e-07      -7.842664733708568e-05 
6.060000000000001e-07 -7.956914668413798e-05 
6.085000000000001e-07 0.8999707080554921 
6.110000000000001e-07 0.8999710316533698 
6.135e-07      -7.662151750123262e-05 
6.16e-07       -7.475714523444695e-05 
6.185000000000001e-07 -7.021208744408699e-05 
6.210000000000001e-07 -6.746393564478111e-05 
6.235e-07      -6.925107182969033e-05 
6.26e-07       -7.52091628656234e-05 
6.285000000000001e-07 0.8999686288152413 
6.310000000000001e-07 0.899968808104424 
6.335000000000001e-07 0.8999696512793925 
6.36e-07       0.899970482977935 
6.385000000000001e-07 0.8999711554713159 
6.410000000000001e-07 0.8999689598354625 
6.435000000000001e-07 0.8999711265776226 
6.46e-07       0.899967968616959 
6.485e-07      0.8999675844245916 
6.510000000000001e-07 0.8999687306665646 
6.535000000000001e-07 0.8999686805061491 
6.560000000000001e-07 0.8999699335616897 
6.585e-07      -6.89098495272136e-05 
6.610000000000001e-07 -6.762886123184872e-05 
6.635000000000001e-07 -7.100923972152391e-05 
6.660000000000001e-07 -7.521365331749623e-05 
6.685e-07      -7.69759917564425e-05 
6.71e-07       -7.702942833599945e-05 
6.735000000000001e-07 -7.877317091114456e-05 
6.760000000000001e-07 0.899969534292142 
6.785e-07      0.8999705338323583 
6.81e-07       -7.985611932295846e-05 
6.835000000000001e-07 -8.598741727932331e-05 
6.860000000000001e-07 -9.504243272729488e-05 
6.885000000000001e-07 0.8999609305841194 
6.91e-07       0.8999551842959274 
6.935e-07      0.8999466663048592 
6.960000000000001e-07 -0.0001783801709103517 
6.985000000000001e-07 -0.00023352928392461 
7.01e-07       0.8998733457961171 
7.035e-07      0.8998136469580158 
7.060000000000001e-07 0.900366459016161 
7.085000000000001e-07 0.9000741976628918 
7.110000000000001e-07 0.9000681745415844 
7.135e-07      0.0002128530236398948 
7.160000000000001e-07 0.0002032351344046424 
7.185000000000001e-07 0.9000652937339415 
7.210000000000001e-07 0.9000674572308094 
7.235e-07      0.9000701204795997 
7.26e-07       0.900073311628494 
7.285000000000001e-07 0.9000770815845974 
7.310000000000001e-07 0.0002343492000055875 
7.335e-07      -0.001757633442595505 
7.36e-07       -0.0004410610097674835 
7.385000000000001e-07 0.8998590018304808 
7.410000000000001e-07 -0.0003412839075279719 
7.435000000000001e-07 -0.0003188566138820788 
7.46e-07       -0.0003306547774911419 
7.485e-07      -0.0003403670207620946 
7.510000000000001e-07 -0.0003781057102958314 
7.535000000000001e-07 0.8998283095252639 
7.56e-07       0.8997851850547227 
7.585e-07      -0.0007041335136210826 
7.610000000000001e-07 -0.0008285560640372907 
7.635000000000001e-07 0.9007277968512353 
7.660000000000001e-07 0.0003443314178589081 
7.685e-07      0.0002550617788696175 
7.710000000000001e-07 0.9000448692721681 
7.735000000000001e-07 0.900045387768408 
7.760000000000001e-07 0.0001734752405767459 
7.785e-07      0.0001717357766909419 
7.81e-07       0.0001715838294557303 
7.835000000000001e-07 0.9000465736253013 
7.860000000000001e-07 0.9000489843740631 
7.885000000000001e-07 0.9000491483937288 
7.91e-07       0.0001674616563799635 
7.935000000000001e-07 0.0001675869755065229 
7.960000000000001e-07 0.9000483089091913 
7.985000000000001e-07 0.9000483029599136 
8.01e-07       0.9000486849284367 
8.035e-07      0.9000491496988541 
8.060000000000001e-07 0.900049378568111 
8.085000000000001e-07 0.900049658953391 
8.11e-07       0.0001643582830862141 
8.135e-07      0.000166914138017927 
8.160000000000001e-07 0.0001642028066034144 
8.185000000000001e-07 0.000164000619151583 
8.210000000000001e-07 0.00016386481686991 
8.235e-07      0.0001637957797418092 
8.26e-07       0.0001638412583884097 
8.285000000000001e-07 0.0001666886957700691 
8.310000000000001e-07 0.000167012795523349 
8.335e-07      0.0001644259047804916 
8.36e-07       0.0001646275970082473 
8.385000000000001e-07 0.0001643718078483157 
8.410000000000001e-07 0.000164715553478625 
8.435000000000001e-07 0.9000492941722853 
8.46e-07       0.9000487656427515 
8.485000000000001e-07 0.9000484430012425 
8.510000000000001e-07 0.9000483946572428 
8.535000000000001e-07 0.9000477079236007 
8.56e-07       0.9000471897941109 
8.585e-07      0.0001683790362923235 
8.610000000000001e-07 0.0001691895565613755 
8.635000000000001e-07 0.9000472291838473 
8.660000000000001e-07 0.9000455783173573 
8.685e-07      0.9000447026909075 
8.710000000000001e-07 0.0001740260338782257 
8.735000000000001e-07 0.0001849707910775006 
8.760000000000001e-07 0.0002019251266828586 
8.785e-07      0.9000607410526454 
8.81e-07       0.9000832104904348 
8.835000000000001e-07 0.0005111505464265836 
8.860000000000001e-07 0.0006116382079488669 
8.885e-07      -0.002181622460985749 
8.91e-07       -0.0005807621772411008 
8.935000000000001e-07 -0.0004690033868657653 
8.960000000000001e-07 0.8998564913987944 
8.985000000000001e-07 0.8998677542233349 
9.01e-07       -0.000337946999021284 
9.035000000000001e-07 -0.000331864557514895 
9.060000000000001e-07 -0.0003436628438607888 
9.085000000000001e-07 -0.0003806307266673081 
9.11e-07       -0.0004373688404254057 
9.135e-07      -0.000517938496025843 
9.160000000000001e-07 0.8998278712598815 
9.185000000000001e-07 0.0006334549066456318 
9.210000000000001e-07 0.9000726654788985 
9.235e-07      0.9000695747308749 
9.260000000000001e-07 0.9000665536926458 
9.285000000000001e-07 0.000203592053063991 
9.310000000000001e-07 0.9000643921749202 
9.335e-07      0.9000642840826723 
9.36e-07       0.0002246565790748419 
9.385000000000001e-07 0.0002550733058693024 
9.410000000000001e-07 0.0003333430372396011 
9.435000000000001e-07 0.9003290258655207 
9.46e-07       -0.001426292835420399 
9.485000000000001e-07 0.8999086459820772 
9.510000000000001e-07 0.8999324390866053 
9.535000000000001e-07 -0.000143197435820895 
9.56e-07       -0.0001200418486415291 
9.585e-07      0.899960288965122 
9.61e-07       0.8999650548778559 
9.635e-07      0.8999685463788644 
9.659999999999999e-07 -8.061491537791858e-05 
9.684999999999999e-07 -7.813476686868523e-05 
9.710000000000001e-07 -7.95762421166611e-05 
9.735000000000001e-07 0.8999703388380274 
9.760000000000001e-07 0.8999710342883266 
9.785e-07      -7.69844369882605e-05 
9.81e-07       -7.559784101304305e-05 
9.835e-07      -7.165641890273824e-05 
9.860000000000002e-07 -6.77137425907696e-05 
9.885000000000001e-07 -6.81924866901283e-05 
9.910000000000001e-07 -7.360392647615467e-05 
9.935000000000001e-07 -7.851370849982646e-05 
9.960000000000001e-07 0.8999686923777234 
9.985000000000001e-07 0.8999694027313143 
1.001e-06      0.8999702949272451 
1.0035e-06     0.899971093072835 
1.006e-06      0.8999688039492917 
1.0085e-06     0.8999687325942767 
1.011e-06      0.8999705546112757 
1.0135e-06     0.8999697696192742 
1.016e-06      0.8999688497869816 
1.0185e-06     0.8999685460999022 
1.021e-06      0.8999692428356114 
1.0235e-06     0.8999724125461559 
1.026e-06      -6.774282520484887e-05 
1.0285e-06     -6.94895509918284e-05 
1.031e-06      -7.429311777794553e-05 
1.0335e-06     -7.668779699347784e-05 
1.036e-06      -7.673858711838986e-05 
1.0385e-06     -7.820203123920795e-05 
1.041e-06      0.8999696337663876 
1.0435e-06     0.8999702391154019 
1.046e-06      -7.853767921183922e-05 
1.0485e-06     -8.367116795210507e-05 
1.051e-06      -9.199589058383513e-05 
1.0535e-06     0.8999623793446192 
1.056e-06      0.8999569080465298 
1.0585e-06     0.8999495711786726 
1.061e-06      -0.0001664598325118068 
1.0635e-06     -0.0002142919230817287 
1.066e-06      0.8998874251256844 
1.0685e-06     0.8998107217531837 
1.071e-06      0.9004960258722964 
1.0735e-06     0.900077146606393 
1.076e-06      0.9000693698656492 
1.0785e-06     0.0002164384440544048 
1.081e-06      0.0002076957039367576 
1.0835e-06     0.9000647978746755 
1.086e-06      0.9000667200167325 
1.0885e-06     0.9000692834762588 
1.091e-06      0.9000711041505082 
1.0935e-06     0.9000754322497801 
1.096e-06      0.9000780980743521 
1.0985e-06     0.0002675579005724708 
1.101e-06      0.8992045231439317 
1.1035e-06     -0.0003951283433671556 
1.106e-06      -0.0003495015199433662 
1.1085e-06     -0.0003308869455877804 
1.111e-06      0.8998797565990121 
1.1135e-06     -0.0003443887722107481 
1.116e-06      -0.000365537497677116 
1.1185e-06     0.8998373634956928 
1.121e-06      0.8998007376939874 
1.1235e-06     0.8997396201353066 
1.126e-06      -0.0006982700772969431 
1.1285e-06     0.9008420614634153 
1.131e-06      0.0003832489341321163 
1.1335e-06     0.0002750124858639637 
1.136e-06      0.9000480991147299 
1.1385e-06     0.900043640070568 
1.141e-06      0.0001778192600718859 
1.1435e-06     0.0001723975805279977 
1.146e-06      0.0001715157765955522 
1.1485e-06     0.9000459837229278 
1.151e-06      0.9000485511634253 
1.1535e-06     0.9000485402900106 
1.156e-06      0.9000488157140796 
1.1585e-06     0.9000473712453326 
1.161e-06      0.0001673811404470376 
1.1635e-06     0.9000478130074889 
1.166e-06      0.900048626310455 
1.1685e-06     0.900049086444042 
1.171e-06      0.9000494493610984 
1.1735e-06     0.9000496173159239 
1.176e-06      0.9000495269218347 
1.1785e-06     0.0001645039379698337 
1.181e-06      0.0001642737879124098 
1.1835e-06     0.000164057050224425 
1.186e-06      0.0001638839903093809 
1.1885e-06     0.0001638011401879435 
1.191e-06      0.0001667271872450213 
1.1935e-06     0.0001668191856647549 
1.196e-06      0.000164147189958107 
1.1985e-06     0.0001643603288398397 
1.201e-06      0.000164581790497397 
1.2035e-06     0.0001646106015228191 
1.206e-06      0.0001648947227016636 
1.2085e-06     0.9000494190648602 
1.211e-06      0.9000488370418589 
1.2135e-06     0.9000485049485119 
1.216e-06      0.900048540336101 
1.2185e-06     0.9000477457308252 
1.221e-06      0.9000474916337344 
1.2235e-06     0.0001675408551296281 
1.226e-06      0.0001681090221599836 
1.2285e-06     0.9000480431659834 
1.231e-06      0.9000467632917898 
1.2335e-06     0.9000449368289197 
1.236e-06      0.0001735672431307164 
1.2385e-06     0.00018181449398617 
1.241e-06      0.0001936405609328662 
1.2435e-06     0.0002292536727226903 
1.246e-06      0.9000760368116035 
1.2485e-06     0.0004343862354875648 
1.251e-06      0.0008332657842721573 
1.2535e-06     -0.002116386836816136 
1.256e-06      -0.0006210098744809217 
1.2585e-06     -0.0004981141301708215 
1.261e-06      0.8998434362614903 
1.2635e-06     0.8998684683126115 
1.266e-06      -0.000342999048193417 
1.2685e-06     -0.0003319503350880099 
1.271e-06      -0.0003389842460711265 
1.2735e-06     -0.0003568854323995845 
1.276e-06      -0.0004193158106938316 
1.2785e-06     -0.0005000945544461795 
1.281e-06      0.89973948032517 
1.2835e-06     0.0006320881471929112 
1.286e-06      0.9000739485331485 
1.2885e-06     0.9000705963186698 
1.291e-06      0.9000662942660653 
1.2935e-06     0.0002044245472025971 
1.296e-06      0.9000642965612881 
1.2985e-06     0.9000633625722084 
1.301e-06      0.0002202034318523763 
1.3035e-06     0.0002439291062882792 
1.306e-06      0.0003007111187592635 
1.3085e-06     0.900195962410159 
1.311e-06      -0.001528213385726656 
1.3135e-06     0.8998987435844329 
1.316e-06      0.8999272949635212 
1.3185e-06     0.8999427232167746 
1.321e-06      -0.0001252991512573213 
1.3235e-06     0.8999587693304755 
1.326e-06      0.8999638307599476 
1.3285e-06     0.8999676754132542 
1.331e-06      0.8999707566538714 
1.3335e-06     -7.864420538206048e-05 
1.336e-06      -7.902485020469917e-05 
1.3385e-06     -7.91258711658387e-05 
1.341e-06      0.8999710504966991 
1.3435e-06     0.8999709391553939 
1.346e-06      -7.631686339708963e-05 
1.3485e-06     -7.295858220133262e-05 
1.351e-06      -6.836787927113288e-05 
1.3535e-06     -6.726195593952187e-05 
1.356e-06      -7.189486893334764e-05 
1.3585e-06     -7.736997687734464e-05 
1.361e-06      0.8999686471040905 
1.3635e-06     0.8999691019093856 
1.366e-06      0.8999701422574617 
1.3685e-06     0.8999707791566155 
1.371e-06      0.899971368917039 
1.3735e-06     0.899971301084979 
1.376e-06      0.8999683033028197 
1.3785e-06     0.8999676488303929 
1.381e-06      0.8999691668739116 
1.3835e-06     0.8999686382502549 
1.386e-06      0.8999688913142921 
1.3885e-06     0.8999712128601904 
1.391e-06      -6.747924208586373e-05 
1.3935e-06     -6.849848785080043e-05 
1.396e-06      -7.302493432666672e-05 
1.3985e-06     -7.641666637664386e-05 
1.401e-06      -7.71276132336564e-05 
1.4035e-06     -7.75093397762596e-05 
1.406e-06      0.8999699692169861 
1.4085e-06     0.8999699554437172 
1.411e-06      -7.875876588710937e-05 
1.4135e-06     -8.1512247607443e-05 
1.416e-06      -8.951261025269378e-05 
1.4185e-06     0.8999636442686676 
1.421e-06      0.8999583841481361 
1.4235e-06     0.8999518378308249 
1.426e-06      0.8999423208194263 
1.4285e-06     -0.0001988753284587717 
1.431e-06      0.8998995156655607 
1.4335e-06     0.8998416731290304 
1.436e-06      0.9005567197439263 
1.4385e-06     0.9000815321091774 
1.441e-06      0.9000708542686847 
1.4435e-06     0.0002210414402326417 
1.446e-06      0.0002095313126913944 
1.4485e-06     0.0002057272557682607 
1.451e-06      0.9000661733245755 
1.4535e-06     0.9000684505196236 
1.456e-06      0.9000709040294406 
1.4585e-06     0.9000748841637987 
1.461e-06      0.9000778198290805 
1.4635e-06     0.0002376557986025459 
1.466e-06      0.8991824722337163 
1.4685e-06     -0.0004122869665073452 
1.471e-06      -0.0003477312631502735 
1.4735e-06     -0.0003332254868429421 
1.476e-06      -0.0003167631012048374 
1.4785e-06     -0.0003258604293075994 
1.481e-06      -0.0003665910823129765 
1.4835e-06     -0.0004029230113787823 
1.486e-06      0.8998126764045784 
1.4885e-06     0.8997598850599406 
1.491e-06      -0.000745788910271499 
1.4935e-06     0.001215344231696611 
1.496e-06      0.0004398083061339661 
1.4985e-06     0.0002965255144563704 
1.501e-06      0.000232389091932764 
1.5035e-06     0.9000433112858576 
1.506e-06      0.0001808604469919937 
1.5085e-06     0.0001726128603470142 
1.511e-06      0.0001721081702452081 
1.5135e-06     0.0001719111614467554 
1.516e-06      0.9000475706688338 
1.5185e-06     0.9000482137922177 
1.521e-06      0.9000486933875692 
1.5235e-06     0.0001675310256519666 
1.526e-06      0.0001674547743248092 
1.5285e-06     0.9000477347362029 
1.531e-06      0.9000484826066688 
1.5335e-06     0.9000487958312102 
1.536e-06      0.9000491964449715 
1.5385e-06     0.9000495463268704 
1.541e-06      0.9000494794424804 
1.5435e-06     0.0001645597563747693 
1.546e-06      0.0001643241246977767 
1.5485e-06     0.0001640835414521173 
1.551e-06      0.0001639244018400048 
1.5535e-06     0.0001638268948246888 
1.556e-06      0.0001638021691842748 
1.5585e-06     0.0001638863624418658 
1.561e-06      0.0001640847907107299 
1.5635e-06     0.0001642945839228889 
1.566e-06      0.0001651611328972747 
1.5685e-06     0.000164659105156268 
1.571e-06      0.0001644290850560238 
1.5735e-06     0.9000493509527742 
1.576e-06      0.9000490986296468 
1.5785e-06     0.9000487904798833 
1.581e-06      0.9000479471779324 
1.5835e-06     0.9000478221613705 
1.586e-06      0.9000475312944938 
1.5885e-06     0.9000469337107083 
1.591e-06      0.0001682357908813239 
1.5935e-06     0.0001691946133034275 
1.596e-06      0.9000463037409162 
1.5985e-06     0.9000451894970631 
1.601e-06      0.9000435382280711 
1.6035e-06     0.0001787423110014432 
1.606e-06      0.0001895404959161684 
1.6085e-06     0.0002171154921776084 
1.611e-06      0.900068763480145 
1.6135e-06     0.9000966364049621 
1.616e-06      0.0007124063742242641 
1.6185e-06     -0.002368877408847699 
1.621e-06      -0.0006649059542266334 
1.6235e-06     -0.0005264014809100256 
1.626e-06      0.899836027553603 
1.6285e-06     0.8998596922709304 
1.631e-06      0.899872549198403 
1.6335e-06     -0.0003328598561419954 
1.636e-06      -0.0003347073011464545 
1.6385e-06     -0.0003590412180218183 
1.641e-06      -0.000390041379738507 
1.6435e-06     -0.0004715666262782099 
1.646e-06      0.8997690403107279 
1.6485e-06     0.0006395794763395201 
1.651e-06      0.9000744685366634 
1.6535e-06     0.9000715430146891 
1.656e-06      0.9000669789058292 
1.6585e-06     0.9000654158676681 
1.661e-06      0.9000645607062471 
1.6635e-06     0.9000634555264893 
1.666e-06      0.9000649691027691 
1.6685e-06     0.0002353744054669969 
1.671e-06      0.0002789351467650694 
1.6735e-06     0.9001113329198197 
1.676e-06      0.8993705099157228 
1.6785e-06     0.8998864443078283 
1.681e-06      0.8999215333602993 
1.6835e-06     0.8999395163612515 
1.686e-06      -0.0001321548246875132 
1.6885e-06     -0.0001172904439273926 
1.691e-06      0.899962422175498 
1.6935e-06     0.8999667084222883 
1.696e-06      0.8999701339809608 
1.6985e-06     -7.834231590561183e-05 
1.701e-06      -7.849691892616086e-05 
1.7035e-06     -7.956411866394647e-05 
1.706e-06      0.8999707611000859 
1.7085e-06     0.8999709687453255 
1.711e-06      -7.677628860240873e-05 
1.7135e-06     -7.410686860204216e-05 
1.716e-06      -6.960582979305985e-05 
1.7185e-06     -6.764689652135247e-05 
1.721e-06      -7.011084418173622e-05 
1.7235e-06     -7.594070975595261e-05 
1.726e-06      0.8999686504657191 
1.7285e-06     0.8999687732761947 
1.731e-06      0.8999698809308594 
1.7335e-06     0.8999706027462411 
1.736e-06      0.89997120798175 
1.7385e-06     0.8999687985839069 
1.741e-06      0.8999687954127915 
1.7435e-06     0.8999677627145893 
1.746e-06      0.8999693806236153 
1.7485e-06     0.8999686758880537 
1.751e-06      0.899968732366599 
1.7535e-06     0.8999702833477004 
1.756e-06      -6.832342667660449e-05 
1.7585e-06     -6.775528197336793e-05 
1.761e-06      -7.188832721863724e-05 
1.7635e-06     -7.552162334734657e-05 
1.766e-06      -7.70408260922721e-05 
1.7685e-06     -7.718651609465029e-05 
1.771e-06      -7.913988601950091e-05 
1.7735e-06     0.899969593409049 
1.776e-06      0.8999707556031563 
1.7785e-06     -8.082731781636473e-05 
1.781e-06      -8.697278782987705e-05 
1.7835e-06     -9.658346585772931e-05 
1.786e-06      0.899960157295975 
1.7885e-06     0.8999540634914356 
1.791e-06      0.899945200936941 
1.7935e-06     -0.0001848592910909764 
1.796e-06      -0.0002447918978688083 
1.7985e-06     0.8998638153289781 
1.801e-06      0.8998483465555298 
1.8035e-06     0.9003443174676119 
1.806e-06      0.9000723000111608 
1.8085e-06     0.0002257385399468207 
1.811e-06      0.0002083485832190893 
1.8135e-06     0.0002035830036566873 
1.816e-06      0.9000654683883158 
1.8185e-06     0.9000677734132783 
1.821e-06      0.9000698536137604 
1.8235e-06     0.9000728218386886 
1.826e-06      0.9000776580100819 
1.8285e-06     0.0002349969034411735 
1.831e-06      -0.002021091750291222 
1.8335e-06     -0.0004306929632655268 
1.836e-06      0.8998614492259864 
1.8385e-06     -0.0003285246522212849 
1.841e-06      -0.0003278027703492022 
1.8435e-06     -0.0003321510680640922 
1.846e-06      -0.0003562195603878211 
1.8485e-06     -0.0003995056742531811 
1.851e-06      0.8998234644704048 
1.8535e-06     0.8997779868261643 
1.856e-06      -0.000722882955621581 
1.8585e-06     -0.001252665855293298 
1.861e-06      0.9006513246343951 
1.8635e-06     0.0003281148256818432 
1.866e-06      0.000246700379096112 
1.8685e-06     0.9000434242823989 
1.871e-06      0.9000452211273067 
1.8735e-06     0.0001732917033958419 
1.876e-06      0.000172348472135539 
1.8785e-06     0.0001711859411492116 
1.881e-06      0.9000469373828117 
1.8835e-06     0.9000481236636897 
1.886e-06      0.9000490449366521 
1.8885e-06     0.0001672981480531173 
1.891e-06      0.0001676751350505783 
1.8935e-06     0.9000477149724153 
1.896e-06      0.9000482843074433 
1.8985e-06     0.9000488154859023 
1.901e-06      0.9000492211323188 
1.9035e-06     0.9000494731727449 
1.906e-06      0.9000494758833172 
1.9085e-06     0.0001646054166828517 
1.911e-06      0.0001641437069922043 
1.9135e-06     0.0001641702253773729 
1.916e-06      0.0001639751934610056 
1.9185e-06     0.0001638502743052121 
1.921e-06      0.0001667074226462109 
1.9235e-06     0.000163849494328997 
1.926e-06      0.0001668839931841341 
1.9285e-06     0.0001670407293630811 
1.931e-06      0.0001644598414586487 
1.9335e-06     0.0001646454828334931 
1.936e-06      0.0001643895320023405 
1.9385e-06     0.9000495630018266 
1.941e-06      0.9000492397739995 
1.9435e-06     0.9000487315033141 
1.946e-06      0.9000484102538908 
1.9485e-06     0.9000483402988497 
1.951e-06      0.9000476629435218 
1.9535e-06     0.9000472137870673 
1.956e-06      0.0001683486561453216 
1.9585e-06     0.0001692453285512387 
1.961e-06      0.9000468728659745 
1.9635e-06     0.9000454053816167 
1.966e-06      0.9000445134340747 
1.9685e-06     0.0001743189115484743 
1.971e-06      0.0001867968570603976 
1.9735e-06     0.0002067179966407997 
1.976e-06      0.9000628779480518 
1.9785e-06     0.9000869434542396 
1.981e-06      0.0005584539056308062 
1.9835e-06     0.000545393842272707 
1.986e-06      -0.002185434087979067 
1.9885e-06     -0.0005634389406499557 
1.991e-06      -0.0004582764905271671 
1.9935e-06     0.8998538849933315 
1.996e-06      0.8998735050202805 
1.9985e-06     -0.000336708630040557 
2.001e-06      -0.0003331738405297077 
2.0035e-06     -0.0003470734337678633 
2.006e-06      -0.0003875462759380836 
2.0085e-06     -0.0004358383082481603 
2.011e-06      0.8997894942883308 
2.0135e-06     0.900563932968516 
2.016e-06      0.9000756308336632 
2.0185e-06     0.0002166194037464506 
2.021e-06      0.9000690840142525 
2.0235e-06     0.9000662219736947 
2.026e-06      0.0002036552698771781 
2.0285e-06     0.9000644367345888 
2.031e-06      0.9000638462270787 
2.0335e-06     0.0002273497774930855 
2.036e-06      0.0002621156854335714 
2.0385e-06     0.9000925450312292 
2.041e-06      0.9001887139809307 
2.0435e-06     -0.001376618575155559 
2.046e-06      0.8999132284100015 
2.0485e-06     0.8999350784811209 
2.051e-06      -0.0001446838182105682 
2.0535e-06     -0.0001171605349931649 
2.056e-06      0.8999611003868562 
2.0585e-06     0.8999656003040564 
2.061e-06      0.8999691100525462 
2.0635e-06     -7.959606261393403e-05 
2.066e-06      -7.830965644811073e-05 
2.0685e-06     -7.955370143687388e-05 
2.071e-06      0.899970055776062 
2.0735e-06     0.899971039048825 
2.076e-06      -7.694013622004558e-05 
2.0785e-06     -7.529166521042748e-05 
2.081e-06      -7.090198056119309e-05 
2.0835e-06     -6.71666914427359e-05 
2.086e-06      -6.86262050881812e-05 
2.0885e-06     -7.441471991965009e-05 
2.091e-06      -7.910673061879367e-05 
2.0935e-06     0.8999686651526755 
2.096e-06      0.8999695128582818 
2.0985e-06     0.8999704039884551 
2.101e-06      0.8999711636184299 
2.1035e-06     0.8999687962978972 
2.106e-06      0.8999688862586454 
2.1085e-06     0.8999678796750559 
2.111e-06      0.8999696247331654 
2.1135e-06     0.8999687978612022 
2.116e-06      0.8999686459805338 
2.1185e-06     0.8999694167717932 
2.121e-06      0.8999728612790643 
2.1235e-06     -6.764411375327112e-05 
2.126e-06      -7.020703395572147e-05 
2.1285e-06     -7.490145894196658e-05 
2.131e-06      -7.687706622261114e-05 
2.1335e-06     -7.66218210478062e-05 
2.136e-06      -7.84681560551034e-05 
2.1385e-06     0.8999695033859226 
2.141e-06      0.8999703730815518 
2.1435e-06     -7.916685069335276e-05 
2.146e-06      -8.478677169938103e-05 
2.1485e-06     -9.360412842357903e-05 
2.151e-06      0.8999616383257756 
2.1535e-06     0.8999558684918109 
2.156e-06      0.8999482786578608 
2.1585e-06     -0.000171743587419465 
2.161e-06      -0.0002234447201006324 
2.1635e-06     0.8998805144937649 
2.166e-06      0.8997936574188188 
2.1685e-06     0.9004163572089879 
2.171e-06      0.9000757187183835 
2.1735e-06     0.9000686847302658 
2.176e-06      0.0002111101755132759 
2.1785e-06     0.0002049758186198573 
2.181e-06      0.9000649770338967 
2.1835e-06     0.900067100199018 
2.186e-06      0.9000696373401952 
2.1885e-06     0.9000724875329404 
2.191e-06      0.9000760115406912 
2.1935e-06     0.900077225319353 
2.196e-06      0.0005239587795985964 
2.1985e-06     0.8992173832248003 
2.201e-06      -0.0003865551879908073 
2.2035e-06     -0.0003458273180269183 
2.206e-06      -0.0003295489450137934 
2.2085e-06     0.8998792024670158 
2.211e-06      -0.0003477686596467622 
2.2135e-06     -0.0003837744951819286 
2.216e-06      0.8998328124918894 
2.2185e-06     0.8997934903314583 
2.221e-06      0.8997276151774133 
2.2235e-06     -0.0006538424993690806 
2.226e-06      0.9008091388871934 
2.2285e-06     0.0003626783245849458 
2.231e-06      0.0002648255585556914 
2.2335e-06     0.9000464415976644 
2.236e-06      0.9000450849993848 
2.2385e-06     0.0001761624890193726 
2.241e-06      0.000172281817374886 
2.2435e-06     0.0001713588877242897 
2.246e-06      0.900046236117392 
2.2485e-06     0.9000487808158926 
2.251e-06      0.9000487232216419 
2.2535e-06     0.0001677066856360451 
2.256e-06      0.000167314016021043 
2.2585e-06     0.9000477143389822 
2.261e-06      0.9000480273560174 
2.2635e-06     0.9000486769890618 
2.266e-06      0.9000490705142608 
2.2685e-06     0.9000495076403917 
2.271e-06      0.9000496250314429 
2.2735e-06     0.9000495684167104 
2.276e-06      0.0001644686288199601 
2.2785e-06     0.0001642360002850337 
2.281e-06      0.0001640286941018593 
2.2835e-06     0.0001638813246725524 
2.286e-06      0.0001666540479157342 
2.2885e-06     0.0001638262760868973 
2.291e-06      0.0001639537407514138 
2.2935e-06     0.0001641834678010218 
2.296e-06      0.0001643982315576872 
2.2985e-06     0.0001646060886766068 
2.301e-06      0.0001645992163831436 
2.3035e-06     0.0001647998656010563 
2.306e-06      0.9000493397148563 
2.3085e-06     0.9000489159320307 
2.311e-06      0.9000485582858372 
2.3135e-06     0.9000477635265763 
2.316e-06      0.9000479777432376 
2.3185e-06     0.9000473166619032 
2.321e-06      0.000167554326564977 
2.3235e-06     0.0001692075010579037 
2.326e-06      0.9000479433579092 
2.3285e-06     0.9000458249031859 
2.331e-06      0.9000448222128015 
2.3335e-06     0.000173619248672228 
2.336e-06      0.0001834696061687665 
2.3385e-06     0.0001973397523567391 
2.341e-06      0.9000587571383853 
2.3435e-06     0.9000797283410197 
2.346e-06      0.0004678466659842905 
2.3485e-06     0.0007609996903597871 
2.351e-06      -0.002171901627470987 
2.3535e-06     -0.0006005929407976664 
2.356e-06      -0.0004829312845460495 
2.3585e-06     0.8998465664570791 
2.361e-06      0.8998703704652019 
2.3635e-06     -0.0003401234874791159 
2.366e-06      -0.0003314424193905541 
2.3685e-06     -0.0003417631835533235 
2.371e-06      -0.0003752586041307021 
2.3735e-06     -0.00042753334799976 
2.376e-06      -0.0005154893100194012 
2.3785e-06     0.8997109425208912 
2.381e-06      0.0006325387195899817 
2.3835e-06     0.9000733303183306 
2.386e-06      0.9000700406839194 
2.3885e-06     0.9000669130091946 
2.391e-06      0.0002011860944029096 
2.3935e-06     0.9000643002247976 
2.396e-06      0.9000642413916605 
2.3985e-06     0.0002225192524656964 
2.401e-06      0.0002486713126236012 
2.4035e-06     0.0003156963703196658 
2.406e-06      0.9002916261842591 
2.4085e-06     -0.001476131691090288 
2.411e-06      0.8999038649964621 
2.4135e-06     0.8999298827781915 
2.416e-06      -0.0001468959653830538 
2.4185e-06     -0.0001227211844249986 
2.421e-06      0.8999593656891587 
2.4235e-06     0.899964290899417 
2.426e-06      0.8999681684237198 
2.4285e-06     -8.154089416815476e-05 
2.431e-06      -7.812672818618036e-05 
2.4335e-06     -7.946837014337257e-05 
2.436e-06      -7.863276802757259e-05 
2.4385e-06     0.8999711159057106 
2.441e-06      -7.69724226836127e-05 
2.4435e-06     -7.586533854053605e-05 
2.446e-06      -7.232263406469966e-05 
2.4485e-06     -6.810817127709775e-05 
2.451e-06      -6.769583365393878e-05 
2.4535e-06     -7.277887791407989e-05 
2.456e-06      -7.793192498070161e-05 
2.4585e-06     0.8999686484110403 
2.461e-06      0.8999692537233757 
2.4635e-06     0.8999700981085175 
2.466e-06      0.8999707645815195 
2.4685e-06     0.8999713950393217 
2.471e-06      0.8999689399505425 
2.4735e-06     0.899970643595388 
2.476e-06      0.8999699847206214 
2.4785e-06     0.8999689476963745 
2.481e-06      0.8999686149367756 
2.4835e-06     0.8999689288979723 
2.486e-06      0.8999717676058013 
2.4885e-06     -6.724082949562543e-05 
2.491e-06      -6.902520378049265e-05 
2.4935e-06     -7.361156503416798e-05 
2.496e-06      -7.648191547682934e-05 
2.4985e-06     -7.721584394718466e-05 
2.501e-06      -7.786745317180384e-05 
2.5035e-06     0.8999696325646407 
2.506e-06      0.8999700564286973 
2.5085e-06     -7.820509498548721e-05 
2.511e-06      -8.242571040766536e-05 
2.5135e-06     -9.078621606578078e-05 
2.516e-06      0.8999630681341888 
2.5185e-06     0.8999575407983132 
2.521e-06      0.8999508802988274 
2.5235e-06     0.8999408263201223 
2.526e-06      -0.0002068433045327618 
2.5285e-06     0.8998938987518593 
2.531e-06      0.8998277182974801 
2.5335e-06     0.9006003087322316 
2.536e-06      0.9000788076179058 
2.5385e-06     0.9000700115854595 
2.541e-06      0.0002187716325908392 
2.5435e-06     0.0002059702860072836 
2.546e-06      0.9000647106102181 
2.5485e-06     0.9000664503839272 
2.551e-06      0.9000688244068263 
2.5535e-06     0.9000713824716925 
2.556e-06      0.9000755485824293 
2.5585e-06     0.9000780632334499 
2.561e-06      0.0002440760026393864 
2.5635e-06     0.8991995494923287 
2.566e-06      -0.0004036172836571422 
2.5685e-06     -0.0003543482806745458 
2.571e-06      -0.0003312981301157368 
2.5735e-06     0.8998802623412843 
2.576e-06      -0.0003398941357064046 
2.5785e-06     -0.0003595863369579248 
2.581e-06      0.8998414194143382 
2.5835e-06     0.8998067309888995 
