
time (s)       VT("/biP<5>") (V)


2.6e-08        -0.001234923795392333 
2.85e-08       0.8994247543251631 
3.1e-08        0.9009141459630056 
3.35e-08       0.0008502506892798473 
3.6e-08        0.0006885727906187455 
3.85e-08       0.0005933479214171199 
4.1e-08        0.0005398943875721876 
4.35e-08       0.9001727618652743 
4.6e-08        0.9001676634737805 
4.85e-08       0.9001667110511268 
5.1e-08        0.9001664729858652 
5.35e-08       0.9001664500058707 
5.600000000000001e-08 0.9001662453085938 
5.85e-08       0.9001651593454454 
6.1e-08        0.0004545517424418105 
6.350000000000001e-08 0.0004525028225468069 
6.600000000000001e-08 0.0004510400075948183 
6.850000000000001e-08 0.0004493482483990592 
7.1e-08        0.0004490118592113626 
7.35e-08       0.0004486044871773567 
7.599999999999999e-08 0.0004481686956425821 
7.849999999999999e-08 0.000446721897173923 
8.1e-08        0.900160270164169 
8.35e-08       0.9001600497545308 
8.6e-08        0.900159983690448 
8.85e-08       0.9001596372752528 
9.100000000000001e-08 0.9001572441008183 
9.350000000000001e-08 0.9001573138533342 
9.600000000000001e-08 0.9001572685943735 
9.850000000000002e-08 0.9001576558282758 
1.01e-07       0.9001579837503575 
1.035e-07      0.9001582996899178 
1.06e-07       0.900158776438438 
1.085e-07      0.9001587947430485 
1.11e-07       0.0004488271397361267 
1.135e-07      0.000448962133123509 
1.16e-07       0.0004498916233103925 
1.185e-07      0.0004518873395222194 
1.21e-07       0.0004523515617693614 
1.235e-07      0.0004543844090921836 
1.26e-07       0.0004583419760530733 
1.285e-07      0.0004615973335068958 
1.31e-07       0.9001677073054375 
1.335e-07      0.9001669434229873 
1.36e-07       0.9001681055847155 
1.385e-07      0.900169507716523 
1.41e-07       0.9001739742575205 
1.435e-07      0.9001802140415414 
1.46e-07       0.9001999406118861 
1.485e-07      0.0006897938000180695 
1.51e-07       0.0008475759981911705 
1.535e-07      0.001272163833157698 
1.56e-07       -0.002583193750890854 
1.585e-07      0.8994942904613631 
1.61e-07       0.8995698640115277 
1.635e-07      -0.0009536863806454291 
1.66e-07       -0.0008574426143157899 
1.685e-07      -0.0008297118399483906 
1.71e-07       -0.0008095687817494051 
1.735e-07      -0.0008147106140732923 
1.76e-07       0.8996582031409512 
1.785e-07      0.8996299877841689 
1.81e-07       0.8995857509692341 
1.835e-07      -0.001183796741873045 
1.86e-07       0.0006193009384804971 
1.885e-07      0.9001834338733329 
1.91e-07       0.0004619233546940892 
1.935e-07      0.0004532677069871802 
1.96e-07       0.0004500495731610369 
1.985e-07      0.9001691403686465 
2.01e-07       0.9001733184217814 
2.035e-07      0.9001785025120134 
2.06e-07       0.9001885536017473 
2.085e-07      0.9002074748035339 
2.11e-07       0.0008110342866247443 
2.135e-07      -0.002054561288277484 
2.16e-07       0.8997406220593244 
2.185e-07      0.8997895718702291 
2.21e-07       0.8998185927996113 
2.235e-07      0.8998377549972344 
2.26e-07       -0.000379738611591499 
2.285e-07      -0.0003525450384935559 
2.31e-07       -0.000332211559510182 
2.335e-07      -0.0003165810281724505 
2.36e-07       -0.0003077298025267925 
2.385e-07      -0.0003042503892702957 
2.41e-07       -0.000302293900053186 
2.435e-07      0.8998824701668374 
2.46e-07       0.8998831685447772 
2.485e-07      0.8998832295401211 
2.51e-07       0.8998857253570507 
2.535e-07      0.8998891746228982 
2.56e-07       0.8998904494260963 
2.585e-07      0.8998872543834713 
2.61e-07       0.8998834986300409 
2.635e-07      -0.000294878607133852 
2.66e-07       -0.0002901165252064541 
2.685e-07      -0.0002968196918812683 
2.71e-07       -0.000296574812132061 
2.735e-07      -0.0002959816031900675 
2.76e-07       -0.0002878421720550947 
2.785e-07      -0.0002881601760366563 
2.81e-07       -0.0002971483328452562 
2.835e-07      -0.0002897733065232938 
2.86e-07       -0.0002898090295646119 
2.885e-07      -0.0002879926187102638 
2.91e-07       -0.0002833100243781248 
2.935e-07      0.8998897037248349 
2.96e-07       0.8998896996731479 
2.985e-07      0.8998865355822425 
3.01e-07       0.8998838140931553 
3.035e-07      0.8998833065773337 
3.06e-07       0.8998829939561228 
3.085e-07      0.8998810559225391 
3.11e-07       0.8998793479653827 
3.135e-07      0.8998796341568873 
3.16e-07       -0.0003145291940978381 
3.185e-07      -0.0003278122348826179 
3.21e-07       -0.0003470805384723864 
3.235e-07      -0.0003716949757709433 
3.26e-07       -0.0004040326199115632 
3.285e-07      -0.0004486269690700157 
3.31e-07       0.8997979027668234 
3.335e-07      0.8997573564193941 
3.36e-07       0.8996862445594445 
3.385e-07      0.9004019552082388 
3.41e-07       0.0006347976032258397 
3.435e-07      0.0005408852479570841 
3.46e-07       0.9001817181770451 
3.485e-07      0.90017518868899 
3.51e-07       0.9001704825126265 
3.535e-07      0.9001720556209611 
3.56e-07       0.9001742729437207 
3.585e-07      0.0004615836376010823 
3.61e-07       0.000473239029653239 
3.635e-07      0.0004851755342260309 
3.66e-07       0.9001862538334224 
3.685e-07      0.8989934266361588 
3.71e-07       -0.0009363577404035499 
3.735e-07      0.8996572332910586 
3.76e-07       0.899681323863618 
3.785e-07      0.8996865271571828 
3.81e-07       -0.0008147852817553602 
3.835e-07      -0.0008561053194651093 
3.86e-07       -0.0009043743797750748 
3.885e-07      -0.001029170477254506 
3.91e-07       -0.001179768210501513 
3.935e-07      0.899427544413266 
3.96e-07       0.9006645772404831 
3.985e-07      0.000927527976064841 
4.01e-07       0.000725962067212971 
4.035e-07      0.0006185435742843226 
4.06e-07       0.0005386064147383982 
4.085e-07      0.0005183742653851088 
4.11e-07       0.9001688370384808 
4.135e-07      0.9001683688305231 
4.16e-07       0.9001669637903811 
4.185e-07      0.9001671544988969 
4.21e-07       0.9001672102530622 
4.235e-07      0.900165364806639 
4.26e-07       0.0004554493782502364 
4.285e-07      0.000453415001721138 
4.31e-07       0.0004502630871144311 
4.335e-07      0.0004493389949245162 
4.36e-07       0.0004491929032431656 
4.385e-07      0.0004486664507779903 
4.41e-07       0.0004477642166912728 
4.435e-07      0.0004471442890411193 
4.46e-07       0.9001584047744717 
4.485e-07      0.9001603123845306 
4.51e-07       0.9001576935975671 
4.535e-07      0.9001574829609696 
4.56e-07       0.9001573392947406 
4.585e-07      0.9001595178934326 
4.61e-07       0.9001572917012706 
4.635e-07      0.9001575573248773 
4.66e-07       0.9001600776103645 
4.685e-07      0.9001582130887866 
4.71e-07       0.9001584625106855 
4.735e-07      0.9001585271336576 
4.76e-07       0.0004480278258114413 
4.785000000000001e-07 0.0004490453774127514 
4.81e-07       0.0004494462355391763 
4.835e-07      0.0004499279642593955 
4.86e-07       0.0004516744517699599 
4.885000000000001e-07 0.0004523069149943662 
4.91e-07       0.0004570114642922601 
4.935e-07      0.0004606696945155057 
4.96e-07       0.0004653495305921306 
4.985000000000001e-07 0.9001667165295865 
5.010000000000001e-07 0.900167457317154 
5.035e-07      0.9001687016832381 
5.060000000000001e-07 0.9001721804930365 
5.085000000000001e-07 0.9001788470896815 
5.110000000000001e-07 0.9001923070518374 
5.135e-07      0.0006589188456102987 
5.16e-07       0.0007911708625170815 
5.185000000000001e-07 0.001098916747143742 
5.210000000000001e-07 0.001034845853560963 
5.235e-07      -0.002906075694380613 
5.26e-07       0.8995515182704195 
5.285000000000001e-07 -0.0009849144475601117 
5.310000000000001e-07 -0.0008754007681070332 
5.335000000000001e-07 -0.0008241246540286264 
5.36e-07       -0.0008128363209921202 
5.385e-07      -0.0008109218089162702 
5.410000000000001e-07 0.8996639023195955 
5.435000000000001e-07 0.8996472310855559 
5.46e-07       0.8996093828978877 
5.485e-07      -0.001118788678734348 
5.510000000000001e-07 0.0006208510350655418 
5.535000000000001e-07 0.9001852895531739 
5.560000000000001e-07 0.9001786400585069 
5.585e-07      0.0004512854184632971 
5.61e-07       0.0004507465046034338 
5.635000000000001e-07 0.9001710200693674 
5.660000000000001e-07 0.9001705465405543 
5.685e-07      0.9001744028104359 
5.71e-07       0.9001852224611068 
5.735000000000001e-07 0.9002011884693796 
5.760000000000001e-07 0.0007047777701874444 
5.785000000000001e-07 -0.001803383204586928 
5.81e-07       0.8997212638861999 
5.835000000000001e-07 0.8997787302913965 
5.860000000000001e-07 0.8998120814384257 
5.885000000000001e-07 0.8998327927840155 
5.91e-07       0.8998476840893883 
5.935e-07      -0.0003590842719328829 
5.960000000000001e-07 -0.0003374414298996297 
5.985000000000001e-07 -0.0003209049635601388 
6.01e-07       -0.000309187516497565 
6.035e-07      -0.0003045757512229589 
6.060000000000001e-07 -0.0003034752669238072 
6.085000000000001e-07 0.8998820944271634 
6.110000000000001e-07 0.8998830756936406 
6.135e-07      0.8998833057819861 
6.16e-07       0.899884705363443 
6.185000000000001e-07 0.8998882055915027 
6.210000000000001e-07 0.8998901150377625 
6.235e-07      0.8998886873375888 
6.26e-07       0.8998844771558416 
6.285000000000001e-07 -0.0002891270331188017 
6.310000000000001e-07 -0.0002900720340097499 
6.335000000000001e-07 -0.0002893913826509473 
6.36e-07       -0.0002885814701035983 
6.385000000000001e-07 -0.0002880672464898098 
6.410000000000001e-07 -0.0002958329989864706 
6.435000000000001e-07 -0.0002881244432339419 
6.46e-07       -0.00029659125181442 
6.485e-07      -0.0002964649383788605 
6.510000000000001e-07 -0.0002900423265606819 
6.535000000000001e-07 -0.0002887091617742539 
6.560000000000001e-07 -0.000285102789126161 
6.585e-07      0.8998889389661417 
6.610000000000001e-07 0.899889934017591 
6.635000000000001e-07 0.8998875909521701 
6.660000000000001e-07 0.8998843190627062 
6.685e-07      0.8998830406430665 
6.71e-07       0.8998829520754135 
6.735000000000001e-07 0.8998817725427388 
6.760000000000001e-07 0.8998795931531617 
6.785e-07      0.8998795981438409 
6.81e-07       -0.0003108018239440296 
6.835000000000001e-07 -0.0003237477659549977 
6.860000000000001e-07 -0.0003409503336690168 
6.885000000000001e-07 -0.0003638626355154747 
6.91e-07       -0.0003931783267829249 
6.935e-07      -0.0004351169200616323 
6.960000000000001e-07 0.8998069142859054 
6.985000000000001e-07 0.8997715688656477 
7.01e-07       0.8997129412275449 
7.035e-07      0.8996357389570627 
7.060000000000001e-07 0.900467586285114 
7.085000000000001e-07 0.0005625236450247258 
7.110000000000001e-07 0.0005065539269192783 
7.135e-07      0.9001763687103816 
7.160000000000001e-07 0.9001706491872387 
7.185000000000001e-07 0.900171830457116 
7.210000000000001e-07 0.9001736161518465 
7.235e-07      0.9001768751050656 
7.26e-07       0.0004697434795476566 
7.285000000000001e-07 0.0004836323852260525 
7.310000000000001e-07 0.9001893995046232 
7.335e-07      0.8992985463245452 
7.36e-07       -0.0009640771771915767 
7.385000000000001e-07 -0.00087469687439358 
7.410000000000001e-07 0.8996716944112445 
7.435000000000001e-07 0.8996855493961029 
7.46e-07       -0.0008075999831268846 
7.485e-07      -0.000823272695569499 
7.510000000000001e-07 -0.0008813716582204142 
7.535000000000001e-07 -0.0009958719057387311 
7.56e-07       -0.001134876885437138 
7.585e-07      0.8994562865785868 
7.610000000000001e-07 0.8994156080150305 
7.635000000000001e-07 0.9009232514942794 
7.660000000000001e-07 0.0007713209342067502 
7.685e-07      0.0006437324400166517 
7.710000000000001e-07 0.0005523376863681026 
7.735000000000001e-07 0.0005268287616220182 
7.760000000000001e-07 0.900169007565396 
7.785e-07      0.9001682353938482 
7.81e-07       0.9001674068902483 
7.835000000000001e-07 0.9001663939699538 
7.860000000000001e-07 0.900167514071727 
7.885000000000001e-07 0.9001663304523229 
7.91e-07       0.0004562469906708463 
7.935000000000001e-07 0.0004542108201290981 
7.960000000000001e-07 0.000452516274309373 
7.985000000000001e-07 0.0004501287355914572 
8.01e-07       0.0004490125771873159 
8.035e-07      0.0004486663521666682 
8.060000000000001e-07 0.0004480362911747101 
8.085000000000001e-07 0.0004475530855357333 
8.11e-07       0.9001582408408937 
8.135e-07      0.9001603209685414 
8.160000000000001e-07 0.900157795613125 
8.185000000000001e-07 0.9001575308168025 
8.210000000000001e-07 0.9001573690675736 
8.235e-07      0.9001572161671393 
8.26e-07       0.9001572618188689 
8.285000000000001e-07 0.9001597402665636 
8.310000000000001e-07 0.9001600855660346 
8.335e-07      0.9001579929270245 
8.36e-07       0.9001584487688872 
8.385000000000001e-07 0.9001584955351888 
8.410000000000001e-07 0.9001589154269747 
8.435000000000001e-07 0.0004489757431045641 
8.46e-07       0.0004492192049414829 
8.485000000000001e-07 0.0004502207460449035 
8.510000000000001e-07 0.0004524404437552067 
8.535000000000001e-07 0.0004532554361412406 
8.56e-07       0.0004552412147832549 
8.585e-07      0.0004598237813565346 
8.610000000000001e-07 0.0004642395461987355 
8.635000000000001e-07 0.9001669087796113 
8.660000000000001e-07 0.9001671748048738 
8.685e-07      0.9001687439245399 
8.710000000000001e-07 0.9001694145726556 
8.735000000000001e-07 0.9001772454266652 
8.760000000000001e-07 0.9001866313193716 
8.785e-07      0.0006301446149803942 
8.81e-07       0.0007471754373683956 
8.835000000000001e-07 0.0009676102692015874 
8.860000000000001e-07 0.001025625764595612 
8.885e-07      -0.002849820400181171 
8.91e-07       0.8995300687820715 
8.935000000000001e-07 0.8995941054684791 
8.960000000000001e-07 -0.0008958808395192599 
8.985000000000001e-07 -0.0008522710089595348 
9.01e-07       -0.0008184530463893021 
9.035000000000001e-07 -0.0008084475434976389 
9.060000000000001e-07 -0.0008246389957843709 
9.085000000000001e-07 0.8996480966827853 
9.11e-07       0.8996140970034432 
9.135e-07      0.8995675560317259 
9.160000000000001e-07 -0.001055298253282373 
9.185000000000001e-07 0.0006661748114123226 
9.210000000000001e-07 0.9001804260435609 
9.235e-07      0.0004576011620642997 
9.260000000000001e-07 0.0004514266916295739 
9.285000000000001e-07 0.0004509578653659616 
9.310000000000001e-07 0.9001719575100815 
9.335e-07      0.9001748905185696 
9.36e-07       0.9001822792856387 
9.385000000000001e-07 0.9001952073175835 
9.410000000000001e-07 0.9002234875337625 
9.435000000000001e-07 0.000974134884355934 
9.46e-07       -0.002006463369942798 
9.485000000000001e-07 0.8997641335811182 
9.510000000000001e-07 0.8998030238540751 
9.535000000000001e-07 0.8998308721630283 
9.56e-07       0.8998476289405921 
9.585e-07      -0.0003669958860874497 
9.61e-07       -0.0003430407700299638 
9.635e-07      -0.0003256866229618088 
9.659999999999999e-07 -0.0003122068249758081 
9.684999999999999e-07 -0.0003051934849594709 
9.710000000000001e-07 -0.0003040450557166245 
9.735000000000001e-07 0.8998814532134307 
9.760000000000001e-07 0.8998828656393927 
9.785e-07      0.8998830294148887 
9.81e-07       0.8998840095309713 
9.835e-07      0.89988714803423 
9.860000000000002e-07 0.8998899010740771 
9.885000000000001e-07 0.8998894915141185 
9.910000000000001e-07 0.899885452526052 
9.935000000000001e-07 0.8998822535813288 
9.960000000000001e-07 -0.000289909800841569 
9.985000000000001e-07 -0.0002895786674338957 
1.001e-06      -0.0002888014382642404 
1.0035e-06     -0.0002882470330044642 
1.006e-06      -0.0002962553946426618 
1.0085e-06     -0.0002963218547095493 
1.011e-06      -0.0002884529718688464 
1.0135e-06     -0.0002893119852346693 
1.016e-06      -0.0002901973853141624 
1.0185e-06     -0.0002892699901141298 
1.021e-06      -0.0002864471038723103 
1.0235e-06     -0.0002802724166850608 
1.026e-06      0.8998898767868507 
1.0285e-06     0.8998886640000292 
1.031e-06      0.8998850669484024 
1.0335e-06     0.8998831507486317 
1.036e-06      0.8998831944966967 
1.0385e-06     0.899882203508021 
1.041e-06      0.899880109841265 
1.0435e-06     0.8998796357653456 
1.046e-06      -0.0003080031092859763 
1.0485e-06     -0.0003193447960178961 
1.051e-06      -0.0003353121516094512 
1.0535e-06     -0.0003564855274735301 
1.056e-06      -0.000384045489406483 
1.0585e-06     -0.0004214725945293148 
1.061e-06      0.8998148107211967 
1.0635e-06     0.8997835318772838 
1.066e-06      0.8997327109514704 
1.0685e-06     0.8996348284437741 
1.071e-06      0.9006026524422808 
1.0735e-06     0.0005860616270414882 
1.076e-06      0.000519414056611769 
1.0785e-06     0.9001781711000647 
1.081e-06      0.9001734267763166 
1.0835e-06     0.9001716231380807 
1.086e-06      0.9001727587623828 
1.0885e-06     0.9001757530611305 
1.091e-06      0.0004623518240179245 
1.0935e-06     0.000476052505811778 
1.096e-06      0.0004951288439754925 
1.0985e-06     0.9001705070975397 
1.101e-06      0.8989905992842827 
1.1035e-06     -0.0008991741000595769 
1.106e-06      0.8996667390574591 
1.1085e-06     0.8996779171904555 
1.111e-06      0.8996786383140695 
1.1135e-06     -0.00082908404847647 
1.116e-06      -0.0008621656528377187 
1.1185e-06     -0.000963898761328597 
1.121e-06      -0.001086980482862941 
1.1235e-06     -0.001262535558294444 
1.126e-06      0.8994516719400647 
1.1285e-06     0.9010069774562841 
1.131e-06      0.000821288148577782 
1.1335e-06     0.0006742500405578475 
1.136e-06      0.0005694552031446796 
1.1385e-06     0.0005248022356518431 
1.141e-06      0.9001726171255378 
1.1435e-06     0.900168761124154 
1.146e-06      0.9001675614355805 
1.1485e-06     0.9001662724407317 
1.151e-06      0.9001674508510816 
1.1535e-06     0.9001660258645756 
1.156e-06      0.9001650618493073 
1.1585e-06     0.0004539885695228884 
1.161e-06      0.0004524478474813869 
1.1635e-06     0.0004496589606569632 
1.166e-06      0.0004494556232087132 
1.1685e-06     0.000448911562700966 
1.171e-06      0.0004484506168409704 
1.1735e-06     0.000447724683944247 
1.176e-06      0.0004475500799423745 
1.1785e-06     0.9001581439470946 
1.181e-06      0.9001578079067674 
1.1835e-06     0.9001576017888971 
1.186e-06      0.9001573206962497 
1.1885e-06     0.9001572972974217 
1.191e-06      0.9001596855731865 
1.1935e-06     0.9001598415667298 
1.196e-06      0.9001576063059559 
1.1985e-06     0.9001579664875321 
1.201e-06      0.900158351072938 
1.2035e-06     0.9001586442983516 
1.206e-06      0.9001589561094737 
1.2085e-06     0.0004488395014271165 
1.211e-06      0.000448958180253108 
1.2135e-06     0.0004497422685216805 
1.216e-06      0.0004522844584782141 
1.2185e-06     0.0004524499099166787 
1.221e-06      0.0004550691483623681 
1.2235e-06     0.0004578606214758287 
1.226e-06      0.000461884478166003 
1.2285e-06     0.9001673248615651 
1.231e-06      0.9001678921665076 
1.2335e-06     0.9001681503918749 
1.236e-06      0.9001693276272609 
1.2385e-06     0.9001753192874292 
1.241e-06      0.900181433837517 
1.2435e-06     0.9002034254073337 
1.246e-06      0.0007072394161845819 
1.2485e-06     0.0008811949789169628 
1.251e-06      0.001301769499586076 
1.2535e-06     -0.002660869998402459 
1.256e-06      0.8995072793143827 
1.2585e-06     0.8995774347603258 
1.261e-06      -0.0009420349322207465 
1.2635e-06     -0.0008500090130864603 
1.266e-06      -0.0008263373769165131 
1.2685e-06     -0.0008090410923636634 
1.271e-06      -0.0008181439301003064 
1.2735e-06     0.8996624118093316 
1.276e-06      0.8996248538642004 
1.2785e-06     0.8995778034552782 
1.281e-06      -0.001219178213719869 
1.2835e-06     0.0006465329915379592 
1.286e-06      0.9001825216393097 
1.2885e-06     0.0004604739649851908 
1.291e-06      0.0004484767737111988 
1.2935e-06     0.0004511262510417232 
1.296e-06      0.9001711442496998 
1.2985e-06     0.9001719464976575 
1.301e-06      0.9001801000722308 
1.3035e-06     0.9001906026756356 
1.306e-06      0.9002119974026022 
1.3085e-06     0.000887380002055769 
1.311e-06      -0.002071021021830976 
1.3135e-06     0.899749096649993 
1.316e-06      0.8997943227391336 
1.3185e-06     0.8998215407363168 
1.321e-06      0.8998436965293588 
1.3235e-06     -0.0003745435432162892 
1.326e-06      -0.0003492475131108886 
1.3285e-06     -0.0003296090927606306 
1.331e-06      -0.0003143986786304807 
1.3335e-06     -0.0003068282535326379 
1.336e-06      -0.0003040627226243622 
1.3385e-06     -0.0003021068816516734 
1.341e-06      0.8998828263792642 
1.3435e-06     0.8998832565220001 
1.346e-06      0.8998835323513056 
1.3485e-06     0.8998861424742873 
1.351e-06      0.8998895566127558 
1.3535e-06     0.8998901337428058 
1.356e-06      0.8998865973143362 
1.3585e-06     0.899883033386853 
1.361e-06      -0.000289559164909886 
1.3635e-06     -0.000289847090101523 
1.366e-06      -0.000288984967656071 
1.3685e-06     -0.0002882567037783825 
1.371e-06      -0.0002878919961338279 
1.3735e-06     -0.0002878802945891927 
1.376e-06      -0.0002962727683827096 
1.3785e-06     -0.000297127859932076 
1.381e-06      -0.0002899092240831176 
1.3835e-06     -0.0002896937037883194 
1.386e-06      -0.0002875859735146138 
1.3885e-06     -0.0002825931943570277 
1.391e-06      0.899890054309602 
1.3935e-06     0.8998894551398516 
1.396e-06      0.8998860685699951 
1.3985e-06     0.8998834429700713 
1.401e-06      0.8998832252487062 
1.4035e-06     0.8998826354362381 
1.406e-06      0.8998807487734191 
1.4085e-06     0.8998797338958615 
1.411e-06      -0.0003070627628551484 
1.4135e-06     -0.0003148980455311561 
1.416e-06      -0.0003303405401283121 
1.4185e-06     -0.0003501659036979291 
1.421e-06      -0.0003764863510828395 
1.4235e-06     -0.0004101421942925964 
1.426e-06      -0.0004562605126597311 
1.4285e-06     0.8997934904271313 
1.431e-06      0.8997502207341933 
1.4335e-06     0.8996721417368669 
1.436e-06      0.9006073630407619 
1.4385e-06     0.0006169824199388614 
1.441e-06      0.0005334825748298356 
1.4435e-06     0.900180541166225 
1.446e-06      0.9001746274325321 
1.4485e-06     0.9001720842221543 
1.451e-06      0.900172366779481 
1.4535e-06     0.9001747076095544 
1.456e-06      0.0004629052711434248 
1.4585e-06     0.0004752771967521341 
1.461e-06      0.0004874412557626971 
1.4635e-06     0.9001831429734174 
1.466e-06      0.8989911699843204 
1.4685e-06     -0.000923491736434936 
1.471e-06      0.8996678609708365 
1.4735e-06     0.8996765314738886 
1.476e-06      0.8996865780245689 
1.4785e-06     -0.0008007999166046344 
1.481e-06      -0.0008634194378034336 
1.4835e-06     -0.0009180610461525841 
1.486e-06      -0.001047844078658666 
1.4885e-06     -0.001208954899507607 
1.491e-06      0.8994219023208472 
1.4935e-06     0.9007532004736758 
1.496e-06      0.0008881024348464687 
1.4985e-06     0.0007063270864240582 
1.501e-06      0.0006069494056586167 
1.5035e-06     0.000533575565384607 
1.506e-06      0.9001747105045673 
1.5085e-06     0.9001687367771437 
1.511e-06      0.9001683123601224 
1.5135e-06     0.9001677588176922 
1.516e-06      0.9001667776108393 
1.5185e-06     0.9001660041474417 
1.521e-06      0.9001652202520178 
1.5235e-06     0.0004552621115193815 
1.526e-06      0.0004529521989468785 
1.5285e-06     0.0004499690876490147 
1.531e-06      0.0004496458944189437 
1.5335e-06     0.0004486049679419853 
1.536e-06      0.0004480550583919133 
1.5385e-06     0.0004477997232830253 
1.541e-06      0.0004470419676099438 
1.5435e-06     0.9001583545198815 
1.546e-06      0.9001578907289174 
1.5485e-06     0.9001576434729879 
1.551e-06      0.9001574402963676 
1.5535e-06     0.9001573248552858 
1.556e-06      0.9001572215382504 
1.5585e-06     0.9001573123271083 
1.561e-06      0.9001575284155934 
1.5635e-06     0.9001578091864713 
1.566e-06      0.9001583856035822 
1.5685e-06     0.9001585880661277 
1.571e-06      0.9001586601755051 
1.5735e-06     0.00044843569620771 
1.576e-06      0.0004490859254017152 
1.5785e-06     0.0004499498182786709 
1.581e-06      0.0004498986726265633 
1.5835e-06     0.0004519018618485633 
1.586e-06      0.0004539615273099706 
1.5885e-06     0.0004561604956171819 
1.591e-06      0.0004610351702936437 
1.5935e-06     0.0004659944708955175 
1.596e-06      0.9001667065852119 
1.5985e-06     0.9001677372779375 
1.601e-06      0.9001687988306096 
1.6035e-06     0.9001732056335651 
1.606e-06      0.900179532239737 
1.6085e-06     0.9001960970585232 
1.611e-06      0.0006735416556425851 
1.6135e-06     0.0008162134820863611 
1.616e-06      0.001182837671486033 
1.6185e-06     -0.00268259149970045 
1.621e-06      0.8994806425757481 
1.6235e-06     0.8995610451369275 
1.626e-06      -0.0009681080090020773 
1.6285e-06     -0.0008835488902505757 
1.631e-06      -0.000833563884331105 
1.6335e-06     -0.0008103358704800285 
1.636e-06      -0.0008122198047471837 
1.6385e-06     0.8996610416285036 
1.641e-06      0.899642543512283 
1.6435e-06     0.8995942659209291 
1.646e-06      -0.001149865715545931 
1.6485e-06     0.000606681033939493 
1.651e-06      0.9001831018364431 
1.6535e-06     0.0004631166192144395 
1.656e-06      0.0004499132519168661 
1.6585e-06     0.0004499496249414121 
1.661e-06      0.9001709386844031 
1.6635e-06     0.9001711916996206 
1.666e-06      0.9001774948211152 
1.6685e-06     0.9001869148580348 
1.671e-06      0.9002041407211842 
1.6735e-06     0.0007422286279796302 
1.676e-06      -0.001919218398633023 
1.6785e-06     0.89973139210895 
1.681e-06      0.899784424571181 
1.6835e-06     0.8998153526278293 
1.686e-06      0.8998387230691322 
1.6885e-06     0.8998494860298691 
1.691e-06      -0.0003562018224551389 
1.6935e-06     -0.0003346823599591879 
1.696e-06      -0.0003183065832754183 
1.6985e-06     -0.0003076097247239458 
1.701e-06      -0.0003041083112685024 
1.7035e-06     -0.00030316662117951 
1.706e-06      0.8998822517221586 
1.7085e-06     0.8998830770752489 
1.711e-06      0.8998831800327826 
1.7135e-06     0.8998852235362227 
1.716e-06      0.8998886556174317 
1.7185e-06     0.8998899528178111 
1.721e-06      0.8998879778846453 
1.7235e-06     0.8998839100018726 
1.726e-06      -0.000289100280647096 
1.7285e-06     -0.0002901470581630556 
1.731e-06      -0.0002892520479607573 
1.7335e-06     -0.0002884608941451767 
1.736e-06      -0.0002879966304582293 
1.7385e-06     -0.0002962558077244169 
1.741e-06      -0.0002958867149480748 
1.7435e-06     -0.0002971775155447444 
1.746e-06      -0.0002896387874824121 
1.7485e-06     -0.0002899413467531741 
1.751e-06      -0.0002883693009106147 
1.7535e-06     -0.0002842357188818432 
1.756e-06      0.8998893033570481 
1.7585e-06     0.8998898685631799 
1.761e-06      0.8998869647871336 
1.7635e-06     0.8998840601638132 
1.766e-06      0.8998829873268119 
1.7685e-06     0.8998828429885123 
1.771e-06      0.8998813993447959 
1.7735e-06     0.8998795040931497 
1.776e-06      0.8998796374914168 
1.7785e-06     -0.0003126582019844164 
1.781e-06      -0.0003256011380590844 
1.7835e-06     -0.0003439119374373411 
1.786e-06      -0.0003677064041616134 
1.7885e-06     -0.0003988605626141819 
1.791e-06      -0.0004422051282478071 
1.7935e-06     0.8998026313691743 
1.796e-06      0.8997646200706789 
1.7985e-06     0.8997005157231999 
1.801e-06      0.8996599530374378 
1.8035e-06     0.9004464996205344 
1.806e-06      0.0005506199074002454 
1.8085e-06     0.9001828916324953 
1.811e-06      0.9001737832468805 
1.8135e-06     0.9001706874646277 
1.816e-06      0.9001718044573158 
1.8185e-06     0.9001739470449267 
1.821e-06      0.0004601242766263886 
1.8235e-06     0.0004676142094928909 
1.826e-06      0.0004860062860196388 
1.8285e-06     0.9001879872242471 
1.831e-06      0.8990160247855953 
1.8335e-06     -0.0009494015550154728 
1.836e-06      -0.0008663320911448809 
1.8385e-06     0.8996796706296413 
1.841e-06      0.8996797505579482 
1.8435e-06     -0.0008099845896377611 
1.846e-06      -0.0008474080341043504 
1.8485e-06     -0.0009128491537685114 
1.851e-06      -0.001011959826544295 
1.8535e-06     -0.001156076143205729 
1.856e-06      0.8994428330832005 
1.8585e-06     0.8991928549657435 
1.861e-06      0.9008467658685243 
1.8635e-06     0.000749243924469612 
1.866e-06      0.0006306153919423232 
1.8685e-06     0.0005444755509695789 
1.871e-06      0.0005217884477130778 
1.8735e-06     0.900168979851087 
1.876e-06      0.9001686322316922 
1.8785e-06     0.9001669984942505 
1.881e-06      0.9001665729656813 
1.8835e-06     0.9001663207704769 
1.886e-06      0.9001660596132093 
1.8885e-06     0.0004557118337040439 
1.891e-06      0.0004538476868753616 
1.8935e-06     0.0004506228360623831 
1.896e-06      0.000449741220486524 
1.8985e-06     0.0004490815699792607 
1.901e-06      0.0004487517331676681 
1.9035e-06     0.0004481431711189392 
1.906e-06      0.0004471422565309962 
1.9085e-06     0.9001583696225403 
1.911e-06      0.9001579228485342 
1.9135e-06     0.9001577509585931 
1.916e-06      0.9001574246622284 
1.9185e-06     0.9001573522576758 
1.921e-06      0.9001596838753689 
1.9235e-06     0.9001572720091273 
1.926e-06      0.90015988822606 
1.9285e-06     0.900160107934344 
1.931e-06      0.900158123301985 
1.9335e-06     0.9001584118121786 
1.936e-06      0.9001585472359468 
1.9385e-06     0.0004485136192681883 
1.941e-06      0.0004489239446436278 
1.9435e-06     0.0004492957893032498 
1.946e-06      0.0004503957445871689 
1.9485e-06     0.0004524279901436432 
1.951e-06      0.0004535511680295521 
1.9535e-06     0.0004558865889211245 
1.956e-06      0.0004602515334240729 
1.9585e-06     0.00046480258910691 
1.961e-06      0.9001667873423241 
1.9635e-06     0.9001673161325756 
1.966e-06      0.9001689910640112 
1.9685e-06     0.9001695063833891 
1.971e-06      0.9001782642231584 
1.9735e-06     0.9001896431933251 
1.976e-06      0.0006433776232414697 
1.9785e-06     0.0007681991958127686 
1.981e-06      0.001019313416773172 
1.9835e-06     0.0009390951382977824 
1.986e-06      -0.002896549131863844 
1.9885e-06     0.8995399396218667 
1.991e-06      0.8996005190802144 
1.9935e-06     -0.0009050340933138249 
1.996e-06      -0.0008303983300713446 
1.9985e-06     -0.0008164551921847332 
2.001e-06      -0.0008102830734601142 
2.0035e-06     -0.0008294515471887688 
2.006e-06      0.8996439595193387 
2.0085e-06     0.8996150754209777 
2.011e-06      -0.001094894196159585 
2.0135e-06     0.0008660714837037932 
2.016e-06      0.9001851407648819 
2.0185e-06     0.9001795185449952 
2.021e-06      0.0004565781697592207 
2.0235e-06     0.0004509868415215455 
2.026e-06      0.0004516699612769402 
2.0285e-06     0.9001723385347848 
2.031e-06      0.9001741825571999 
2.0335e-06     0.9001834731480377 
2.036e-06      0.9001978690215485 
2.0385e-06     0.0006737177624356074 
2.041e-06      0.00073034629863795 
2.0435e-06     -0.001967924105994946 
2.046e-06      0.899771181262212 
2.0485e-06     0.8998075041770437 
2.051e-06      0.8998299154062079 
2.0535e-06     0.8998497542959147 
2.056e-06      -0.0003629399338391544 
2.0585e-06     -0.0003401966440619117 
2.061e-06      -0.0003230771285422106 
2.0635e-06     -0.0003103229724105484 
2.066e-06      -0.0003049327215411534 
2.0685e-06     -0.0003037987227593766 
2.071e-06      0.8998812227071177 
2.0735e-06     0.8998829560192346 
2.076e-06      0.8998830670753261 
2.0785e-06     0.8998842652886919 
2.081e-06      0.8998877064190337 
2.0835e-06     0.8998902584104316 
2.086e-06      0.8998891531355107 
2.0885e-06     0.8998849165761217 
2.091e-06      0.8998819335568995 
2.0935e-06     -0.0002900089148387738 
2.096e-06      -0.0002895267658821958 
2.0985e-06     -0.0002886828294925484 
2.101e-06      -0.0002881530683696249 
2.1035e-06     -0.0002962507572491729 
2.106e-06      -0.0002958002080550439 
2.1085e-06     -0.0002970890299554821 
2.111e-06      -0.0002894524069273655 
2.1135e-06     -0.0002901137327181093 
2.116e-06      -0.0002890083070344986 
2.1185e-06     -0.0002859692592950857 
2.121e-06      -0.0002793736140217804 
2.1235e-06     0.8998899537175276 
2.126e-06      0.8998881347468115 
2.1285e-06     0.8998845725529047 
2.131e-06      0.8998830914219208 
2.1335e-06     0.8998832647521703 
2.136e-06      0.8998820364112878 
2.1385e-06     0.8998797046306816 
2.141e-06      0.8998795891293592 
2.1435e-06     -0.0003095875973645273 
2.146e-06      -0.0003214698798497957 
2.1485e-06     -0.000338221850979842 
2.151e-06      -0.0003603332941297584 
2.1535e-06     -0.0003896986383077186 
2.156e-06      -0.0004277283612672657 
2.1585e-06     0.8998112923945419 
2.161e-06      0.899777794291048 
2.1635e-06     0.8997229705414541 
2.166e-06      0.8996148468839078 
2.1685e-06     0.900519938303825 
2.171e-06      0.0005745541553844182 
2.1735e-06     0.0005130029488123081 
2.176e-06      0.9001752910223244 
2.1785e-06     0.9001717088564785 
2.181e-06      0.9001716370090959 
2.1835e-06     0.9001732735014857 
2.186e-06      0.9001762423099939 
2.1885e-06     0.0004676386865581386 
2.191e-06      0.0004780954880573775 
2.1935e-06     0.0004972521086061954 
2.196e-06      0.9003529289557606 
2.1985e-06     0.8989924118567274 
2.201e-06      -0.0008873246283118544 
2.2035e-06     0.8996689700258623 
2.206e-06      0.8996787082150599 
2.2085e-06     0.8996777064306785 
2.211e-06      -0.0008343200967879408 
2.2135e-06     -0.0008897860389903611 
2.216e-06      -0.0009799886574386597 
2.2185e-06     -0.001110172792158936 
2.221e-06      -0.001290636045756399 
2.2235e-06     0.8995005026742665 
2.226e-06      0.9009975002737074 
2.2285e-06     0.000795283049345804 
2.231e-06      0.0006587047093007707 
2.2335e-06     0.000560751952580536 
2.236e-06      0.0005296919585138414 
2.2385e-06     0.9001714114561704 
2.241e-06      0.9001686714520996 
2.2435e-06     0.9001673197147346 
2.246e-06      0.9001662741597332 
2.2485e-06     0.9001674874227497 
2.251e-06      0.9001660497531278 
2.2535e-06     0.0004569399984320082 
2.256e-06      0.0004539700814333752 
2.2585e-06     0.000451307412283576 
2.261e-06      0.0004498075131550264 
2.2635e-06     0.0004493615205100881 
2.266e-06      0.0004484902677446563 
2.2685e-06     0.0004485718299995911 
2.271e-06      0.0004476474130767349 
2.2735e-06     0.0004475082766707497 
2.276e-06      0.9001581618995388 
2.2785e-06     0.9001578446282625 
2.281e-06      0.9001574918068025 
2.2835e-06     0.9001573880821796 
2.286e-06      0.9001595913842954 
2.2885e-06     0.9001572461279786 
2.291e-06      0.9001573877200435 
2.2935e-06     0.9001576488702637 
2.296e-06      0.9001579452613095 
2.2985e-06     0.9001584024205991 
2.301e-06      0.9001586797804656 
2.3035e-06     0.9001589287905446 
2.306e-06      0.000448889489745352 
2.3085e-06     0.0004491526937622581 
2.311e-06      0.0004501718470463431 
2.3135e-06     0.000450525831577898 
2.316e-06      0.0004535465810691744 
2.3185e-06     0.0004549800619040545 
2.321e-06      0.0004582756445171634 
2.3235e-06     0.0004635691740512693 
2.326e-06      0.9001675721439607 
2.3285e-06     0.900167118087931 
2.331e-06      0.9001684448008787 
2.3335e-06     0.9001692724087291 
2.336e-06      0.9001763668880507 
2.3385e-06     0.900183739490125 
2.341e-06      0.0006183757464767518 
2.3435e-06     0.0007280365037000083 
2.346e-06      0.0009198622074452544 
2.3485e-06     0.001207422178149142 
2.351e-06      -0.00278872493916187 
2.3535e-06     0.8995188344699936 
2.356e-06      0.8995861454866897 
2.3585e-06     -0.0009305547199466091 
2.361e-06      -0.0008426010735978611 
2.3635e-06     -0.0008218694109768003 
2.366e-06      -0.0008079710582319283 
2.3685e-06     -0.0008220524330360001 
2.371e-06      0.8996513101059888 
2.3735e-06     0.8996199541094033 
2.376e-06      0.899568950996233 
2.3785e-06     -0.001262003448693387 
2.381e-06      0.0006629377708127528 
2.3835e-06     0.9001815056877434 
2.386e-06      0.0004590455047535234 
2.3885e-06     0.0004520307688643308 
2.391e-06      0.0004463373576368737 
2.3935e-06     0.900171465988968 
2.396e-06      0.9001742391163987 
2.3985e-06     0.9001812746919179 
2.401e-06      0.9001927936812432 
2.4035e-06     0.9002171470137407 
2.406e-06      0.0009913510258103312 
2.4085e-06     -0.002043165336535782 
2.411e-06      0.8997568442052973 
2.4135e-06     0.8997987340496653 
2.416e-06      0.8998282755236029 
2.4185e-06     0.8998456401594983 
2.421e-06      -0.0003710086145280648 
2.4235e-06     -0.0003461653647604951 
2.426e-06      -0.000327264456572109 
2.4285e-06     -0.0003140731206475272 
2.431e-06      -0.000305694468702011 
2.4335e-06     -0.0003042181348894031 
2.436e-06      -0.0003010738321836721 
2.4385e-06     0.8998829428892556 
2.441e-06      0.8998833694770404 
2.4435e-06     0.8998837818184372 
2.446e-06      0.8998866404500633 
2.4485e-06     0.8998897196490633 
2.451e-06      0.899889880387082 
2.4535e-06     0.8998860556560357 
2.456e-06      0.8998826243801957 
2.4585e-06     -0.0002897765336139526 
2.461e-06      -0.0002897133463037441 
2.4635e-06     -0.0002889244597422323 
2.466e-06      -0.0002881749365853965 
2.4685e-06     -0.0002878571678470004 
2.471e-06      -0.0002957663615829781 
2.4735e-06     -0.0002883470696162278 
2.476e-06      -0.0002891800354429543 
2.4785e-06     -0.0002901828143470572 
2.481e-06      -0.0002895164591879493 
2.4835e-06     -0.0002870514455092212 
2.486e-06      -0.0002812083331479905 
2.4885e-06     0.8998902591044184 
2.491e-06      0.8998890818593839 
2.4935e-06     0.8998856069157272 
2.496e-06      0.8998833102642063 
2.4985e-06     0.899883144751835 
2.501e-06      0.8998824092841983 
2.5035e-06     0.8998801768408072 
2.506e-06      0.8998796129183878 
2.5085e-06     -0.0003069636535566261 
2.511e-06      -0.0003169569741437251 
2.5135e-06     -0.0003328461914295391 
2.516e-06      -0.0003531116106391086 
2.5185e-06     -0.0003808132947748764 
2.521e-06      -0.0004149384361866901 
2.5235e-06     -0.0004636261520393485 
2.526e-06      0.8997883267052621 
2.5285e-06     0.8997419041813806 
2.531e-06      0.8996551893188939 
2.5335e-06     0.900704056562557 
2.536e-06      0.0005991100113510547 
2.5385e-06     0.0005266546157901086 
2.541e-06      0.9001794022921894 
2.5435e-06     0.9001723279345061 
2.546e-06      0.900171721291393 
2.5485e-06     0.9001725713565074 
2.551e-06      0.9001751760644591 
2.5535e-06     0.0004643316492476839 
2.556e-06      0.0004772230986300856 
2.5585e-06     0.0004927279690580897 
2.561e-06      0.9001771323947797 
2.5635e-06     0.8989897821292357 
2.566e-06      -0.0009112133712104557 
2.5685e-06     0.8996638296007776 
2.571e-06      0.8996777269319041 
2.5735e-06     0.8996794251130136 
2.576e-06      -0.0008221146284454392 
2.5785e-06     -0.0008530454894936735 
2.581e-06      -0.0009494651364229224 
2.5835e-06     -0.001067468910423426 
