
time (s)       VT("/biP<6>") (V)


2.6e-08        0.8992871219961227 
2.85e-08       0.8992297764742412 
3.1e-08        0.9007100983762212 
3.35e-08       0.001181522855844526 
3.6e-08        0.001075346601165197 
3.85e-08       0.001000135863244088 
4.1e-08        0.000953047227420361 
4.35e-08       0.0009213408212587436 
4.6e-08        0.0009027226468816189 
4.85e-08       0.000892442752969225 
5.1e-08        0.0008849178918447603 
5.35e-08       0.0008796487191559527 
5.600000000000001e-08 0.0008754602608057042 
5.85e-08       0.0008707334501948253 
6.1e-08        0.9003456889787651 
6.350000000000001e-08 0.9003449710042415 
6.600000000000001e-08 0.9003446853652095 
6.850000000000001e-08 0.900344350587781 
7.1e-08        0.9003443074400084 
7.35e-08       0.900344318466836 
7.599999999999999e-08 0.900344099985805 
7.849999999999999e-08 0.9003435464944378 
8.1e-08        0.9003418939507033 
8.35e-08       0.9003416160717194 
8.6e-08        0.9003415312783554 
8.85e-08       0.9003411496827645 
9.100000000000001e-08 0.9003381435147624 
9.350000000000001e-08 0.9003382579137036 
9.600000000000001e-08 0.9003381953329713 
9.850000000000002e-08 0.9003386080523895 
1.01e-07       0.9003389930998729 
1.035e-07      0.9003394047993538 
1.06e-07       0.9003399321207902 
1.085e-07      0.9003400221759911 
1.11e-07       0.9003443644926985 
1.135e-07      0.900344222206291 
1.16e-07       0.9003445477994394 
1.185e-07      0.9003451020313964 
1.21e-07       0.9003449590862872 
1.235e-07      0.9003456121388873 
1.26e-07       0.9003473040606628 
1.285e-07      0.9003479483551602 
1.31e-07       0.0008808648182712814 
1.335e-07      0.0008850162806818255 
1.36e-07       0.0008928270730360591 
1.385e-07      0.0009046278695123774 
1.41e-07       0.0009221316493971156 
1.435e-07      0.0009501469158497599 
1.46e-07       0.001000069396604158 
1.485e-07      0.001075142083405805 
1.51e-07       0.001178833875641912 
1.535e-07      0.001504741401573519 
1.56e-07       -0.002052786669386605 
1.585e-07      0.8992843350346085 
1.61e-07       0.8993529541378947 
1.635e-07      0.899399571746655 
1.66e-07       0.8994397416059642 
1.685e-07      0.899452051184739 
1.71e-07       0.8994606396505882 
1.735e-07      0.8994586471621689 
1.76e-07       -0.001384257477480921 
1.785e-07      -0.001454768768925451 
1.81e-07       -0.001562412271811255 
1.835e-07      -0.001714872477531375 
1.86e-07       0.0001007375089742459 
1.885e-07      0.9002661130123387 
1.91e-07       0.9002653759935988 
1.935e-07      0.9002628370369409 
1.96e-07       0.9002614063884037 
1.985e-07      0.0006106788735227643 
2.01e-07       0.000621950090063122 
2.035e-07      0.0006379631034302334 
2.06e-07       0.0006660597227139952 
2.085e-07      0.0007128833352863626 
2.11e-07       0.0008723881609596685 
2.135e-07      -0.002051326784241757 
2.16e-07       0.8995724744796905 
2.185e-07      0.8996237207157626 
2.21e-07       0.8996561191728436 
2.235e-07      0.8996784821116787 
2.26e-07       0.8996941123134603 
2.285e-07      0.8997077722504292 
2.31e-07       0.8997180668977652 
2.335e-07      0.8997263553412791 
2.36e-07       0.8997306533587452 
2.385e-07      0.8997321481420509 
2.41e-07       0.8997332689893991 
2.435e-07      -0.000668042291756252 
2.46e-07       -0.0006651298457934343 
2.485e-07      -0.0006634177405538839 
2.51e-07       -0.0006573244797727451 
2.535e-07      -0.0006498102394278958 
2.56e-07       -0.0006447173640369867 
2.585e-07      -0.0006480455735015041 
2.61e-07       -0.0006555541302366166 
2.635e-07      -0.0006601785066685238 
2.66e-07       -0.0006537469295385776 
2.685e-07      -0.0006629806956694761 
2.71e-07       -0.0006628746285517384 
2.735e-07      -0.0006623113894682015 
2.76e-07       -0.0006518089094636552 
2.785e-07      -0.0006520920725206989 
2.81e-07       -0.0006634587945971417 
2.835e-07      -0.0006534860242670185 
2.86e-07       -0.000653163631891891 
2.885e-07      -0.0006508044437557151 
2.91e-07       -0.0006454195991120367 
2.935e-07      -0.0006459038530981147 
2.96e-07       -0.0006479337087038072 
2.985e-07      -0.00065544182861198 
3.01e-07       -0.0006615171332590183 
3.035e-07      -0.0006646760762614348 
3.06e-07       -0.0006663949273740234 
3.085e-07      -0.0006722646653145152 
3.11e-07       -0.0006770715911821387 
3.135e-07      -0.0006797131228323356 
3.16e-07       0.8997272411376408 
3.185e-07      0.8997203013572891 
3.21e-07       0.8997104628579695 
3.235e-07      0.8996980378055439 
3.26e-07       0.8996825356632989 
3.285e-07      0.8996616158281699 
3.31e-07       0.8996327790900466 
3.335e-07      0.8995894177509234 
3.36e-07       0.8995202658747894 
3.385e-07      0.900042210476424 
3.41e-07       0.0007397835861298642 
3.435e-07      0.0006791750368604823 
3.46e-07       0.0006469156524273062 
3.485e-07      0.0006282048815329137 
3.51e-07       0.000615126291936221 
3.535e-07      0.0006120187964669021 
3.56e-07       0.0006108011417777543 
3.585e-07      0.9002650380484777 
3.61e-07       0.900267613231067 
3.635e-07      0.9002684669878408 
3.66e-07       0.900252282540742 
3.685e-07      0.899241443779242 
3.71e-07       -0.001473138943658044 
3.735e-07      -0.001386115597526135 
3.76e-07       -0.00132487130349275 
3.785e-07      -0.001312723612127776 
3.81e-07       0.8994581422207989 
3.835e-07      0.8994401269165269 
3.86e-07       0.8994191232061988 
3.885e-07      0.8993686985262416 
3.91e-07       0.899309549240321 
3.935e-07      0.8992263826157899 
3.96e-07       0.9003081609093802 
3.985e-07      0.001231820239397784 
4.01e-07       0.001101985372341568 
4.035e-07      0.001022022839066257 
4.06e-07       0.0009518837607911785 
4.085e-07      0.0009326385441205727 
4.11e-07       0.0009070700468654718 
4.135e-07      0.0008960225772637199 
4.16e-07       0.0008879998424440247 
4.185e-07      0.0008818232413521604 
4.21e-07       0.00087752242382463 
4.235e-07      0.0008717867351375677 
4.26e-07       0.9003460348481578 
4.285e-07      0.9003454955005009 
4.31e-07       0.9003442512072936 
4.335e-07      0.9003441553883115 
4.36e-07       0.9003444114405112 
4.385e-07      0.9003443304275063 
4.41e-07       0.9003440833417271 
4.435e-07      0.9003437107687453 
4.46e-07       0.9003395347877595 
4.485e-07      0.9003419826110367 
4.51e-07       0.9003386678306509 
4.535e-07      0.9003384280858834 
4.56e-07       0.9003382533338267 
4.585e-07      0.9003409810528031 
4.61e-07       0.9003382079529569 
4.635e-07      0.9003384959775333 
4.66e-07       0.900341651822099 
4.685e-07      0.9003392980156295 
4.71e-07       0.9003395843840083 
4.735e-07      0.9003397037797479 
4.76e-07       0.9003438898643498 
4.785000000000001e-07 0.9003444055858686 
4.81e-07       0.9003443055780499 
4.835e-07      0.9003442572770843 
4.86e-07       0.9003447434012234 
4.885000000000001e-07 0.9003445732948504 
4.91e-07       0.9003467916906592 
4.935e-07      0.9003478058313052 
4.96e-07       0.9003497472641582 
4.985000000000001e-07 0.0008831611864777725 
5.010000000000001e-07 0.0008899172618665733 
5.035e-07      0.0008992026277898955 
5.060000000000001e-07 0.0009161103324324848 
5.085000000000001e-07 0.0009419809851457499 
5.110000000000001e-07 0.0009820202753295642 
5.135e-07      0.001051511112823823 
5.16e-07       0.001142302108654919 
5.185000000000001e-07 0.001359989166448862 
5.210000000000001e-07 0.0009945093837292987 
5.235e-07      -0.002893743674537777 
5.26e-07       0.8993355422430308 
5.285000000000001e-07 0.8993866485614562 
5.310000000000001e-07 0.8994319507041443 
5.335000000000001e-07 0.8994542651706117 
5.36e-07       0.8994592082596764 
5.385e-07      0.899460164195106 
5.410000000000001e-07 -0.001370173186432253 
5.435000000000001e-07 -0.001411017677666133 
5.46e-07       -0.001505660846615711 
5.485e-07      -0.001655578705491123 
5.510000000000001e-07 5.10468885204743e-05 
5.535000000000001e-07 0.9002663839012094 
5.560000000000001e-07 0.9002646704127042 
5.585e-07      0.9002624497522623 
5.61e-07       0.9002616303202841 
5.635000000000001e-07 0.0006119148168261854 
5.660000000000001e-07 0.0006163959764545159 
5.685e-07      0.0006291673918300442 
5.71e-07       0.0006568944152105058 
5.735000000000001e-07 0.0006977372006502149 
5.760000000000001e-07 0.0007879392064182074 
5.785000000000001e-07 -0.000872844900021035 
5.81e-07       0.8995534804597797 
5.835000000000001e-07 0.8996118858644314 
5.860000000000001e-07 0.8996485676151611 
5.885000000000001e-07 0.8996725668514548 
5.91e-07       0.8996904851750578 
5.935e-07      0.8997044493629378 
5.960000000000001e-07 0.8997154192651586 
5.985000000000001e-07 0.8997240934491415 
6.01e-07       0.8997302218943118 
6.035e-07      0.8997320641879186 
6.060000000000001e-07 0.8997325853977789 
6.085000000000001e-07 -0.0006695160871957546 
6.110000000000001e-07 -0.0006652149524868632 
6.135e-07      -0.0006632254339540699 
6.16e-07       -0.0006594427280210539 
6.185000000000001e-07 -0.0006519891232809008 
6.210000000000001e-07 -0.0006463627518781643 
6.235e-07      -0.0006466442537667083 
6.26e-07       -0.0006536125064442797 
6.285000000000001e-07 -0.0006522106177161695 
6.310000000000001e-07 -0.0006536069804703758 
6.335000000000001e-07 -0.0006531823182540202 
6.36e-07       -0.0006524755621399738 
6.385000000000001e-07 -0.0006520270655082686 
6.410000000000001e-07 -0.0006621473424373103 
6.435000000000001e-07 -0.0006520858420168784 
6.46e-07       -0.0006627884368791046 
6.485e-07      -0.0006624161044566406 
6.510000000000001e-07 -0.0006535262450345249 
6.535000000000001e-07 -0.0006517002324214994 
6.560000000000001e-07 -0.0006474106797418652 
6.585e-07      -0.0006464084399006738 
6.610000000000001e-07 -0.0006467816481260905 
6.635000000000001e-07 -0.0006532654472622174 
6.660000000000001e-07 -0.000660321551643058 
6.685e-07      -0.0006641403704194559 
6.71e-07       -0.0006661349629644188 
6.735000000000001e-07 -0.0006706583596083713 
6.760000000000001e-07 -0.0006758591983224741 
6.785e-07      -0.0006784873387119164 
6.81e-07       0.8997290398951459 
6.835000000000001e-07 0.8997224652022735 
6.860000000000001e-07 0.8997135489579667 
6.885000000000001e-07 0.8997020292438295 
6.91e-07       0.8996877876379911 
6.935e-07      0.8996678725398721 
6.960000000000001e-07 0.8996427435870625 
6.985000000000001e-07 0.8996042238574518 
7.01e-07       0.8995453106673912 
7.035e-07      0.8994781150280028 
7.060000000000001e-07 0.9002908293268208 
7.085000000000001e-07 0.0006932053169761948 
7.110000000000001e-07 0.0006552905169140735 
7.135e-07      0.0006322297402172614 
7.160000000000001e-07 0.0006170063373538101 
7.185000000000001e-07 0.000612922783538796 
7.210000000000001e-07 0.0006110627439094384 
7.235e-07      0.0006110208814131378 
7.26e-07       0.9002673649404599 
7.285000000000001e-07 0.9002685462334555 
7.310000000000001e-07 0.9002601108452667 
7.335e-07      0.899633903958689 
7.36e-07       -0.001502206093032539 
7.385000000000001e-07 -0.001407639470800852 
7.410000000000001e-07 -0.001350237247996264 
7.435000000000001e-07 -0.001314628982442151 
7.46e-07       0.8994612977016424 
7.485e-07      0.8994542319435133 
7.510000000000001e-07 0.8994289209670465 
7.535000000000001e-07 0.8993820153631071 
7.56e-07       0.8993269617121908 
7.585e-07      0.8992508278847202 
7.610000000000001e-07 0.8992500767111216 
7.635000000000001e-07 0.9008118003932335 
7.660000000000001e-07 0.001131171263688063 
7.685e-07      0.001041486118321748 
7.710000000000001e-07 0.0009640796856503292 
7.735000000000001e-07 0.0009407507504653049 
7.760000000000001e-07 0.0009111255299276248 
7.785e-07      0.0008983670985981486 
7.81e-07       0.0008905173461866379 
7.835000000000001e-07 0.0008822277662441026 
7.860000000000001e-07 0.0008791071286132939 
7.885000000000001e-07 0.0008738207150581009 
7.91e-07       0.900346465529665 
7.935000000000001e-07 0.9003457397887654 
7.960000000000001e-07 0.9003453500868352 
7.985000000000001e-07 0.9003444809961927 
8.01e-07       0.9003442284631791 
8.035e-07      0.9003442872061861 
8.060000000000001e-07 0.9003440516753985 
8.085000000000001e-07 0.9003440478377051 
8.11e-07       0.9003393897079679 
8.135e-07      0.9003420021670866 
8.160000000000001e-07 0.9003387898781843 
8.185000000000001e-07 0.9003384885726894 
8.210000000000001e-07 0.9003382903310934 
8.235e-07      0.9003381266555912 
8.26e-07       0.9003381741451696 
8.285000000000001e-07 0.9003412641877785 
8.310000000000001e-07 0.9003416885079348 
8.335e-07      0.9003390813790468 
8.36e-07       0.9003395458617723 
8.385000000000001e-07 0.9003396620596452 
8.410000000000001e-07 0.9003401492550313 
8.435000000000001e-07 0.9003443826352453 
8.46e-07       0.900344226850913 
8.485000000000001e-07 0.9003445471276594 
8.510000000000001e-07 0.900345217584914 
8.535000000000001e-07 0.9003452158375055 
8.56e-07       0.9003457696024699 
8.585e-07      0.900347677455334 
8.610000000000001e-07 0.9003495788354845 
8.635000000000001e-07 0.0008819813094739463 
8.660000000000001e-07 0.0008878483730454844 
8.685e-07      0.0008965846526519355 
8.710000000000001e-07 0.0009096437128057927 
8.735000000000001e-07 0.0009340135877838089 
8.760000000000001e-07 0.0009680300312454077 
8.785e-07      0.001030251515487685 
8.81e-07       0.001113886711254979 
8.835000000000001e-07 0.001259246440002005 
8.860000000000001e-07 0.001179694613229235 
8.885e-07      -0.00269283229753074 
8.91e-07       0.8993163486944834 
8.935000000000001e-07 0.899375784248105 
8.960000000000001e-07 0.8994230683685766 
8.985000000000001e-07 0.8994422169183596 
9.01e-07       0.8994567195403276 
9.035000000000001e-07 0.8994611619607238 
9.060000000000001e-07 0.8994546249234963 
9.085000000000001e-07 -0.001409389837294597 
9.11e-07       -0.001494640961264861 
9.135e-07      -0.001604085504249554 
9.160000000000001e-07 -0.001484922088680283 
9.185000000000001e-07 0.0001911740518791397 
9.210000000000001e-07 0.9002649135283697 
9.235e-07      0.9002642288703229 
9.260000000000001e-07 0.9002620373753526 
9.285000000000001e-07 0.9002612248191665 
9.310000000000001e-07 0.0006166059771925555 
9.335e-07      0.0006275845405625412 
9.36e-07       0.0006487166669493267 
9.385000000000001e-07 0.0006833161273557131 
9.410000000000001e-07 0.0007488250328369154 
9.435000000000001e-07 0.00098780415435065 
9.46e-07       -0.002181778363557187 
9.485000000000001e-07 0.899596634141566 
9.510000000000001e-07 0.8996385509294951 
9.535000000000001e-07 0.8996704238489718 
9.56e-07       0.8996904460017646 
9.585e-07      0.8997004807818646 
9.61e-07       0.8997125722663067 
9.635e-07      0.8997215291563845 
9.659999999999999e-07 0.8997283369968558 
9.684999999999999e-07 0.8997318565155072 
9.710000000000001e-07 0.8997321498547058 
9.735000000000001e-07 -0.0006711809684614513 
9.760000000000001e-07 -0.0006663415206440831 
9.785e-07      -0.0006643536615783107 
9.81e-07       -0.0006611224800607048 
9.835e-07      -0.0006543962604883816 
9.860000000000002e-07 -0.000647143589158827 
9.885000000000001e-07 -0.0006460100730499618 
9.910000000000001e-07 -0.0006512704954067096 
9.935000000000001e-07 -0.0006575969947443237 
9.960000000000001e-07 -0.0006533360179331545 
9.985000000000001e-07 -0.0006533143050377527 
1.001e-06      -0.0006526635070386051 
1.0035e-06     -0.0006522008504967533 
1.006e-06      -0.0006626882830817579 
1.0085e-06     -0.0006627397752520045 
1.011e-06      -0.0006523605444531821 
1.0135e-06     -0.0006531250618827966 
1.016e-06      -0.0006537907738398541 
1.0185e-06     -0.0006524277657971428 
1.021e-06      -0.0006489420685880496 
1.0235e-06     -0.0006420893436131007 
1.026e-06      -0.0006464728704696927 
1.0285e-06     -0.0006507050544791912 
1.031e-06      -0.0006587235571837409 
1.0335e-06     -0.0006633803717374713 
1.036e-06      -0.0006648017611457335 
1.0385e-06     -0.0006691252972906379 
1.041e-06      -0.0006740321828443617 
1.0435e-06     -0.0006774628004100892 
1.046e-06      0.8997305077526346 
1.0485e-06     0.8997248044762438 
1.051e-06      0.8997164064589392 
1.0535e-06     0.8997057199977945 
1.056e-06      0.899692029938791 
1.0585e-06     0.8996741790576522 
1.061e-06      0.8996515898538312 
1.0635e-06     0.899616880973894 
1.066e-06      0.8995646630338021 
1.0685e-06     0.8994728216178722 
1.071e-06      0.9004149942959896 
1.0735e-06     0.0007083112188567822 
1.076e-06      0.000664325645424754 
1.0785e-06     0.0006374360265464457 
1.081e-06      0.0006226641230390096 
1.0835e-06     0.0006138303622226643 
1.086e-06      0.0006110592849049878 
1.0885e-06     0.0006109839242820569 
1.091e-06      0.9002653766645364 
1.0935e-06     0.9002680369109544 
1.096e-06      0.9002658175907269 
1.0985e-06     0.90022514779712 
1.101e-06      0.8991871355640336 
1.1035e-06     -0.001434126622207033 
1.106e-06      -0.001362470170162781 
1.1085e-06     -0.001335007665364747 
1.111e-06      -0.001333992443466998 
1.1135e-06     0.8994518979564426 
1.116e-06      0.8994372611843169 
1.1185e-06     0.8993952020707738 
1.121e-06      0.8993457604410021 
1.1235e-06     0.8992758495781774 
1.126e-06      0.8992622255759415 
1.1285e-06     0.9008508971189029 
1.131e-06      0.001163236853722674 
1.1335e-06     0.001064628513465816 
1.136e-06      0.000978922839970998 
1.1385e-06     0.0009388094137757942 
1.141e-06      0.0009189999898414037 
1.1435e-06     0.000901998439948292 
1.146e-06      0.0008921987056806928 
1.1485e-06     0.0008835974881785875 
1.151e-06      0.0008800736798606232 
1.1535e-06     0.0008744551782373332 
1.156e-06      0.0008699584872601892 
1.1585e-06     0.9003454652576128 
1.161e-06      0.9003450338949102 
1.1635e-06     0.9003440809999911 
1.166e-06      0.9003444168283918 
1.1685e-06     0.9003443741998783 
1.171e-06      0.9003443499166059 
1.1735e-06     0.9003440976550943 
1.176e-06      0.9003436372143196 
1.1785e-06     0.9003392801414353 
1.181e-06      0.9003388508391952 
1.1835e-06     0.9003385748883107 
1.186e-06      0.9003382575922403 
1.1885e-06     0.9003382044354145 
1.191e-06      0.9003411963111337 
1.1935e-06     0.9003413717970271 
1.196e-06      0.9003385961707869 
1.1985e-06     0.9003390313174435 
1.201e-06      0.9003394199852087 
1.2035e-06     0.9003397709287619 
1.206e-06      0.900340181432462 
1.2085e-06     0.9003444140027577 
1.211e-06      0.900344121001262 
1.2135e-06     0.9003443386213085 
1.216e-06      0.9003452476929564 
1.2185e-06     0.9003449985457425 
1.221e-06      0.9003459122048854 
1.2235e-06     0.900346760601469 
1.226e-06      0.9003478708893944 
1.2285e-06     0.0008809563314452459 
1.231e-06      0.0008870170250978242 
1.2335e-06     0.000893543875036162 
1.236e-06      0.0009058267245240633 
1.2385e-06     0.0009265132927013904 
1.241e-06      0.0009551018685110942 
1.2435e-06     0.00100872475547496 
1.246e-06      0.001088075986933673 
1.2485e-06     0.001200552929738395 
1.251e-06      0.001519834918739209 
1.2535e-06     -0.002282034069419567 
1.256e-06      0.8992958420403917 
1.2585e-06     0.899360199256526 
1.261e-06      0.8994042978668265 
1.2635e-06     0.8994430057105576 
1.266e-06      0.8994532842342147 
1.2685e-06     0.8994607903811022 
1.271e-06      0.899457253619709 
1.2735e-06     -0.00137288009713841 
1.276e-06      -0.001467777731455973 
1.2785e-06     -0.0015807704608921 
1.281e-06      -0.001740810305970246 
1.2835e-06     0.0001620899520858284 
1.286e-06      0.9002659169109495 
1.2885e-06     0.9002649788975018 
1.291e-06      0.900261415582831 
1.2935e-06     0.900261812777998 
1.296e-06      0.0006139332223984712 
1.2985e-06     0.0006207407901688342 
1.301e-06      0.0006424233002823932 
1.3035e-06     0.000671358717566191 
1.306e-06      0.00072344973806633 
1.3085e-06     0.0009365700325991936 
1.311e-06      -0.002154721122903943 
1.3135e-06     0.8995810443512701 
1.316e-06      0.8996289688706527 
1.3185e-06     0.8996595678913585 
1.321e-06      0.8996856277154486 
1.3235e-06     0.8996968470392422 
1.326e-06      0.8997094514544448 
1.3285e-06     0.899719400617462 
1.331e-06      0.8997274242283188 
1.3335e-06     0.8997309669249116 
1.336e-06      0.899732204977887 
1.3385e-06     0.8997334538624513 
1.341e-06      -0.0006666557111776831 
1.3435e-06     -0.0006646860200787876 
1.346e-06      -0.0006624904459019735 
1.3485e-06     -0.000656493942030011 
1.351e-06      -0.0006488287104152836 
1.3535e-06     -0.0006448772311463965 
1.356e-06      -0.0006491876146928897 
1.3585e-06     -0.000656449156883308 
1.361e-06      -0.0006528423086272335 
1.3635e-06     -0.000653527597153072 
1.366e-06      -0.0006528291459421643 
1.3685e-06     -0.0006521747756901465 
1.371e-06      -0.0006518567642288697 
1.3735e-06     -0.0006518468789431487 
1.376e-06      -0.0006625270463197655 
1.3785e-06     -0.0006634059406254468 
1.381e-06      -0.000653595207520067 
1.3835e-06     -0.0006530051358976917 
1.386e-06      -0.0006503049734797878 
1.3885e-06     -0.000644626181426193 
1.391e-06      -0.0006455931755033007 
1.3935e-06     -0.0006491408386769279 
1.396e-06      -0.0006566378947066039 
1.3985e-06     -0.0006628003561002323 
1.401e-06      -0.0006650338198810792 
1.4035e-06     -0.0006674752152324899 
1.406e-06      -0.0006728163652211636 
1.4085e-06     -0.0006762196951508362 
1.411e-06      0.8997308209329278 
1.4135e-06     0.8997270843924652 
1.416e-06      0.8997189565728723 
1.4185e-06     0.8997089436339932 
1.421e-06      0.8996958627862529 
1.4235e-06     0.8996796032542405 
1.426e-06      0.8996581141156189 
1.4285e-06     0.8996278957114825 
1.431e-06      0.8995821738816195 
1.4335e-06     0.8995071806360064 
1.436e-06      0.9003551400335037 
1.4385e-06     0.0007280663790989769 
1.441e-06      0.0006738743331054364 
1.4435e-06     0.0006438240667641025 
1.446e-06      0.0006260852517273779 
1.4485e-06     0.0006165255659198467 
1.451e-06      0.0006118975807311814 
1.4535e-06     0.0006108053482710183 
1.456e-06      0.9002654259983948 
1.4585e-06     0.9002679823310262 
1.461e-06      0.9002680020906968 
1.4635e-06     0.9002460848798088 
1.466e-06      0.8992141253876167 
1.4685e-06     -0.001459716164253016 
1.471e-06      -0.001358836104626276 
1.4735e-06     -0.001338322637234994 
1.476e-06      -0.001312897061177734 
1.4785e-06     0.8994640139714486 
1.481e-06      0.8994369250004013 
1.4835e-06     0.8994135466056249 
1.486e-06      0.8993612602162864 
1.4885e-06     0.8992980870031961 
1.491e-06      0.899223850556873 
1.4935e-06     0.9004796507597499 
1.496e-06      0.001205998808702235 
1.4985e-06     0.001089316877067055 
1.501e-06      0.001012061607676526 
1.5035e-06     0.0009471843266333044 
1.506e-06      0.000926045460813187 
1.5085e-06     0.0009051642413119296 
1.511e-06      0.0008951983840805886 
1.5135e-06     0.0008880758442761203 
1.516e-06      0.0008806550930762268 
1.5185e-06     0.0008753586661815621 
1.521e-06      0.0008711044833266276 
1.5235e-06     0.9003460628711283 
1.526e-06      0.9003452388445277 
1.5285e-06     0.9003441470419498 
1.531e-06      0.9003444217077425 
1.5335e-06     0.9003440793226646 
1.536e-06      0.9003441261047245 
1.5385e-06     0.900344103685211 
1.541e-06      0.9003436649672854 
1.5435e-06     0.9003394661369143 
1.546e-06      0.9003389691570544 
1.5485e-06     0.9003386097403403 
1.551e-06      0.9003383788707611 
1.5535e-06     0.9003382356895097 
1.556e-06      0.9003381301874485 
1.5585e-06     0.9003382314755414 
1.561e-06      0.9003385063158185 
1.5635e-06     0.9003388496351517 
1.566e-06      0.9003394413822683 
1.5685e-06     0.9003397208672336 
1.571e-06      0.9003399054537395 
1.5735e-06     0.9003441579844867 
1.576e-06      0.9003443517279105 
1.5785e-06     0.9003446010880718 
1.581e-06      0.9003441657222581 
1.5835e-06     0.9003448002104388 
1.586e-06      0.900345447019603 
1.5885e-06     0.9003460872051967 
1.591e-06      0.9003477868137413 
1.5935e-06     0.9003498421499524 
1.596e-06      0.0008839619418365995 
1.5985e-06     0.0008910880619758202 
1.601e-06      0.0009007518340147353 
1.6035e-06     0.0009194129036713694 
1.606e-06      0.0009459595298587869 
1.6085e-06     0.0009909681933052224 
1.611e-06      0.001062639219863482 
1.6135e-06     0.001158496932760669 
1.616e-06      0.001428372437411325 
1.6185e-06     -0.001823701598628261 
1.621e-06      0.8992724320614393 
1.6235e-06     0.8993445067504875 
1.626e-06      0.8993936486721926 
1.6285e-06     0.8994285680710506 
1.631e-06      0.8994503550733678 
1.6335e-06     0.8994603276614673 
1.636e-06      0.8994596169029722 
1.6385e-06     -0.001377204142340668 
1.641e-06      -0.001422954494846298 
1.6435e-06     -0.001542244348438073 
1.646e-06      -0.001684113318842526 
1.6485e-06     7.092072014965503e-05 
1.651e-06      0.9002659816891669 
1.6535e-06     0.9002656000879281 
1.656e-06      0.9002615286981329 
1.6585e-06     0.9002611008554436 
1.661e-06      0.0006123415506973213 
1.6635e-06     0.0006178321136953747 
1.666e-06      0.0006350654771494079 
1.6685e-06     0.0006615415954004457 
1.671e-06      0.0007048728225790019 
1.6735e-06     0.0008150375049671151 
1.676e-06      -0.001764275634069789 
1.6785e-06     0.8995633942335234 
1.681e-06      0.8996180304999323 
1.6835e-06     0.8996523601852293 
1.686e-06      0.8996796909741979 
1.6885e-06     0.8996928398717835 
1.691e-06      0.8997058789998255 
1.6935e-06     0.8997168127203459 
1.696e-06      0.899725433551903 
1.6985e-06     0.8997307244212562 
1.701e-06      0.8997322648682281 
1.7035e-06     0.8997327565608456 
1.706e-06      -0.0006687606948771425 
1.7085e-06     -0.0006649723621029723 
1.711e-06      -0.0006635339998353881 
1.7135e-06     -0.0006583900362657822 
1.716e-06      -0.000650978905493737 
1.7185e-06     -0.0006462968927016435 
1.721e-06      -0.000647272081911959 
1.7235e-06     -0.0006542647905566917 
1.726e-06      -0.0006522241604629689 
1.7285e-06     -0.0006537346529126998 
1.731e-06      -0.000653063303663625 
1.7335e-06     -0.0006523596145975505 
1.736e-06      -0.0006519585365616627 
1.7385e-06     -0.0006626905914372127 
1.741e-06      -0.0006621217773816957 
1.7435e-06     -0.0006635192580871849 
1.746e-06      -0.0006533778918406837 
1.7485e-06     -0.000653362729508879 
1.751e-06      -0.0006512720630573744 
1.7535e-06     -0.000646444606961967 
1.756e-06      -0.0006457835037625847 
1.7585e-06     -0.0006472556083780222 
1.761e-06      -0.0006548595459626716 
1.7635e-06     -0.0006609255133608806 
1.766e-06      -0.0006644456383408 
1.7685e-06     -0.0006666629738284761 
1.771e-06      -0.0006714741963621726 
1.7735e-06     -0.0006763399442625388 
1.776e-06      -0.0006789969248183538 
1.7785e-06     0.8997281247051084 
1.781e-06      0.8997214583363327 
1.7835e-06     0.8997120374951607 
1.786e-06      0.8997001213179147 
1.7885e-06     0.8996850243906829 
1.791e-06      0.8996645814990384 
1.7935e-06     0.8996380135053681 
1.796e-06      0.8995969727056898 
1.7985e-06     0.8995336133622225 
1.801e-06      0.8995115260913489 
1.8035e-06     0.9002778125719478 
1.806e-06      0.0006852883563380113 
1.8085e-06     0.0006504343872976117 
1.811e-06      0.0006271405886922812 
1.8135e-06     0.0006161919214879425 
1.816e-06      0.0006122171821623457 
1.8185e-06     0.0006109371391486031 
1.821e-06      0.9002646574881221 
1.8235e-06     0.9002664650052941 
1.826e-06      0.9002686217471574 
1.8285e-06     0.9002565419237549 
1.831e-06      0.8993001136093629 
1.8335e-06     -0.001486799777636054 
1.836e-06      -0.001398682937230246 
1.8385e-06     -0.001329014164628738 
1.841e-06      -0.001330748200474435 
1.8435e-06     0.8994602501056803 
1.846e-06      0.8994439114235031 
1.8485e-06     0.8994158696160586 
1.851e-06      0.8993755712097118 
1.8535e-06     0.8993187449342183 
1.856e-06      0.899239434659003 
1.8585e-06     0.89911701861404 
1.861e-06      0.9007440508627615 
1.8635e-06     0.001116704759923767 
1.866e-06      0.00103188972967377 
1.8685e-06     0.0009572818099554403 
1.871e-06      0.0009359219116456184 
1.8735e-06     0.0009093684534419642 
1.876e-06      0.0008975478853359292 
1.8785e-06     0.0008889322693478793 
1.881e-06      0.0008817916748672266 
1.8835e-06     0.0008769040357208271 
1.886e-06      0.0008730205671674147 
1.8885e-06     0.9003460656041407 
1.891e-06      0.9003456474655185 
1.8935e-06     0.9003443778668971 
1.896e-06      0.9003443778689694 
1.8985e-06     0.900344301997454 
1.901e-06      0.9003443518580968 
1.9035e-06     0.9003441178133693 
1.906e-06      0.9003437287919526 
1.9085e-06     0.90033952985432 
1.911e-06      0.9003390106623391 
1.9135e-06     0.9003387357678098 
1.916e-06      0.9003383819695308 
1.9185e-06     0.9003382695333166 
1.921e-06      0.9003411960594979 
1.9235e-06     0.9003381855724748 
1.926e-06      0.900341430221927 
1.9285e-06     0.9003417218051294 
1.931e-06      0.9003392137278906 
1.9335e-06     0.9003395364165703 
1.936e-06      0.9003397443516564 
1.9385e-06     0.90034428544288 
1.941e-06      0.9003443605567627 
1.9435e-06     0.9003442291413885 
1.946e-06      0.9003445891120985 
1.9485e-06     0.9003452401411353 
1.951e-06      0.9003453190128002 
1.9535e-06     0.9003460526041842 
1.956e-06      0.9003477348598694 
1.9585e-06     0.9003496666835269 
1.961e-06      0.0008824756446440082 
1.9635e-06     0.0008889123086929802 
1.966e-06      0.0008981742150111716 
1.9685e-06     0.0009115863573719413 
1.971e-06      0.0009386447021240115 
1.9735e-06     0.0009753469125885419 
1.976e-06      0.001039955176528433 
1.9785e-06     0.001127472111977601 
1.981e-06      0.001296309333064393 
1.9835e-06     0.001041950896897705 
1.986e-06      -0.002818818058572307 
1.9885e-06     0.8993252518553448 
1.991e-06      0.8993822589182813 
1.9935e-06     0.89941940226716 
1.996e-06      0.8994515423848219 
1.9985e-06     0.8994576344724872 
2.001e-06      0.89946040224785 
2.0035e-06     0.8994526311560951 
2.006e-06      -0.001419733051441518 
2.0085e-06     -0.00149158359855826 
2.011e-06      -0.001633718921034917 
2.0135e-06     0.0003349724400439221 
2.016e-06      0.9002663568840784 
2.0185e-06     0.900265012422595 
2.021e-06      0.9002638758624762 
2.0235e-06     0.9002618132995936 
2.026e-06      0.9002612386206656 
2.0285e-06     0.0006178474864499785 
2.031e-06      0.0006274392156166149 
2.0335e-06     0.0006523325576800808 
2.036e-06      0.0006896694313304856 
2.0385e-06     0.0007658211035380077 
2.041e-06      0.0006940858076783867 
2.0435e-06     -0.002177217578453999 
2.046e-06      0.8996039762793074 
2.0485e-06     0.8996435086221259 
2.051e-06      0.8996692808247182 
2.0535e-06     0.8996930043879483 
2.056e-06      0.8997024975480344 
2.0585e-06     0.8997140230930581 
2.061e-06      0.8997229016355399 
2.0635e-06     0.8997292746720749 
2.066e-06      0.8997319332193733 
2.0685e-06     0.8997323554136231 
2.071e-06      -0.0006708201525373345 
2.0735e-06     -0.0006658680812263677 
2.076e-06      -0.000664101975858548 
2.0785e-06     -0.0006605359718365959 
2.081e-06      -0.0006531100930510999 
2.0835e-06     -0.0006455748732440617 
2.086e-06      -0.0006460226380359045 
2.0885e-06     -0.0006522799184059374 
2.091e-06      -0.000658744928324068 
2.0935e-06     -0.0006534989584451523 
2.096e-06      -0.0006532952374207977 
2.0985e-06     -0.0006525572441603357 
2.101e-06      -0.0006521100418024938 
2.1035e-06     -0.0006626856968705859 
2.106e-06      -0.0006620498236643274 
2.1085e-06     -0.0006634679431401053 
2.111e-06      -0.0006532455386303415 
2.1135e-06     -0.0006536499281115205 
2.116e-06      -0.0006520841875154083 
2.1185e-06     -0.0006483799531080942 
2.121e-06      -0.0006411290062391319 
2.1235e-06     -0.000646628293650159 
2.126e-06      -0.0006518852999503592 
2.1285e-06     -0.0006597434188518245 
2.131e-06      -0.0006639438979586349 
2.1335e-06     -0.0006648557236715581 
2.136e-06      -0.0006699163515268018 
2.1385e-06     -0.0006753811360994436 
2.141e-06      -0.0006781203300363436 
2.1435e-06     0.8997300204361236 
2.146e-06      0.8997236810182938 
2.1485e-06     0.8997149517114119 
2.151e-06      0.8997038028266996 
2.1535e-06     0.8996894302332598 
2.156e-06      0.8996712394853242 
2.1585e-06     0.8996476036277496 
2.161e-06      0.8996107489900141 
2.1635e-06     0.8995551109723067 
2.166e-06      0.8994545752708065 
2.1685e-06     0.9003380526880637 
2.171e-06      0.0007008503189996059 
2.1735e-06     0.0006594939435681788 
2.176e-06      0.000631707610841324 
2.1785e-06     0.0006191804470440895 
2.181e-06      0.0006132175388518822 
2.1835e-06     0.0006112044302741699 
2.186e-06      0.0006109374408840893 
2.1885e-06     0.9002665075989592 
2.191e-06      0.9002682263232669 
2.1935e-06     0.9002635733415829 
2.196e-06      0.900423059106788 
2.1985e-06     0.8991738211463216 
2.201e-06      -0.001421603426639587 
2.2035e-06     -0.001357083876152236 
2.206e-06      -0.001333134802118196 
2.2085e-06     -0.001336754650371436 
2.211e-06      0.8994496181772693 
2.2135e-06     0.8994254523698078 
2.216e-06      0.8993885253583558 
2.2185e-06     0.8993365486390554 
2.221e-06      0.8992635957293051 
2.2235e-06     0.8993203073501566 
2.226e-06      0.9008703068062982 
2.2285e-06     0.001146552557565391 
2.231e-06      0.001052608756396688 
2.2335e-06     0.0009714268542452942 
2.236e-06      0.0009437185883025843 
2.2385e-06     0.0009152405246167475 
2.241e-06      0.0009004128242117041 
2.2435e-06     0.0008909976814891025 
2.246e-06      0.0008828274461127637 
2.2485e-06     0.0008796093697511744 
2.251e-06      0.0008739777698651157 
2.2535e-06     0.900346793916438 
2.256e-06      0.9003455500883004 
2.2585e-06     0.9003446922241664 
2.261e-06      0.9003442609299193 
2.2635e-06     0.900344394596726 
2.266e-06      0.9003442609990373 
2.2685e-06     0.9003443721967445 
2.271e-06      0.9003440605142427 
2.2735e-06     0.9003436446390483 
2.276e-06      0.9003392802083884 
2.2785e-06     0.900338850970961 
2.281e-06      0.9003384636032508 
2.2835e-06     0.9003383136245401 
2.286e-06      0.9003411071658218 
2.2885e-06     0.9003381564815865 
2.291e-06      0.9003383180610055 
2.2935e-06     0.900338645414732 
2.296e-06      0.9003390258358938 
2.2985e-06     0.9003394831761607 
2.301e-06      0.9003398176873972 
2.3035e-06     0.9003401592100635 
2.306e-06      0.9003443707757299 
2.3085e-06     0.9003442931113622 
2.311e-06      0.9003445808655597 
2.3135e-06     0.9003442352606836 
2.316e-06      0.9003454907412672 
2.3185e-06     0.90034573922614 
2.321e-06      0.9003468908138353 
2.3235e-06     0.90034927429583 
2.326e-06      0.0008820869140842115 
2.3285e-06     0.0008869632359719763 
2.331e-06      0.0008950146915351246 
2.3335e-06     0.0009074089361580484 
2.336e-06      0.0009302539429208712 
2.3385e-06     0.000961038838883259 
2.341e-06      0.001020660656925245 
2.3435e-06     0.001101483264303363 
2.346e-06      0.001225865756767351 
2.3485e-06     0.001400196934365361 
2.351e-06      -0.002537265784074554 
2.3535e-06     0.8993062560611432 
2.356e-06      0.8993683938724524 
2.3585e-06     0.8994090613261804 
2.361e-06      0.8994462335732121 
2.3635e-06     0.8994552265684405 
2.366e-06      0.8994613025431255 
2.3685e-06     0.8994556256006399 
2.371e-06      -0.001401427813972728 
2.3735e-06     -0.001480036732330489 
2.376e-06      -0.001601474887503632 
2.3785e-06     -0.00175690573194886 
2.381e-06      0.0001871798789640729 
2.3835e-06     0.9002653652898834 
2.386e-06      0.9002645350181201 
2.3885e-06     0.9002622846060758 
2.391e-06      0.9002602833150793 
2.3935e-06     0.0006151473026152291 
2.396e-06      0.0006252804857700651 
2.3985e-06     0.0006457450537711021 
2.401e-06      0.0006771946033952944 
2.4035e-06     0.000735114776595973 
2.406e-06      0.001026913560494966 
2.4085e-06     -0.002181442250916769 
2.411e-06      0.8995890575740381 
2.4135e-06     0.8996338450420643 
2.416e-06      0.8996673774677195 
2.4185e-06     0.8996880299361993 
2.421e-06      0.8996983823707436 
2.4235e-06     0.8997108443363027 
2.426e-06      0.8997206475429589 
2.4285e-06     0.8997274711861827 
2.431e-06      0.8997316477094645 
2.4335e-06     0.8997320251634675 
2.436e-06      0.8997340680702781 
2.4385e-06     -0.0006663631240555207 
2.441e-06      -0.0006645124398757902 
2.4435e-06     -0.000661662866970067 
2.446e-06      -0.0006554802674873552 
2.4485e-06     -0.0006481697508210523 
2.451e-06      -0.0006456107441714341 
2.4535e-06     -0.0006505711532353441 
2.456e-06      -0.0006568290107299225 
2.4585e-06     -0.0006531347395783871 
2.461e-06      -0.0006534217995055704 
2.4635e-06     -0.0006527723082469348 
2.466e-06      -0.0006520999178418993 
2.4685e-06     -0.0006518229608384464 
2.471e-06      -0.0006620348094980435 
2.4735e-06     -0.0006522639731377636 
2.476e-06      -0.0006530076075352868 
2.4785e-06     -0.00065382129210444 
2.481e-06      -0.0006527543918967438 
2.4835e-06     -0.0006496438888204419 
2.486e-06      -0.0006430946469315504 
2.4885e-06     -0.0006455887097131854 
2.491e-06      -0.0006500557771725727 
2.4935e-06     -0.0006575998144155936 
2.496e-06      -0.0006628850155822178 
2.4985e-06     -0.0006654298311632476 
2.501e-06      -0.0006683025973431419 
2.5035e-06     -0.0006738727104257543 
2.506e-06      -0.0006770419662855097 
2.5085e-06     0.8997310602423402 
2.511e-06      0.8997260165515267 
2.5135e-06     0.8997176755469829 
2.516e-06      0.8997074635672401 
2.5185e-06     0.8996937196339571 
2.521e-06      0.8996773022738869 
2.5235e-06     0.8996547604270566 
2.526e-06      0.8996221888456732 
2.5285e-06     0.8995737163216115 
2.531e-06      0.8994915347442904 
2.5335e-06     0.9005076509391768 
2.536e-06      0.0007165502429891639 
2.5385e-06     0.0006690666627849393 
2.541e-06      0.0006405532695915205 
2.5435e-06     0.0006216809687931589 
2.546e-06      0.000614474871707432 
2.5485e-06     0.0006114422681315975 
2.551e-06      0.0006107432994026587 
2.5535e-06     0.9002657520297291 
2.556e-06      0.9002682763134281 
2.5585e-06     0.9002667265851095 
2.561e-06      0.9002361016872067 
2.5635e-06     0.8991921211170423 
2.566e-06      -0.001446801218911977 
2.5685e-06     -0.001369697958616139 
2.571e-06      -0.001335196665199356 
2.5735e-06     -0.001331749695532882 
2.576e-06      0.8994549381418651 
2.5785e-06     0.8994412245020432 
2.581e-06      0.8994011266108342 
2.5835e-06     0.8993534469225952 
