
time (s)       VT("/biP<7>") (V)


2.6e-08        0.00232821540551585 
2.85e-08       0.002885509992237931 
3.1e-08        0.8976236839972825 
3.35e-08       0.8990429486111692 
3.6e-08        0.8991014735672868 
3.85e-08       0.8991428212629342 
4.1e-08        0.8991814680669247 
4.35e-08       0.8992143221097685 
4.6e-08        0.899244163874615 
4.85e-08       0.8992701005340648 
5.1e-08        0.8992910651988802 
5.35e-08       0.8993088568079572 
5.600000000000001e-08 0.8993234461135851 
5.85e-08       0.8993337445884394 
6.1e-08        0.8993416170112801 
6.350000000000001e-08 0.8993488657783789 
6.600000000000001e-08 0.8993549051617411 
6.850000000000001e-08 0.899360933364195 
7.1e-08        0.8993649954721357 
7.35e-08       0.8993690779274114 
7.599999999999999e-08 0.8993721559201935 
7.849999999999999e-08 0.8993757830427267 
8.1e-08        0.8993761774017267 
8.35e-08       0.8993771627536868 
8.6e-08        0.8993774626796074 
8.85e-08       0.8993785329944431 
9.100000000000001e-08 0.8993846616059252 
9.350000000000001e-08 0.8993845881768548 
9.600000000000001e-08 0.899384387563865 
9.850000000000002e-08 0.8993836573939593 
1.01e-07       0.8993828148326483 
1.035e-07      0.8993816695457943 
1.06e-07       0.8993794777642518 
1.085e-07      0.8993773163448359 
1.11e-07       0.8993686023602497 
1.135e-07      0.8993651732853654 
1.16e-07       0.8993605737511204 
1.185e-07      0.8993547794089506 
1.21e-07       0.8993486210741396 
1.235e-07      0.8993414193620847 
1.26e-07       0.8993331274869705 
1.285e-07      0.899321468731012 
1.31e-07       0.8993097399511523 
1.335e-07      0.8992903439202979 
1.36e-07       0.8992695395165541 
1.385e-07      0.8992440763470875 
1.41e-07       0.8992144866009018 
1.435e-07      0.8991762752211104 
1.46e-07       0.8991404085964133 
1.485e-07      0.8990986628426431 
1.51e-07       0.8990433534946739 
1.535e-07      0.8992277470264399 
1.56e-07       0.009365374634217365 
1.585e-07      0.002346093806848175 
1.61e-07       0.002124630090390099 
1.635e-07      0.00197055521105166 
1.66e-07       0.001842053542614441 
1.685e-07      0.001800553948778112 
1.71e-07       0.001764587897526471 
1.735e-07      0.001762289320607864 
1.76e-07       0.001788734633978564 
1.785e-07      0.001868233147451046 
1.81e-07       0.002012465463279692 
1.835e-07      0.002284753866917203 
1.86e-07       0.8973133650310288 
1.885e-07      0.8987576022972367 
1.91e-07       0.8987998301587325 
1.935e-07      0.898818424810975 
1.96e-07       0.8988201301005544 
1.985e-07      0.8988152166291996 
2.01e-07       0.8987780140725997 
2.035e-07      0.8987363545755291 
2.06e-07       0.8986821339813463 
2.085e-07      0.8986122705455653 
2.11e-07       0.8985831807551281 
2.135e-07      0.007444013800210274 
2.16e-07       0.001967174447896874 
2.185e-07      0.001721796624668002 
2.21e-07       0.001548956649168475 
2.235e-07      0.001421463181295764 
2.26e-07       0.001327031792242026 
2.285e-07      0.001252508095143059 
2.31e-07       0.001198995655523763 
2.335e-07      0.001158497840765383 
2.36e-07       0.001120642979790704 
2.385e-07      0.001086200320639431 
2.41e-07       0.001056328754516983 
2.435e-07      0.001031005312838375 
2.46e-07       0.001013199032875566 
2.485e-07      0.0009983030120869784 
2.51e-07       0.000988869410977653 
2.535e-07      0.0009857876057798596 
2.56e-07       0.0009813535330933023 
2.585e-07      0.0009685945194645928 
2.61e-07       0.0009553879444885293 
2.635e-07      0.0009445610373333513 
2.66e-07       0.0009240636958177781 
2.685e-07      0.0009346880795493628 
2.71e-07       0.0009330074414581777 
2.735e-07      0.000932635236275673 
2.76e-07       0.0009200947619146374 
2.785e-07      0.0009210858688718303 
2.81e-07       0.0009347239913641897 
2.835e-07      0.0009237374262421083 
2.86e-07       0.0009279703591858271 
2.885e-07      0.0009355823192229941 
2.91e-07       0.0009477376848626409 
2.935e-07      0.0009800170145126234 
2.96e-07       0.0009852177380922822 
2.985e-07      0.0009878634762902907 
3.01e-07       0.0009962427740102357 
3.035e-07      0.001009045866433058 
3.06e-07       0.001026253767094852 
3.085e-07      0.001046353093136518 
3.11e-07       0.001071755830467311 
3.135e-07      0.001109671541415473 
3.16e-07       0.00115018900019659 
3.185e-07      0.001187816819305697 
3.21e-07       0.0012388840153044 
3.235e-07      0.001303885183439599 
3.26e-07       0.001394007180153665 
3.285e-07      0.001511469029146707 
3.31e-07       0.001673389205520207 
3.335e-07      0.001889769293161678 
3.36e-07       0.002200361072872381 
3.385e-07      0.8971361434038234 
3.41e-07       0.8985841750170358 
3.435e-07      0.8986629119917193 
3.46e-07       0.8987216058746005 
3.485e-07      0.8987653667215486 
3.51e-07       0.8988057216639163 
3.535e-07      0.8988117995935858 
3.56e-07       0.8988131753591819 
3.585e-07      0.8987991974382954 
3.61e-07       0.8987658805126203 
3.635e-07      0.8987197254927615 
3.66e-07       0.8985908488507511 
3.685e-07      0.007758173838637228 
3.71e-07       0.001881960223752249 
3.735e-07      0.001788698176776416 
3.76e-07       0.001723873915730717 
3.785e-07      0.00171807668082525 
3.81e-07       0.00177819877496936 
3.835e-07      0.001839461216957559 
3.86e-07       0.001905596739980978 
3.885e-07      0.002067712893487435 
3.91e-07       0.00225330286560334 
3.935e-07      0.002610938992673954 
3.96e-07       0.89713033504444 
3.985e-07      0.8990338454656017 
4.01e-07       0.8990874499230163 
4.035e-07      0.8991337794419626 
4.06e-07       0.8991734362424406 
4.085e-07      0.8992076273742837 
4.11e-07       0.8992364900111351 
4.135e-07      0.8992650952007413 
4.16e-07       0.8992861531577375 
4.185e-07      0.8993050594838057 
4.21e-07       0.8993208400140175 
4.235e-07      0.8993309309534685 
4.26e-07       0.8993393620004978 
4.285e-07      0.8993469703315117 
4.31e-07       0.8993535463782614 
4.335e-07      0.8993596889481793 
4.36e-07       0.8993639096992951 
4.385e-07      0.8993680743161909 
4.41e-07       0.8993720208460396 
4.435e-07      0.8993747478394537 
4.46e-07       0.8993813717794764 
4.485e-07      0.8993763311776898 
4.51e-07       0.8993835870832065 
4.535e-07      0.8993841342856123 
4.56e-07       0.8993844080526128 
4.585e-07      0.8993786507578502 
4.61e-07       0.8993842882123132 
4.635e-07      0.8993838906193087 
4.66e-07       0.8993770705375578 
4.685e-07      0.8993821849288411 
4.71e-07       0.8993804799778234 
4.735e-07      0.8993783630874084 
4.76e-07       0.8993699869121429 
4.785000000000001e-07 0.8993660372593688 
4.81e-07       0.8993621571292562 
4.835e-07      0.899356717960075 
4.86e-07       0.8993508564649629 
4.885000000000001e-07 0.8993434236651949 
4.91e-07       0.8993348691867985 
4.935e-07      0.8993249449587386 
4.96e-07       0.8993140765495429 
4.985000000000001e-07 0.8992962397052162 
5.010000000000001e-07 0.8992756367081621 
5.035e-07      0.8992517935491178 
5.060000000000001e-07 0.8992230411756751 
5.085000000000001e-07 0.8991884385424406 
5.110000000000001e-07 0.8991507309127589 
5.135e-07      0.8991106174532081 
5.16e-07       0.8990571087013577 
5.185000000000001e-07 0.8990899120123255 
5.210000000000001e-07 0.8985635096571162 
5.235e-07      0.007554849322840847 
5.26e-07       0.002178156729938137 
5.285000000000001e-07 0.002010703174213386 
5.310000000000001e-07 0.001866817050073546 
5.335000000000001e-07 0.001794194791772466 
5.36e-07       0.001771403100318126 
5.385e-07      0.001760194891427765 
5.410000000000001e-07 0.001775235880538344 
5.435000000000001e-07 0.001813713131682456 
5.46e-07       0.001932018252712815 
5.485e-07      0.00215692181588065 
5.510000000000001e-07 0.8972440891293029 
5.535000000000001e-07 0.8987412226411831 
5.560000000000001e-07 0.8987897348291234 
5.585e-07      0.8988249702758406 
5.61e-07       0.8988201124696321 
5.635000000000001e-07 0.8988099231614697 
5.660000000000001e-07 0.8987963494145069 
5.685e-07      0.8987596440319064 
5.71e-07       0.898699068602787 
5.735000000000001e-07 0.8986333161455107 
5.760000000000001e-07 0.8985580751007048 
5.785000000000001e-07 0.01004602389436463 
5.81e-07       0.002053044471890421 
5.835000000000001e-07 0.00178427395013947 
5.860000000000001e-07 0.001593626339861283 
5.885000000000001e-07 0.001454905684997889 
5.91e-07       0.001353233520413274 
5.935e-07      0.001269170150598853 
5.960000000000001e-07 0.001213218241814127 
5.985000000000001e-07 0.001169918237044518 
6.01e-07       0.001132245319132988 
6.035e-07      0.001095855725120462 
6.060000000000001e-07 0.001064947454643845 
6.085000000000001e-07 0.001035631340186512 
6.110000000000001e-07 0.001017911566698385 
6.135e-07      0.001000436649623559 
6.16e-07       0.0009904556039806152 
6.185000000000001e-07 0.0009865102819083759 
6.210000000000001e-07 0.0009834265173755759 
6.235e-07      0.0009738909127492095 
6.26e-07       0.000959121014400651 
6.285000000000001e-07 0.0009309486551418802 
6.310000000000001e-07 0.0009252658722050805 
6.335000000000001e-07 0.0009226532784651999 
6.36e-07       0.0009214546399782322 
6.385000000000001e-07 0.0009201574934322321 
6.410000000000001e-07 0.0009322823022359761 
6.435000000000001e-07 0.0009202421805258146 
6.46e-07       0.0009331344320962317 
6.485e-07      0.0009358451994259372 
6.510000000000001e-07 0.0009263018520425605 
6.535000000000001e-07 0.0009329561341679829 
6.560000000000001e-07 0.0009433876321706014 
6.585e-07      0.0009755417059364345 
6.610000000000001e-07 0.0009841961466759393 
6.635000000000001e-07 0.0009870110039322238 
6.660000000000001e-07 0.0009926588250187968 
6.685e-07      0.001004094795301618 
6.71e-07       0.001022559153127992 
6.735000000000001e-07 0.001039621939457463 
6.760000000000001e-07 0.00106758108444133 
6.785e-07      0.001098980675663349 
6.81e-07       0.001136510316575315 
6.835000000000001e-07 0.00117766221744449 
6.860000000000001e-07 0.00122311179312299 
6.885000000000001e-07 0.001282595317088137 
6.91e-07       0.001364617222868017 
6.935e-07      0.001475987852933041 
6.960000000000001e-07 0.001622962496870214 
6.985000000000001e-07 0.001820437814099287 
7.01e-07       0.002090752912683891 
7.035e-07      0.00291972239328199 
7.060000000000001e-07 0.8974250433106875 
7.085000000000001e-07 0.8986415741993291 
7.110000000000001e-07 0.8987066944413548 
7.135e-07      0.8987544465670856 
7.160000000000001e-07 0.8987991052198517 
7.185000000000001e-07 0.8988076508126408 
7.210000000000001e-07 0.8988134881490442 
7.235e-07      0.8988051347939453 
7.26e-07       0.8987780781597282 
7.285000000000001e-07 0.8987273453420027 
7.310000000000001e-07 0.8986340483394661 
7.335e-07      0.009652275809133451 
7.36e-07       0.001919321231794969 
7.385000000000001e-07 0.001804705036853782 
7.410000000000001e-07 0.001752944515195904 
7.435000000000001e-07 0.001718221121393578 
7.46e-07       0.001766381662871527 
7.485e-07      0.001793302853990877 
7.510000000000001e-07 0.001874681630134347 
7.535000000000001e-07 0.00202647020936157 
7.56e-07       0.002198077299092587 
7.585e-07      0.002472727738213382 
7.610000000000001e-07 0.003489680453272896 
7.635000000000001e-07 0.8978105618954579 
7.660000000000001e-07 0.8990673233198208 
7.685e-07      0.8991204990090583 
7.710000000000001e-07 0.8991622352637467 
7.735000000000001e-07 0.8991964960240649 
7.760000000000001e-07 0.8992267342367533 
7.785e-07      0.8992576253038964 
7.81e-07       0.8992796837265526 
7.835000000000001e-07 0.8992995761725591 
7.860000000000001e-07 0.8993170176652984 
7.885000000000001e-07 0.8993283885321319 
7.91e-07       0.8993371803034369 
7.935000000000001e-07 0.8993448094010754 
7.960000000000001e-07 0.8993519201963041 
7.985000000000001e-07 0.8993583462105101 
8.01e-07       0.8993628386404071 
8.035e-07      0.8993668635359202 
8.060000000000001e-07 0.8993705661967254 
8.085000000000001e-07 0.8993739114325239 
8.11e-07       0.8993808191752832 
8.135e-07      0.8993758937293588 
8.160000000000001e-07 0.8993833375270944 
8.185000000000001e-07 0.899384050130513 
8.210000000000001e-07 0.8993843564997522 
8.235e-07      0.8993844650075007 
8.26e-07       0.8993843482746304 
8.285000000000001e-07 0.899378146849839 
8.310000000000001e-07 0.8993770815190585 
8.335e-07      0.8993825824549269 
8.36e-07       0.8993809781771721 
8.385000000000001e-07 0.8993792325883414 
8.410000000000001e-07 0.8993754610577088 
8.435000000000001e-07 0.8993670332614918 
8.46e-07       0.8993635000795442 
8.485000000000001e-07 0.8993581200429952 
8.510000000000001e-07 0.899352866020168 
8.535000000000001e-07 0.8993457240769192 
8.56e-07       0.8993375166788268 
8.585e-07      0.8993283982711356 
8.610000000000001e-07 0.8993179835673467 
8.635000000000001e-07 0.8993018030925257 
8.660000000000001e-07 0.8992816201876488 
8.685e-07      0.899259977877082 
8.710000000000001e-07 0.8992301818162469 
8.735000000000001e-07 0.8991991508186035 
8.760000000000001e-07 0.8991602086711609 
8.785e-07      0.8991253095466442 
8.81e-07       0.899075057477101 
8.835000000000001e-07 0.8990375637016987 
8.860000000000001e-07 0.8989349489624123 
8.885e-07      0.00806337621691856 
8.91e-07       0.002240441312247056 
8.935000000000001e-07 0.002053289089885952 
8.960000000000001e-07 0.00189490089978711 
8.985000000000001e-07 0.001833846336364659 
9.01e-07       0.001780971141283561 
9.035000000000001e-07 0.001759659836979376 
9.060000000000001e-07 0.001770939148121929 
9.085000000000001e-07 0.001815428611716271 
9.11e-07       0.001918275099035277 
9.135e-07      0.002075936589945916 
9.160000000000001e-07 0.003488049596887492 
9.185000000000001e-07 0.8973953873082562 
9.210000000000001e-07 0.8987775948541876 
9.235e-07      0.8988102076632782 
9.260000000000001e-07 0.8988203937061349 
9.285000000000001e-07 0.8988164042759351 
9.310000000000001e-07 0.8987944945275045 
9.335e-07      0.898761171244537 
9.36e-07       0.8987161414452755 
9.385000000000001e-07 0.8986543669616096 
9.410000000000001e-07 0.8985761095453505 
9.435000000000001e-07 0.8987022907126035 
9.46e-07       0.006594143680884961 
9.485000000000001e-07 0.001857063445933601 
9.510000000000001e-07 0.001644583437499196 
9.535000000000001e-07 0.001468937755653888 
9.56e-07       0.001357370893055066 
9.585e-07      0.001290473145346609 
9.61e-07       0.00122782987357955 
9.635e-07      0.001181676438826902 
9.659999999999999e-07 0.001140528047663077 
9.684999999999999e-07 0.00110657060945776 
9.710000000000001e-07 0.001068835615674568 
9.735000000000001e-07 0.001041330177603947 
9.760000000000001e-07 0.001024031692523832 
9.785e-07      0.001005785259435943 
9.81e-07       0.0009943596350236602 
9.835e-07      0.0009869038697222609 
9.860000000000002e-07 0.000984298426518598 
9.885000000000001e-07 0.0009785032809502792 
9.910000000000001e-07 0.0009620624328735778 
9.935000000000001e-07 0.0009485560968858444 
9.960000000000001e-07 0.0009267197187306467 
9.985000000000001e-07 0.000923215572263434 
1.001e-06      0.0009217793667630732 
1.0035e-06     0.000920229846996556 
1.006e-06      0.0009330530932431629 
1.0085e-06     0.0009332981382614899 
1.011e-06      0.0009214018751780108 
1.0135e-06     0.00092262901167103 
1.016e-06      0.0009248407869619151 
1.0185e-06     0.0009306246045778555 
1.021e-06      0.000939928129600826 
1.0235e-06     0.0009544529626409314 
1.026e-06      0.0009829139658274792 
1.0285e-06     0.0009863336642794375 
1.031e-06      0.0009904278227944748 
1.0335e-06     0.001000162163487765 
1.036e-06      0.001015551608263064 
1.0385e-06     0.001034186642101779 
1.041e-06      0.001058122460177501 
1.0435e-06     0.001089504056147723 
1.046e-06      0.001127258462829005 
1.0485e-06     0.001166977293094637 
1.051e-06      0.001208274169098656 
1.0535e-06     0.001263439537856529 
1.056e-06      0.001339401061136648 
1.0585e-06     0.00144104782793116 
1.061e-06      0.001575310926318041 
1.0635e-06     0.001757485156555225 
1.066e-06      0.00200401236651047 
1.0685e-06     0.002425099150415895 
1.071e-06      0.8975117290501495 
1.0735e-06     0.8986192121523446 
1.076e-06      0.8986896257061556 
1.0785e-06     0.8987424916724213 
1.081e-06      0.8987799767002387 
1.0835e-06     0.8988033549814949 
1.086e-06      0.8988149909212213 
1.0885e-06     0.8988096247347088 
1.091e-06      0.898797957291768 
1.0935e-06     0.8987555045701128 
1.096e-06      0.8986691689124213 
1.0985e-06     0.8984516274551538 
1.101e-06      0.007164989854233168 
1.1035e-06     0.001833485446124297 
1.106e-06      0.001764232234134128 
1.1085e-06     0.001740779742515048 
1.111e-06      0.00174969196763263 
1.1135e-06     0.001800225954539103 
1.116e-06      0.001848341597895615 
1.1185e-06     0.001985474640681723 
1.121e-06      0.002138227955752056 
1.1235e-06     0.002367038770833863 
1.126e-06      0.003128985724957025 
1.1285e-06     0.897790801354588 
1.131e-06      0.8990502452039211 
1.1335e-06     0.8991070994624475 
1.136e-06      0.8991527817460209 
1.1385e-06     0.899191912061807 
1.141e-06      0.8992194407371599 
1.1435e-06     0.899249488580656 
1.146e-06      0.8992741676271845 
1.1485e-06     0.899294053781014 
1.151e-06      0.8993125689456115 
1.1535e-06     0.8993241776033296 
1.156e-06      0.8993349976553733 
1.1585e-06     0.8993427023967655 
1.161e-06      0.8993500994835567 
1.1635e-06     0.8993558683005217 
1.166e-06      0.899361365462399 
1.1685e-06     0.8993657404674498 
1.171e-06      0.8993696350103284 
1.1735e-06     0.8993732270493501 
1.176e-06      0.8993746966818202 
1.1785e-06     0.8993821223915919 
1.181e-06      0.8993830873003745 
1.1835e-06     0.899383914698292 
1.186e-06      0.8993843110769503 
1.1885e-06     0.8993844593790715 
1.191e-06      0.8993781726353598 
1.1935e-06     0.8993778626829347 
1.196e-06      0.8993835783379637 
1.1985e-06     0.8993828918399678 
1.201e-06      0.8993814277250505 
1.2035e-06     0.8993798825454565 
1.206e-06      0.8993762832372276 
1.2085e-06     0.8993680784963966 
1.211e-06      0.8993644427317706 
1.2135e-06     0.8993601141811144 
1.216e-06      0.899353773228403 
1.2185e-06     0.8993481399470384 
1.221e-06      0.8993397399994308 
1.2235e-06     0.8993312396675264 
1.226e-06      0.8993197017259082 
1.2285e-06     0.8993074750134796 
1.231e-06      0.8992889742279017 
1.2335e-06     0.899267035204659 
1.236e-06      0.8992398848774076 
1.2385e-06     0.8992093111441198 
1.241e-06      0.8991703170415373 
1.2435e-06     0.8991353194480071 
1.246e-06      0.8990924044974604 
1.2485e-06     0.899037331641285 
1.251e-06      0.8992639912820719 
1.2535e-06     0.00887494319108424 
1.256e-06      0.002306236510439555 
1.2585e-06     0.002101833485037241 
1.261e-06      0.001955616434569912 
1.2635e-06     0.001831542412609833 
1.266e-06      0.001793351380433606 
1.2685e-06     0.001763043977965818 
1.271e-06      0.001765329274068984 
1.2735e-06     0.001772112050050849 
1.276e-06      0.001884360005591144 
1.2785e-06     0.00204013010788316 
1.281e-06      0.002395077371125382 
1.2835e-06     0.8973643614050087 
1.286e-06      0.8987645790745314 
1.2885e-06     0.8988033820494054 
1.291e-06      0.8988293590553634 
1.2935e-06     0.8988193907976926 
1.296e-06      0.8988018871618552 
1.2985e-06     0.8987828180405403 
1.301e-06      0.8987303896803839 
1.3035e-06     0.8986725577262132 
1.306e-06      0.898600092715831 
1.3085e-06     0.898622800562459 
1.311e-06      0.007045507858801473 
1.3135e-06     0.001928316300981209 
1.316e-06      0.001694138207704283 
1.3185e-06     0.001529019846711077 
1.321e-06      0.001383437308324732 
1.3235e-06     0.00131195612508036 
1.326e-06      0.001244048490295668 
1.3285e-06     0.001191626761636834 
1.331e-06      0.001151351214613705 
1.3335e-06     0.001113531959966305 
1.336e-06      0.00108108360756218 
1.3385e-06     0.001051756396790216 
1.341e-06      0.001027653205964947 
1.3435e-06     0.001010326404296032 
1.346e-06      0.0009955291839007414 
1.3485e-06     0.0009882776805435803 
1.351e-06      0.0009853930106750281 
1.3535e-06     0.0009799851119272622 
1.356e-06      0.0009664213523567087 
1.3585e-06     0.0009534379155820705 
1.361e-06      0.0009285712687191354 
1.3635e-06     0.0009238264377556849 
1.366e-06      0.0009220170747375642 
1.3685e-06     0.0009211298513454032 
1.371e-06      0.0009200918584524782 
1.3735e-06     0.0009201135356553265 
1.376e-06      0.0009325644952959301 
1.3785e-06     0.0009351329509012155 
1.381e-06      0.0009240575639188173 
1.3835e-06     0.0009286015120126734 
1.386e-06      0.0009369555511222349 
1.3885e-06     0.0009494204927091479 
1.391e-06      0.0009813658786639501 
1.3935e-06     0.0009860536478000525 
1.396e-06      0.0009889228525668526 
1.3985e-06     0.0009968569658642804 
1.401e-06      0.00101181878081251 
1.4035e-06     0.001029508722507637 
1.406e-06      0.001049172304764618 
1.4085e-06     0.00107867818680276 
1.411e-06      0.001114653910965795 
1.4135e-06     0.001153702377312195 
1.416e-06      0.0011938147290011 
1.4185e-06     0.001246687416875969 
1.421e-06      0.001317444186570076 
1.4235e-06     0.001410532310093705 
1.426e-06      0.001531468524947372 
1.4285e-06     0.001698644476662594 
1.431e-06      0.001924173299847959 
1.4335e-06     0.00225686982747478 
1.436e-06      0.8974346523502357 
1.4385e-06     0.8985951327511301 
1.441e-06      0.8986718669806502 
1.4435e-06     0.8987287015349593 
1.446e-06      0.8987707473235664 
1.4485e-06     0.8987987265815361 
1.451e-06      0.8988133107878949 
1.4535e-06     0.8988123147968814 
1.456e-06      0.8987961362908603 
1.4585e-06     0.8987592888024971 
1.461e-06      0.8987083777722442 
1.4635e-06     0.8985606126506955 
1.466e-06      0.007459300705095001 
1.4685e-06     0.001864871557074509 
1.471e-06      0.001755426060122574 
1.4735e-06     0.001742135442046675 
1.476e-06      0.001719367103765136 
1.4785e-06     0.001759593826728405 
1.481e-06      0.001849796513401173 
1.4835e-06     0.001923327690520247 
1.486e-06      0.002090645549736902 
1.4885e-06     0.002290204786724394 
1.491e-06      0.002740570052591424 
1.4935e-06     0.8973598818515571 
1.496e-06      0.8990375063165317 
1.4985e-06     0.8990961146260714 
1.501e-06      0.8991392324886855 
1.5035e-06     0.899179992662208 
1.506e-06      0.899210253705309 
1.5085e-06     0.8992410802070437 
1.511e-06      0.8992679726083229 
1.5135e-06     0.8992903505389541 
1.516e-06      0.8993074952281561 
1.5185e-06     0.8993207204826961 
1.521e-06      0.8993324088140217 
1.5235e-06     0.8993407523297707 
1.526e-06      0.8993486340122886 
1.5285e-06     0.8993544690316359 
1.531e-06      0.8993599351594807 
1.5335e-06     0.899365102246456 
1.536e-06      0.8993689014555777 
1.5385e-06     0.8993723487450899 
1.541e-06      0.8993750902379997 
1.5435e-06     0.8993815970190121 
1.546e-06      0.8993829003925803 
1.5485e-06     0.8993837006370907 
1.551e-06      0.8993842193641051 
1.5535e-06     0.8993844294701308 
1.556e-06      0.8993844421861074 
1.5585e-06     0.8993842461273233 
1.561e-06      0.8993837733473488 
1.5635e-06     0.8993830742561356 
1.566e-06      0.8993808889086141 
1.5685e-06     0.899380156082437 
1.571e-06      0.8993776863061248 
1.5735e-06     0.8993690051461916 
1.576e-06      0.8993653437184005 
1.5785e-06     0.8993610352630553 
1.581e-06      0.899355811483202 
1.5835e-06     0.8993498617844212 
1.586e-06      0.8993425919194247 
1.5885e-06     0.899333697593793 
1.591e-06      0.899323292775933 
1.5935e-06     0.8993116854690387 
1.596e-06      0.8992933003635648 
1.5985e-06     0.8992727066931597 
1.601e-06      0.8992477391425872 
1.6035e-06     0.8992185996868886 
1.606e-06      0.8991825595270556 
1.6085e-06     0.8991457459630979 
1.611e-06      0.8991044182661465 
1.6135e-06     0.899049010566793 
1.616e-06      0.8991444645300833 
1.6185e-06     0.009964170374281617 
1.621e-06      0.002390482843938525 
1.6235e-06     0.002150752093946806 
1.626e-06      0.00198921717211946 
1.6285e-06     0.001878132527924244 
1.631e-06      0.001806550464383923 
1.6335e-06     0.001766705922574075 
1.636e-06      0.001760477547295118 
1.6385e-06     0.001781645950058427 
1.641e-06      0.001827664829344665 
1.6435e-06     0.001984851766391481 
1.646e-06      0.002216826698176643 
1.6485e-06     0.8972871647109963 
1.651e-06      0.8987613808073723 
1.6535e-06     0.8987960575744869 
1.656e-06      0.8988260286219769 
1.6585e-06     0.8988203238703688 
1.661e-06      0.8988077682878635 
1.6635e-06     0.8987926081108673 
1.666e-06      0.8987424555699209 
1.6685e-06     0.898690411445888 
1.671e-06      0.8986235819988581 
1.6735e-06     0.8985527194203884 
1.676e-06      0.008173089030801653 
1.6785e-06     0.002008098161733887 
1.681e-06      0.001752030479947485 
1.6835e-06     0.001571234199127344 
1.686e-06      0.001417653580777448 
1.6885e-06     0.001339065309872003 
1.691e-06      0.001261923018659595 
1.6935e-06     0.001205764912405583 
1.696e-06      0.001163778071131914 
1.6985e-06     0.001125937223385953 
1.701e-06      0.001090025446289839 
1.7035e-06     0.001061241150708682 
1.706e-06      0.001033256491659814 
1.7085e-06     0.001015418619677562 
1.711e-06      0.000999531889070237 
1.7135e-06     0.0009898023530063203 
1.716e-06      0.0009861895723731805 
1.7185e-06     0.0009825321550838762 
1.721e-06      0.0009706879904417361 
1.7235e-06     0.0009560279486685502 
1.726e-06      0.0009306435480420905 
1.7285e-06     0.0009245773240518927 
1.731e-06      0.0009224305694835013 
1.7335e-06     0.0009213458893443918 
1.736e-06      0.0009201289570641144 
1.7385e-06     0.000933050798865629 
1.741e-06      0.000932712927000461 
1.7435e-06     0.0009343193656311586 
1.746e-06      0.0009234357579167111 
1.7485e-06     0.0009271079292993717 
1.751e-06      0.0009342268971425265 
1.7535e-06     0.0009454977579780818 
1.756e-06      0.0009773230857909408 
1.7585e-06     0.0009847665351877179 
1.761e-06      0.0009874829688887872 
1.7635e-06     0.000994435206592225 
1.766e-06      0.001006420152894436 
1.7685e-06     0.001025346282017366 
1.771e-06      0.001042885591832815 
1.7735e-06     0.00107177660067495 
1.776e-06      0.001104365304717542 
1.7785e-06     0.001142705354514662 
1.781e-06      0.001182308592614927 
1.7835e-06     0.001230848270510998 
1.786e-06      0.001292974888984806 
1.7885e-06     0.001379905275574766 
1.791e-06      0.001494534484144483 
1.7935e-06     0.001646612318574562 
1.796e-06      0.00185481673820862 
1.7985e-06     0.002142358455973087 
1.801e-06      0.003420753782606261 
1.8035e-06     0.8974295967563035 
1.806e-06      0.8986513015337774 
1.8085e-06     0.8987140713128251 
1.811e-06      0.8987701447802515 
1.8135e-06     0.8988023481796893 
1.816e-06      0.8988101815506457 
1.8185e-06     0.8988133463314728 
1.821e-06      0.8988026023487981 
1.8235e-06     0.8987827693208148 
1.826e-06      0.8987177789248404 
1.8285e-06     0.8986142173517642 
1.831e-06      0.008306965323523992 
1.8335e-06     0.001899361637372076 
1.836e-06      0.001795113593704431 
1.8385e-06     0.001727534048228037 
1.841e-06      0.001739258061700285 
1.8435e-06     0.00177058344133018 
1.846e-06      0.001827110599979338 
1.8485e-06     0.001916924716125381 
1.851e-06      0.002046492677538952 
1.8535e-06     0.002224167659776797 
1.856e-06      0.002533337607180194 
1.8585e-06     0.004236910424003309 
1.861e-06      0.8977742519534868 
1.8635e-06     0.8990765712152214 
1.866e-06      0.8991274708457994 
1.8685e-06     0.8991671766269094 
1.871e-06      0.8992026207798905 
1.8735e-06     0.8992313084563126 
1.876e-06      0.8992614490064721 
1.8785e-06     0.8992828843381491 
1.881e-06      0.8993020560419112 
1.8835e-06     0.8993171867852211 
1.886e-06      0.8993294366676682 
1.8885e-06     0.899338022307668 
1.891e-06      0.8993464914117389 
1.8935e-06     0.8993526204079137 
1.896e-06      0.8993584655575791 
1.8985e-06     0.8993635258380971 
1.901e-06      0.8993675109435713 
1.9035e-06     0.899370987599979 
1.906e-06      0.8993744885664071 
1.9085e-06     0.8993811495829442 
1.911e-06      0.8993824900995432 
1.9135e-06     0.8993834537546693 
1.916e-06      0.8993841093240877 
1.9185e-06     0.8993843854156756 
1.921e-06      0.8993782395484986 
1.9235e-06     0.8993843312511739 
1.926e-06      0.8993776342763411 
1.9285e-06     0.8993769520169591 
1.931e-06      0.899382406652744 
1.9335e-06     0.8993807408484289 
1.936e-06      0.8993789599472072 
1.9385e-06     0.899370202955783 
1.941e-06      0.8993666588265535 
1.9435e-06     0.8993628049441489 
1.946e-06      0.8993574028823701 
1.9485e-06     0.8993520024574421 
1.951e-06      0.8993446756461138 
1.9535e-06     0.8993360116059192 
1.956e-06      0.8993267186394819 
1.9585e-06     0.8993161178518093 
1.961e-06      0.8992988969976091 
1.9635e-06     0.8992785939809711 
1.966e-06      0.899256193172878 
1.9685e-06     0.8992255433331583 
1.971e-06      0.8991934985962121 
1.9735e-06     0.8991551634787489 
1.976e-06      0.8991181132662718 
1.9785e-06     0.8990660294514454 
1.981e-06      0.8990470872503975 
1.9835e-06     0.898752824100258 
1.986e-06      0.007782226483987481 
1.9885e-06     0.002212165682778436 
1.991e-06      0.002033570247179093 
1.9935e-06     0.001907307583842829 
1.996e-06      0.001803381677613516 
1.9985e-06     0.001777344562290502 
2.001e-06      0.001760829142871932 
2.0035e-06     0.001775884103691106 
2.006e-06      0.001826977722845801 
2.0085e-06     0.001913098520302673 
2.011e-06      0.002112034247418137 
2.0135e-06     0.8975059710583639 
2.016e-06      0.8987438511881854 
2.0185e-06     0.8987842538197847 
2.021e-06      0.8988125217295088 
2.0235e-06     0.8988205687808322 
2.026e-06      0.8988136478491395 
2.0285e-06     0.8987906834200524 
2.031e-06      0.8987659647890748 
2.0335e-06     0.8987083201821919 
2.036e-06      0.898644982906917 
2.0385e-06     0.898565522808362 
2.041e-06      0.8983934351576576 
2.0435e-06     0.006408694060684069 
2.046e-06      0.001822379662883396 
2.0485e-06     0.001618933568015893 
2.051e-06      0.00147287478242914 
2.0535e-06     0.00134329549298508 
2.056e-06      0.001279361844080439 
2.0585e-06     0.001220405847454926 
2.061e-06      0.00117525532834922 
2.0635e-06     0.001134846103465643 
2.066e-06      0.001101345349981485 
2.0685e-06     0.001069237179643134 
2.071e-06      0.001041726438288081 
2.0735e-06     0.001021330842622246 
2.076e-06      0.001003557207783648 
2.0785e-06     0.0009926286091216658 
2.081e-06      0.0009866919937549792 
2.0835e-06     0.0009823699425340006 
2.086e-06      0.0009756321619129131 
2.0885e-06     0.0009599054989840717 
2.091e-06      0.0009482413245735922 
2.0935e-06     0.0009259014093323769 
2.096e-06      0.0009229046998731317 
2.0985e-06     0.0009216210684712606 
2.101e-06      0.0009201911063240451 
2.1035e-06     0.0009330335964015981 
2.106e-06      0.0009324130995553588 
2.1085e-06     0.0009338282536170168 
2.111e-06      0.0009228642547763678 
2.1135e-06     0.0009255779381115692 
2.116e-06      0.0009317604939771899 
2.1185e-06     0.0009412740172146404 
2.121e-06      0.0009566019586336823 
2.1235e-06     0.0009837614790826361 
2.126e-06      0.0009866279035739744 
2.1285e-06     0.0009911961013591285 
2.131e-06      0.001002544807219727 
2.1335e-06     0.001018107588310841 
2.136e-06      0.0010366073161768 
2.1385e-06     0.00106351498685209 
2.141e-06      0.001094335037051524 
2.1435e-06     0.001134116820685522 
2.146e-06      0.001171853948282875 
2.1485e-06     0.00121547001379718 
2.151e-06      0.001273074430295387 
2.1535e-06     0.00135484965536727 
2.156e-06      0.001457549761635869 
2.1585e-06     0.001597556134940349 
2.161e-06      0.001788901447430684 
2.1635e-06     0.002047167660194102 
2.166e-06      0.002592405783717214 
2.1685e-06     0.8974540030369268 
2.171e-06      0.8986298582047922 
2.1735e-06     0.8986977958369524 
2.176e-06      0.8987584016462072 
2.1785e-06     0.8987940738057026 
2.181e-06      0.8988057444364651 
2.1835e-06     0.8988134661614848 
2.186e-06      0.8988074083236468 
2.1885e-06     0.8987830236899618 
2.191e-06      0.8987476741282763 
2.1935e-06     0.8986530417484164 
2.196e-06      0.8985547918379386 
2.1985e-06     0.007019608445705067 
2.201e-06      0.001818483520446651 
2.2035e-06     0.001760036384470091 
2.206e-06      0.001739755119586396 
2.2085e-06     0.001754087406241814 
2.211e-06      0.001808106460837119 
2.2135e-06     0.001886186279390138 
2.216e-06      0.002005998710848677 
2.2185e-06     0.002166790862718886 
2.221e-06      0.002413436613198208 
2.2235e-06     0.003407016722243559 
2.226e-06      0.8978376714913792 
2.2285e-06     0.8990583652298862 
2.231e-06      0.8991131129713424 
2.2335e-06     0.8991573740504751 
2.236e-06      0.8991920300565042 
2.2385e-06     0.8992240977366188 
2.241e-06      0.8992536769773584 
2.2435e-06     0.8992771291949186 
2.246e-06      0.899296865842185 
2.2485e-06     0.8993149032930493 
2.251e-06      0.8993259812705671 
2.2535e-06     0.8993359959965082 
2.256e-06      0.8993443559102695 
2.2585e-06     0.8993509833742466 
2.261e-06      0.899356800620266 
2.2635e-06     0.8993619274696099 
2.266e-06      0.8993666981111834 
2.2685e-06     0.899369913234637 
2.271e-06      0.8993735703735724 
2.2735e-06     0.8993749496276011 
2.276e-06      0.8993823113779913 
2.2785e-06     0.8993832218382573 
2.281e-06      0.8993839836178673 
2.2835e-06     0.8993843223427814 
2.286e-06      0.8993787051207615 
2.2885e-06     0.8993843819595404 
2.291e-06      0.8993840879829988 
2.2935e-06     0.8993834712956763 
2.296e-06      0.8993827306039299 
2.2985e-06     0.8993812080484465 
2.301e-06      0.8993796173766375 
2.3035e-06     0.8993761517339661 
2.306e-06      0.8993677521664911 
2.3085e-06     0.8993639353528884 
2.311e-06      0.8993589254670287 
2.3135e-06     0.8993535256235892 
2.316e-06      0.8993468040480118 
2.3185e-06     0.8993388596017109 
2.321e-06      0.8993298532702031 
2.3235e-06     0.8993198513434792 
2.326e-06      0.8993045481058209 
2.3285e-06     0.8992847984186525 
2.331e-06      0.8992635433664925 
2.3335e-06     0.8992354423885408 
2.336e-06      0.8992044615105051 
2.3385e-06     0.8991654608499456 
2.341e-06      0.8991310780403525 
2.3435e-06     0.8990832297307214 
2.346e-06      0.8990330897848202 
2.3485e-06     0.8991613358673254 
2.351e-06      0.008402567114854853 
2.3535e-06     0.002272871717651447 
2.356e-06      0.002077077873350048 
2.3585e-06     0.001940603627146845 
2.361e-06      0.001820912189673133 
2.3635e-06     0.001786538548649813 
2.366e-06      0.00176034276167994 
2.3685e-06     0.001769088167479354 
2.371e-06      0.00180697302492544 
2.3735e-06     0.001899695505597982 
2.376e-06      0.002071800251450982 
2.3785e-06     0.002658207922051226 
2.381e-06      0.8973910364371703 
2.3835e-06     0.8987706383334302 
2.386e-06      0.8988065557359119 
2.3885e-06     0.8988198307136929 
2.391e-06      0.8988283221690372 
2.3935e-06     0.8987986136485189 
2.396e-06      0.8987672871643717 
2.3985e-06     0.8987237356511457 
2.401e-06      0.8986637302843229 
2.4035e-06     0.8985886621542178 
2.406e-06      0.8987165747725335 
2.4085e-06     0.006787271334080762 
2.411e-06      0.001891843386769313 
2.4135e-06     0.001668704534011985 
2.416e-06      0.001486062072873232 
2.4185e-06     0.001371006741842595 
2.421e-06      0.001301451445746645 
2.4235e-06     0.001234639689781112 
2.426e-06      0.001185512067391471 
2.4285e-06     0.001147837407710614 
2.431e-06      0.001111613181314729 
2.4335e-06     0.001073338347977875 
2.436e-06      0.001047074583709349 
2.4385e-06     0.001025810094828463 
2.441e-06      0.001008284797800317 
2.4435e-06     0.0009958959173469585 
2.446e-06      0.0009874827842848029 
2.4485e-06     0.0009850808098353259 
2.451e-06      0.0009799384835551218 
2.4535e-06     0.0009654482490545452 
2.456e-06      0.0009502983393355565 
2.4585e-06     0.0009275817394786344 
2.461e-06      0.0009235128080152569 
2.4635e-06     0.0009219444790293401 
2.466e-06      0.0009210415256565857 
2.4685e-06     0.0009200800667456786 
2.471e-06      0.0009322543329387097 
2.4735e-06     0.0009212845458675267 
2.476e-06      0.000922407621214556 
2.4785e-06     0.0009242839095182649 
2.481e-06      0.0009295651406286353 
2.4835e-06     0.0009381944218756939 
2.486e-06      0.0009521902161287235 
2.4885e-06     0.0009825570698473859 
2.491e-06      0.0009863181392661419 
2.4935e-06     0.0009896292147144182 
2.496e-06      0.0009982167669791372 
2.4985e-06     0.00101430251743483 
2.501e-06      0.001031994106414265 
2.5035e-06     0.001055613255525021 
2.506e-06      0.00108438659724177 
2.5085e-06     0.001122080374477408 
2.511e-06      0.001160634074654653 
2.5135e-06     0.001201008393504241 
2.516e-06      0.001254689873104721 
2.5185e-06     0.001329328210263596 
2.521e-06      0.001423688583299269 
2.5235e-06     0.00155096949425972 
2.526e-06      0.001729037753706706 
2.5285e-06     0.001962478212029613 
2.531e-06      0.002331682939962329 
2.5335e-06     0.8975866523616787 
2.536e-06      0.898606992290731 
2.5385e-06     0.8986802057158418 
2.541e-06      0.8987353245500859 
2.5435e-06     0.8987858293441308 
2.546e-06      0.8988007583755732 
2.5485e-06     0.8988139369287959 
2.551e-06      0.8988110655440368 
2.5535e-06     0.8987922278487414 
2.556e-06      0.8987523243654907 
2.5585e-06     0.89868293710349 
2.561e-06      0.8985169540853121 
2.5635e-06     0.007228094510300072 
2.566e-06      0.001848846549722833 
2.5685e-06     0.001771540240833632 
2.571e-06      0.001739590944506966 
2.5735e-06     0.001746156131628166 
2.576e-06      0.001789850221452973 
2.5785e-06     0.001835739203697477 
2.581e-06      0.001966664156959787 
2.5835e-06     0.002114593384345504 
