
time (s)       VT("/biP<8>") (V)


2.6e-08        0.8990844166320311 
2.85e-08       0.8990829381568449 
3.1e-08        0.9000333043235249 
3.35e-08       0.9003066333721127 
3.6e-08        0.9002755089978847 
3.85e-08       0.9002516958783972 
4.1e-08        0.9002419480127731 
4.35e-08       0.9002376575979443 
4.6e-08        0.9002377211297865 
4.85e-08       0.9002408715030482 
5.1e-08        0.9002438011535329 
5.35e-08       0.9002464607070578 
5.600000000000001e-08 0.9002485297663866 
5.85e-08       0.9002487821974294 
6.1e-08        0.9002488814544418 
6.350000000000001e-08 0.9002492198048803 
6.600000000000001e-08 0.9002496257204929 
6.850000000000001e-08 0.9002502555956506 
7.1e-08        0.9002507535972163 
7.35e-08       0.9002513597958747 
7.599999999999999e-08 0.9002516472406906 
7.849999999999999e-08 0.900251738709519 
8.1e-08        0.9002500654116149 
8.35e-08       0.9002499418725096 
8.6e-08        0.9002498958527737 
8.85e-08       0.9002497200863152 
9.100000000000001e-08 0.9002491130980124 
9.350000000000001e-08 0.9002492122180119 
9.600000000000001e-08 0.9002492221710751 
9.850000000000002e-08 0.900249478927896 
1.01e-07       0.9002497254017899 
1.035e-07      0.9002499899797727 
1.06e-07       0.9002501799268425 
1.085e-07      0.9002501692091797 
1.11e-07       0.9002516078633609 
1.135e-07      0.9002511638574068 
1.16e-07       0.9002505628392019 
1.185e-07      0.9002501332814986 
1.21e-07       0.9002493769336026 
1.235e-07      0.9002489854246881 
1.26e-07       0.9002494982762484 
1.285e-07      0.9002482207121365 
1.31e-07       0.9002483215276037 
1.335e-07      0.9002442967196622 
1.36e-07       0.9002421799074531 
1.385e-07      0.9002396969348294 
1.41e-07       0.9002392025854562 
1.435e-07      0.9002392241324844 
1.46e-07       0.9002522742843807 
1.485e-07      0.9002756385457436 
1.51e-07       0.9003065418507482 
1.535e-07      0.900624524249492 
1.56e-07       0.8999869739620004 
1.585e-07      0.899083349442257 
1.61e-07       0.8991219272188612 
1.635e-07      0.8991431503448132 
1.66e-07       0.8991621719329946 
1.685e-07      0.8991652787033072 
1.71e-07       0.8991661670644301 
1.735e-07      0.8991611577721352 
1.76e-07       0.8991482619919997 
1.785e-07      0.8991284239631933 
1.81e-07       0.8991013795765855 
1.835e-07      0.8990610344480177 
1.86e-07       0.0003580758118513514 
1.885e-07      0.000931669021424887 
1.91e-07       0.0009291893134060576 
1.935e-07      0.0009209238320668521 
1.96e-07       0.000914014361301832 
1.985e-07      0.0009044860427368766 
2.01e-07       0.0009073042568705782 
2.035e-07      0.0009140599164419782 
2.06e-07       0.0009338212467480424 
2.085e-07      0.0009882022748022596 
2.11e-07       0.001301650608959278 
2.135e-07      -0.001862202621311495 
2.16e-07       -0.00134361355655176 
2.185e-07      -0.001186500674791977 
2.21e-07       -0.001087916778800966 
2.235e-07      -0.001019333048724632 
2.26e-07       -0.0009708581948868814 
2.285e-07      -0.0009293640095342698 
2.31e-07       -0.0008974075116273425 
2.335e-07      -0.0008722080287839985 
2.36e-07       -0.0008573538569426917 
2.385e-07      -0.0008508358365347524 
2.41e-07       -0.0008469959760742407 
2.435e-07      -0.0008425056903715629 
2.46e-07       -0.0008388570635549465 
2.485e-07      -0.0008367194728242176 
2.51e-07       -0.0008288177148209294 
2.535e-07      -0.0008188941229831192 
2.56e-07       -0.0008112915711290693 
2.585e-07      -0.0008140423735858002 
2.61e-07       -0.0008231805487392422 
2.635e-07      -0.0008290236040889774 
2.66e-07       -0.0008224903681600716 
2.685e-07      -0.0008329679529737158 
2.71e-07       -0.0008328465261649937 
2.735e-07      -0.0008318729742851519 
2.76e-07       -0.0008198888374603307 
2.785e-07      -0.0008203993232504205 
2.81e-07       -0.0008335947104508425 
2.835e-07      -0.0008222703108935965 
2.86e-07       -0.0008217266435743034 
2.885e-07      -0.0008185159126778528 
2.91e-07       -0.0008116201220089825 
2.935e-07      -0.0008124392681480966 
2.96e-07       -0.000816433485686907 
2.985e-07      -0.0008266840726245704 
3.01e-07       -0.000834427224371049 
3.035e-07      -0.0008386247541066285 
3.06e-07       -0.0008406552012632918 
3.085e-07      -0.0008483762452888675 
3.11e-07       -0.0008541314409634987 
3.135e-07      -0.000856728730519526 
3.16e-07       -0.0008689342232789181 
3.185e-07      -0.000891089107370872 
3.21e-07       -0.0009214891891762537 
3.235e-07      -0.0009591586443266529 
3.26e-07       -0.001007307155894522 
3.285e-07      -0.00107140709168861 
3.31e-07       -0.001159277014104385 
3.335e-07      -0.001292155648253703 
3.36e-07       -0.001499188140443502 
3.385e-07      -0.0002391606081484405 
3.41e-07       0.001035792170250482 
3.435e-07      0.0009461614358648344 
3.46e-07       0.0009203503414762819 
3.485e-07      0.0009109711442615204 
3.51e-07       0.0009064397084821939 
3.535e-07      0.0009121452425246916 
3.56e-07       0.0009187674336591183 
3.585e-07      0.0009273374422309401 
3.61e-07       0.0009345024854563908 
3.635e-07      0.0009352694111593077 
3.66e-07       0.0009029842244724084 
3.685e-07      0.8993079190132749 
3.71e-07       0.8991207446772573 
3.735e-07      0.8991457276021978 
3.76e-07       0.8991643262668653 
3.785e-07      0.8991709307832796 
3.81e-07       0.8991666795203814 
3.835e-07      0.8991599582484121 
3.86e-07       0.8991521363268205 
3.885e-07      0.8991283111041383 
3.91e-07       0.8990977180845927 
3.935e-07      0.8990462061462673 
3.96e-07       0.8995570751504552 
3.985e-07      0.900329722345409 
4.01e-07       0.9002839461363621 
4.035e-07      0.9002600479979114 
4.06e-07       0.9002390760574961 
4.085e-07      0.9002410482921035 
4.11e-07       0.9002376317709463 
4.135e-07      0.9002416519262495 
4.16e-07       0.9002436806343402 
4.185e-07      0.9002466706468457 
4.21e-07       0.9002492352362346 
4.235e-07      0.9002487145030001 
4.26e-07       0.9002488480777369 
4.285e-07      0.9002493462802864 
4.31e-07       0.9002491782074034 
4.335e-07      0.9002501494795587 
4.36e-07       0.9002507045835927 
4.385e-07      0.9002512105823395 
4.41e-07       0.9002514556659789 
4.435e-07      0.9002518119861275 
4.46e-07       0.9002498790708463 
4.485e-07      0.9002500507329131 
4.51e-07       0.9002494659821586 
4.535e-07      0.9002492657822766 
4.56e-07       0.9002491618551521 
4.585e-07      0.9002496299142622 
4.61e-07       0.900249226421645 
4.635e-07      0.9002494045064467 
4.66e-07       0.9002500743963626 
4.685e-07      0.9002498844634738 
4.71e-07       0.9002500779073384 
4.735e-07      0.9002499056400819 
4.76e-07       0.9002515075232456 
4.785000000000001e-07 0.9002513044842624 
4.81e-07       0.9002507586233888 
4.835e-07      0.9002498292035225 
4.86e-07       0.9002495444519012 
4.885000000000001e-07 0.9002484260210347 
4.91e-07       0.9002490110547057 
4.935e-07      0.9002486052101708 
4.96e-07       0.9002489608796723 
4.985000000000001e-07 0.9002450140550314 
5.010000000000001e-07 0.9002424072851879 
5.035e-07      0.9002398504089182 
5.060000000000001e-07 0.9002388594225245 
5.085000000000001e-07 0.9002398780014477 
5.110000000000001e-07 0.9002466376339942 
5.135e-07      0.9002677773092798 
5.16e-07       0.900293453320626 
5.185000000000001e-07 0.9004410687259164 
5.210000000000001e-07 0.900229259464519 
5.235e-07      0.899427614789619 
5.26e-07       0.8991132198668508 
5.285000000000001e-07 0.8991372910762894 
5.310000000000001e-07 0.8991587846684502 
5.335000000000001e-07 0.8991680231652556 
5.36e-07       0.8991664454550083 
5.385e-07      0.8991631975976025 
5.410000000000001e-07 0.8991527252145072 
5.435000000000001e-07 0.8991394635825709 
5.46e-07       0.8991150563101364 
5.485e-07      0.8990774844872264 
5.510000000000001e-07 0.0003803315317422705 
5.535000000000001e-07 0.0009314021868268197 
5.560000000000001e-07 0.000927759147752222 
5.585e-07      0.0009210938762545104 
5.61e-07       0.0009154518258941955 
5.635000000000001e-07 0.0009084790595934047 
5.660000000000001e-07 0.0009042255219741558 
5.685e-07      0.0009072274517503386 
5.71e-07       0.0009261300518926809 
5.735000000000001e-07 0.0009683628301995841 
5.760000000000001e-07 0.001132290399558328 
5.785000000000001e-07 -6.801282368046891e-05 
5.81e-07       -0.001402295734182666 
5.835000000000001e-07 -0.001223056908500614 
5.860000000000001e-07 -0.001111414573942033 
5.885000000000001e-07 -0.001037443066290185 
5.91e-07       -0.000982532455457224 
5.935e-07      -0.0009395554826089717 
5.960000000000001e-07 -0.0009056716085217183 
5.985000000000001e-07 -0.0008792733442790635 
6.01e-07       -0.0008593876106296585 
6.035e-07      -0.0008516085751689253 
6.060000000000001e-07 -0.0008489861906012377 
6.085000000000001e-07 -0.0008446830894372512 
6.110000000000001e-07 -0.0008388941690989699 
6.135e-07      -0.000836447621456209 
6.16e-07       -0.0008315654222511543 
6.185000000000001e-07 -0.0008218035351571933 
6.210000000000001e-07 -0.0008135986110288778 
6.235e-07      -0.0008126502146536969 
6.26e-07       -0.0008207357384341953 
6.285000000000001e-07 -0.0008203267320400769 
6.310000000000001e-07 -0.0008222727937886378 
6.335000000000001e-07 -0.0008217969277922611 
6.36e-07       -0.0008208491613775998 
6.385000000000001e-07 -0.0008201521311140948 
6.410000000000001e-07 -0.0008316999172863976 
6.435000000000001e-07 -0.0008202603884442444 
6.46e-07       -0.0008328421336942038 
6.485e-07      -0.0008323251890312898 
6.510000000000001e-07 -0.0008222486101812036 
6.535000000000001e-07 -0.0008197348742174652 
6.560000000000001e-07 -0.0008141148538580783 
6.585e-07      -0.0008126736683632762 
6.610000000000001e-07 -0.0008145705354603475 
6.635000000000001e-07 -0.0008237893941241512 
6.660000000000001e-07 -0.0008329249990473731 
6.685e-07      -0.0008379155355341662 
6.71e-07       -0.000840363898845479 
6.735000000000001e-07 -0.0008464820152935943 
6.760000000000001e-07 -0.0008522890585022997 
6.785e-07      -0.0008552669405626789 
6.81e-07       -0.0008634771427915337 
6.835000000000001e-07 -0.0008845436557045587 
6.860000000000001e-07 -0.0009118295620315463 
6.885000000000001e-07 -0.0009473481209449826 
6.91e-07       -0.0009912575434523339 
6.935e-07      -0.001052219924772593 
6.960000000000001e-07 -0.001129402317482564 
6.985000000000001e-07 -0.00124699008043874 
7.01e-07       -0.001427850238151664 
7.035e-07      -0.001490781853300573 
7.060000000000001e-07 0.0006338152000585178 
7.085000000000001e-07 0.0009631371852536076 
7.110000000000001e-07 0.0009265409068490068 
7.135e-07      0.0009122106761666302 
7.160000000000001e-07 0.0009062346547523251 
7.185000000000001e-07 0.0009104751979837169 
7.210000000000001e-07 0.000916785930248803 
7.235e-07      0.0009244933810689202 
7.26e-07       0.0009346468152482438 
7.285000000000001e-07 0.0009356550515290409 
7.310000000000001e-07 0.0009157693455497292 
7.335e-07      0.8999753720008183 
7.36e-07       0.8991134099342154 
7.385000000000001e-07 0.8991392337072508 
7.410000000000001e-07 0.8991569740105826 
7.435000000000001e-07 0.899169534717145 
7.46e-07       0.8991674401357926 
7.485e-07      0.8991674456504682 
7.510000000000001e-07 0.8991565510268406 
7.535000000000001e-07 0.899134606408859 
7.56e-07       0.8991076050768222 
7.585e-07      0.8990601989169764 
7.610000000000001e-07 0.8992048485887785 
7.635000000000001e-07 0.9001790235851165 
7.660000000000001e-07 0.900290540208718 
7.685e-07      0.9002649960100627 
7.710000000000001e-07 0.9002413453389747 
7.735000000000001e-07 0.9002411891744503 
7.760000000000001e-07 0.9002362438518615 
7.785e-07      0.9002404333288571 
7.81e-07       0.9002430459264986 
7.835000000000001e-07 0.9002450603860065 
7.860000000000001e-07 0.9002489505038168 
7.885000000000001e-07 0.9002492122648412 
7.91e-07       0.9002489509650167 
7.935000000000001e-07 0.9002492559667479 
7.960000000000001e-07 0.9002497734501386 
7.985000000000001e-07 0.9002501858124362 
8.01e-07       0.9002505260547311 
8.035e-07      0.900251094477718 
8.060000000000001e-07 0.900251239850838 
8.085000000000001e-07 0.9002517765797373 
8.11e-07       0.900249909673003 
8.135e-07      0.9002500703219579 
8.160000000000001e-07 0.9002495158172549 
8.185000000000001e-07 0.9002493065594487 
8.210000000000001e-07 0.9002491808989239 
8.235e-07      0.9002491365568315 
8.26e-07       0.9002491946215577 
8.285000000000001e-07 0.9002498147868144 
8.310000000000001e-07 0.9002500028999172 
8.335e-07      0.9002498094000544 
8.36e-07       0.9002500512347418 
8.385000000000001e-07 0.9002501301788433 
8.410000000000001e-07 0.9002500013773999 
8.435000000000001e-07 0.9002513971317249 
8.46e-07       0.9002508932574002 
8.485000000000001e-07 0.9002502377744473 
8.510000000000001e-07 0.9002501526200692 
8.535000000000001e-07 0.9002492015941329 
8.56e-07       0.9002485841454698 
8.585e-07      0.9002491105766154 
8.610000000000001e-07 0.9002493844585407 
8.635000000000001e-07 0.9002461759444929 
8.660000000000001e-07 0.9002431463151251 
8.685e-07      0.9002412406049081 
8.710000000000001e-07 0.9002373796480849 
8.735000000000001e-07 0.9002398590659716 
8.760000000000001e-07 0.9002427838431065 
8.785e-07      0.9002622595150784 
8.81e-07       0.90028620136868 
8.835000000000001e-07 0.9003488541865927 
8.860000000000001e-07 0.900401271760934 
8.885e-07      0.8995351436443023 
8.91e-07       0.8991024557047322 
8.935000000000001e-07 0.8991328606042533 
8.960000000000001e-07 0.8991547813456591 
8.985000000000001e-07 0.8991616853586342 
9.01e-07       0.899166032124156 
9.035000000000001e-07 0.8991648224563811 
9.060000000000001e-07 0.8991572224708931 
9.085000000000001e-07 0.8991407972722805 
9.11e-07       0.8991181310472012 
9.135e-07      0.8990909887903324 
9.160000000000001e-07 0.8992902385865533 
9.185000000000001e-07 0.0004671358036010789 
9.210000000000001e-07 0.0009285759703576343 
9.235e-07      0.0009256195322052308 
9.260000000000001e-07 0.0009175120473957114 
9.285000000000001e-07 0.0009122042718989193 
9.310000000000001e-07 0.0009072329838687135 
9.335e-07      0.0009087743139811947 
9.36e-07       0.0009208241049809146 
9.385000000000001e-07 0.0009505334435972064 
9.410000000000001e-07 0.001052112738893966 
9.435000000000001e-07 0.001496775255272437 
9.46e-07       -0.002141471810051034 
9.485000000000001e-07 -0.001269769389734052 
9.510000000000001e-07 -0.001141373424258842 
9.535000000000001e-07 -0.001045033646040468 
9.56e-07       -0.0009836280459518531 
9.585e-07      -0.0009516986201980699 
9.61e-07       -0.0009144398135650549 
9.635e-07      -0.0008869497547070259 
9.659999999999999e-07 -0.000865236692607178 
9.684999999999999e-07 -0.0008529275450377894 
9.710000000000001e-07 -0.0008507450288669382 
9.735000000000001e-07 -0.0008467182924624091 
9.760000000000001e-07 -0.0008403188262325159 
9.785e-07      -0.0008378366579300456 
9.81e-07       -0.0008336777244812613 
9.835e-07      -0.0008250051456362384 
9.860000000000002e-07 -0.0008150575192243281 
9.885000000000001e-07 -0.0008122213465377561 
9.910000000000001e-07 -0.0008178872615883852 
9.935000000000001e-07 -0.0008258465466235368 
9.960000000000001e-07 -0.0008219024584130606 
9.985000000000001e-07 -0.0008219798577311024 
1.001e-06      -0.0008210942111080568 
1.0035e-06     -0.0008203747812058438 
1.006e-06      -0.0008323138636439736 
1.0085e-06     -0.0008323904749657339 
1.011e-06      -0.0008207550411297753 
1.0135e-06     -0.0008217739977736453 
1.016e-06      -0.0008226122222684202 
1.0185e-06     -0.0008207324596720459 
1.021e-06      -0.0008160472166426756 
1.0235e-06     -0.0008075978211682775 
1.026e-06      -0.0008136895076741062 
1.0285e-06     -0.0008203939575705753 
1.031e-06      -0.0008308521177516215 
1.0335e-06     -0.0008369878209862046 
1.036e-06      -0.000838712909398175 
1.0385e-06     -0.0008444212343940407 
1.041e-06      -0.0008500490700534731 
1.0435e-06     -0.0008541067314659526 
1.046e-06      -0.0008588133577030488 
1.0485e-06     -0.0008774228682202342 
1.051e-06      -0.0009031213426309127 
1.0535e-06     -0.0009359294810684446 
1.056e-06      -0.0009778116926301935 
1.0585e-06     -0.0010328683822667 
1.061e-06      -0.001102570910083888 
1.0635e-06     -0.001208077365149726 
1.066e-06      -0.001368052081613975 
1.0685e-06     -0.001605387975941644 
1.071e-06      0.0007982195464566679 
1.0735e-06     0.0009823945577961167 
1.076e-06      0.0009335950147600133 
1.0785e-06     0.0009151335044206495 
1.081e-06      0.0009097466771732662 
1.0835e-06     0.0009088479102080665 
1.086e-06      0.0009147878404225968 
1.0885e-06     0.0009223946724520498 
1.091e-06      0.0009297328678841406 
1.0935e-06     0.00093568405110598 
1.096e-06      0.0009268723817552033 
1.0985e-06     0.0009236957536837379 
1.101e-06      0.8992253808835684 
1.1035e-06     0.8991307344599115 
1.106e-06      0.8991528771862727 
1.1085e-06     0.8991631673553377 
1.111e-06      0.8991675911528583 
1.1135e-06     0.8991646486567868 
1.116e-06      0.8991602408719128 
1.1185e-06     0.899140668656642 
1.121e-06      0.8991174942719472 
1.1235e-06     0.8990772288122755 
1.126e-06      0.899151695988965 
1.1285e-06     0.900199130869767 
1.131e-06      0.9003001625138305 
1.1335e-06     0.9002721265525085 
1.136e-06      0.9002456684010539 
1.1385e-06     0.9002395865261542 
1.141e-06      0.9002383857517636 
1.1435e-06     0.9002396016938046 
1.146e-06      0.9002423628962761 
1.1485e-06     0.900244068702857 
1.151e-06      0.9002481630697061 
1.1535e-06     0.9002481776734864 
1.156e-06      0.9002489100603381 
1.1585e-06     0.9002486268148316 
1.161e-06      0.9002495438233884 
1.1635e-06     0.900249303752527 
1.166e-06      0.9002504376704297 
1.1685e-06     0.9002509702918277 
1.171e-06      0.9002514291458834 
1.1735e-06     0.9002517198521534 
1.176e-06      0.9002518123501997 
1.1785e-06     0.9002498115287569 
1.181e-06      0.9002495718955089 
1.1835e-06     0.9002493598703136 
1.186e-06      0.900249199175734 
1.1885e-06     0.9002491380867921 
1.191e-06      0.9002496748368175 
1.1935e-06     0.9002497780430984 
1.196e-06      0.9002494956722864 
1.1985e-06     0.9002497429609252 
1.201e-06      0.9002500001808975 
1.2035e-06     0.9002501369137998 
1.206e-06      0.9002501578773883 
1.2085e-06     0.9002516034883908 
1.211e-06      0.9002509806543012 
1.2135e-06     0.9002505266611662 
1.216e-06      0.9002501025716269 
1.2185e-06     0.9002494068827771 
1.221e-06      0.9002488686838457 
1.2235e-06     0.9002487278208108 
1.226e-06      0.9002479055292223 
1.2285e-06     0.9002475669414294 
1.231e-06      0.9002451325459694 
1.2335e-06     0.9002418164457221 
1.236e-06      0.900238887492172 
1.2385e-06     0.9002396076927152 
1.241e-06      0.9002394490629069 
1.2435e-06     0.9002548598632453 
1.246e-06      0.9002799149479332 
1.2485e-06     0.9003154620810162 
1.251e-06      0.9006811861847732 
1.2535e-06     0.8997987053686414 
1.256e-06      0.8990906796206228 
1.2585e-06     0.8991252498234195 
1.261e-06      0.8991452175655352 
1.2635e-06     0.8991635714323766 
1.266e-06      0.899165094860365 
1.2685e-06     0.8991656891369479 
1.271e-06      0.8991598273838981 
1.2735e-06     0.8991504338382914 
1.276e-06      0.8991250033710492 
1.2785e-06     0.8990968562128675 
1.281e-06      0.8990496149904806 
1.2835e-06     0.0004176564917179297 
1.286e-06      0.0009316608454132152 
1.2885e-06     0.0009280152853708719 
1.291e-06      0.0009172623365629798 
1.2935e-06     0.0009146595740480378 
1.296e-06      0.0009068519839948657 
1.2985e-06     0.0009044092436461203 
1.301e-06      0.0009175171926213434 
1.3035e-06     0.0009383146964900275 
1.306e-06      0.00100506415609 
1.3085e-06     0.001424337930806692 
1.311e-06      -0.002036302765065369 
1.3135e-06     -0.001317308652410529 
1.316e-06      -0.00117039341484278 
1.3185e-06     -0.00107724170663418 
1.321e-06      -0.0009984607946020218 
1.3235e-06     -0.0009628255170454302 
1.326e-06      -0.0009242159699476394 
1.3285e-06     -0.0008932692843661313 
1.331e-06      -0.0008686096844364986 
1.3335e-06     -0.0008558789655259886 
1.336e-06      -0.0008503901745406875 
1.3385e-06     -0.0008473100186213169 
1.341e-06      -0.0008407683650373376 
1.3435e-06     -0.0008383258086694822 
1.346e-06      -0.0008355956996009824 
1.3485e-06     -0.0008277165069957499 
1.351e-06      -0.0008175299103309138 
1.3535e-06     -0.0008112376574226389 
1.356e-06      -0.0008153329846522292 
1.3585e-06     -0.0008243094475369812 
1.361e-06      -0.0008211928418982631 
1.3635e-06     -0.000822260293212306 
1.366e-06      -0.0008213416451510013 
1.3685e-06     -0.0008204672239330824 
1.371e-06      -0.0008199388432833488 
1.3735e-06     -0.0008199399947173303 
1.376e-06      -0.0008324883335444441 
1.3785e-06     -0.0008335141225923015 
1.381e-06      -0.0008224207590236291 
1.3835e-06     -0.0008215321367717707 
1.386e-06      -0.0008178423078962835 
1.3885e-06     -0.0008106566791090834 
1.391e-06      -0.0008122700035986591 
1.3935e-06     -0.0008181277296925965 
1.396e-06      -0.0008281283153213756 
1.3985e-06     -0.0008362049348025135 
1.401e-06      -0.0008390518234457343 
1.4035e-06     -0.0008421372787044203 
1.406e-06      -0.0008489082329249659 
1.4085e-06     -0.0008526786892133289 
1.411e-06      -0.0008565735801434969 
1.4135e-06     -0.0008701308997833892 
1.416e-06      -0.0008950309583541413 
1.4185e-06     -0.0009260060730249101 
1.421e-06      -0.0009661470708438116 
1.4235e-06     -0.001016299533304335 
1.426e-06      -0.001082188281001056 
1.4285e-06     -0.001174109781685464 
1.431e-06      -0.001314177254355439 
1.4335e-06     -0.001536075218447493 
1.436e-06      0.0004201633572445527 
1.4385e-06     0.001014357383230123 
1.441e-06      0.0009415873826784236 
1.4435e-06     0.0009188129787114999 
1.446e-06      0.0009102472894567592 
1.4485e-06     0.0009093399342783033 
1.451e-06      0.0009133695418578008 
1.4535e-06     0.0009198351108989389 
1.456e-06      0.0009285374143725904 
1.4585e-06     0.0009352663073314523 
1.461e-06      0.0009340311056539352 
1.4635e-06     0.0008967110610558188 
1.466e-06      0.899266887939455 
1.4685e-06     0.8991241015678221 
1.471e-06      0.8991527210856993 
1.4735e-06     0.8991612169111294 
1.476e-06      0.8991713316237221 
1.4785e-06     0.8991709368808968 
1.481e-06      0.8991586217377874 
1.4835e-06     0.8991496817200963 
1.486e-06      0.8991248057408986 
1.4885e-06     0.8990911990068757 
1.491e-06      0.899058040553704 
1.4935e-06     0.8997704989869196 
1.496e-06      0.9003172759788195 
1.4985e-06     0.900280872823831 
1.501e-06      0.9002569512582728 
1.5035e-06     0.9002392378352168 
1.506e-06      0.9002388924874288 
1.5085e-06     0.9002382727984853 
1.511e-06      0.9002419933905943 
1.5135e-06     0.9002452910461309 
1.516e-06      0.9002467025155992 
1.5185e-06     0.900247673024862 
1.521e-06      0.9002487871350143 
1.5235e-06     0.9002490978833249 
1.526e-06      0.900249429056528 
1.5285e-06     0.9002491786445117 
1.531e-06      0.9002502739946697 
1.5335e-06     0.9002507681848552 
1.536e-06      0.9002510730669883 
1.5385e-06     0.9002515362600537 
1.541e-06      0.9002518239269539 
1.5435e-06     0.9002498573558262 
1.546e-06      0.9002496507035611 
1.5485e-06     0.9002494301931597 
1.551e-06      0.9002492385080854 
1.5535e-06     0.9002491531025959 
1.556e-06      0.9002491496333319 
1.5585e-06     0.9002492458680248 
1.561e-06      0.9002494348987752 
1.5635e-06     0.9002496783268604 
1.566e-06      0.9002498972601987 
1.5685e-06     0.900250102143993 
1.571e-06      0.9002501088600359 
1.5735e-06     0.9002514384198244 
1.576e-06      0.9002511681858738 
1.5785e-06     0.9002506814052154 
1.581e-06      0.9002496088137558 
1.5835e-06     0.9002494383760358 
1.586e-06      0.9002490247793808 
1.5885e-06     0.9002483361085605 
1.591e-06      0.9002484086931853 
1.5935e-06     0.9002486010450363 
1.596e-06      0.9002445461963541 
1.5985e-06     0.9002422206533124 
1.601e-06      0.9002393373954629 
1.6035e-06     0.9002391035295045 
1.606e-06      0.9002395934878851 
1.6085e-06     0.9002494471234167 
1.611e-06      0.9002712363068865 
1.6135e-06     0.900298454309904 
1.616e-06      0.9005183507582946 
1.6185e-06     0.9000859914900008 
1.621e-06      0.8990752755391391 
1.6235e-06     0.8991178625937111 
1.626e-06      0.8991404712797771 
1.6285e-06     0.8991559222085007 
1.631e-06      0.8991647800865171 
1.6335e-06     0.8991665362487632 
1.636e-06      0.8991622890840366 
1.6385e-06     0.8991504065507059 
1.641e-06      0.8991362431149744 
1.6435e-06     0.8991064789353315 
1.646e-06      0.8990696737485423 
1.6485e-06     0.0003325223145330801 
1.651e-06      0.0009318586868781169 
1.6535e-06     0.0009299979648407991 
1.656e-06      0.0009178845736269996 
1.6585e-06     0.000913948730222468 
1.661e-06      0.0009077437332327495 
1.6635e-06     0.0009042241846193923 
1.666e-06      0.0009125123670513842 
1.6685e-06     0.0009300938897445121 
1.671e-06      0.0009776782472287406 
1.6735e-06     0.001189693745919829 
1.676e-06      -0.001426584542613016 
1.6785e-06     -0.001371702065553341 
1.681e-06      -0.001204077323044662 
1.6835e-06     -0.00109963544582869 
1.686e-06      -0.001016621747066536 
1.6885e-06     -0.0009748714437874319 
1.691e-06      -0.0009350888241477531 
1.6935e-06     -0.0009013127701159512 
1.696e-06      -0.0008750618640723177 
1.6985e-06     -0.0008578229504153435 
1.701e-06      -0.000850696615413258 
1.7035e-06     -0.0008484532449680464 
1.706e-06      -0.0008436015046186806 
1.7085e-06     -0.0008385914690039152 
1.711e-06      -0.0008368591254065708 
1.7135e-06     -0.0008301979937102769 
1.716e-06      -0.0008204395638072525 
1.7185e-06     -0.0008133022186488367 
1.721e-06      -0.0008133914529307645 
1.7235e-06     -0.0008216320906703578 
1.726e-06      -0.0008203320066020653 
1.7285e-06     -0.0008224610346661596 
1.731e-06      -0.0008216447917761674 
1.7335e-06     -0.0008207028055882617 
1.736e-06      -0.0008200652979935308 
1.7385e-06     -0.0008323245349142563 
1.741e-06      -0.0008316898166794849 
1.7435e-06     -0.000833688926151515 
1.746e-06      -0.0008221253458914621 
1.7485e-06     -0.0008220106565577348 
1.751e-06      -0.0008191509052464975 
1.7535e-06     -0.0008129009553506457 
1.756e-06      -0.0008120979438052052 
1.7585e-06     -0.0008153662690783002 
1.761e-06      -0.0008258338166507128 
1.7635e-06     -0.0008336776177946027 
1.766e-06      -0.0008382905475844559 
1.7685e-06     -0.0008410439367952628 
1.771e-06      -0.0008474496121362473 
1.7735e-06     -0.0008528969709309266 
1.776e-06      -0.0008558363700727177 
1.7785e-06     -0.0008662117465003908 
1.781e-06      -0.0008875308612793591 
1.7835e-06     -0.0009165457421070913 
1.786e-06      -0.0009531629272266558 
1.7885e-06     -0.0009996701809464935 
1.791e-06      -0.001062294621889946 
1.7935e-06     -0.001143500101425692 
1.796e-06      -0.001269153467707343 
1.7985e-06     -0.001461335512487087 
1.801e-06      -0.001525205474846398 
1.8035e-06     0.0006003965831678885 
1.806e-06      0.0009520195477971697 
1.8085e-06     0.0009223312442163098 
1.811e-06      0.0009080661077143833 
1.8135e-06     0.000906111555554011 
1.816e-06      0.0009109469470470967 
1.8185e-06     0.0009177981080825879 
1.821e-06      0.0009266345264868433 
1.8235e-06     0.0009324053134215336 
1.826e-06      0.0009353244433800385 
1.8285e-06     0.0009099489091214477 
1.831e-06      0.8994201498527574 
1.8335e-06     0.8991172292741616 
1.836e-06      0.8991419011892385 
1.8385e-06     0.8991627451652461 
1.841e-06      0.8991657411888148 
1.8435e-06     0.8991673322228707 
1.846e-06      0.8991616553858923 
1.8485e-06     0.899149392656971 
1.851e-06      0.899131500898544 
1.8535e-06     0.8991029665849251 
1.856e-06      0.8990534203866262 
1.8585e-06     0.8991216238429276 
1.861e-06      0.9001181764289504 
1.8635e-06     0.9002869599459707 
1.866e-06      0.9002626812363699 
1.8685e-06     0.9002394398739336 
1.871e-06      0.9002409919738755 
1.8735e-06     0.9002369775850679 
1.876e-06      0.9002412894839911 
1.8785e-06     0.9002431836877711 
1.881e-06      0.9002456414777129 
1.8835e-06     0.9002475373246125 
1.886e-06      0.9002490554609965 
1.8885e-06     0.9002486596091308 
1.891e-06      0.9002495252429733 
1.8935e-06     0.9002491303493214 
1.896e-06      0.9002499915841993 
1.8985e-06     0.9002506123977791 
1.901e-06      0.9002511509207637 
1.9035e-06     0.9002513645525436 
1.906e-06      0.9002517894895732 
1.9085e-06     0.9002498966455384 
1.911e-06      0.9002496691447422 
1.9135e-06     0.900249485483067 
1.916e-06      0.9002492813492695 
1.9185e-06     0.9002491702132945 
1.921e-06      0.9002496483089838 
1.9235e-06     0.9002492078302264 
1.926e-06      0.9002498430155713 
1.9285e-06     0.9002500302355042 
1.931e-06      0.9002498440320608 
1.9335e-06     0.900250072224232 
1.936e-06      0.900250140045576 
1.9385e-06     0.9002517863630605 
1.941e-06      0.900251358411489 
1.9435e-06     0.9002507916123688 
1.946e-06      0.9002502217999384 
1.9485e-06     0.9002500840901149 
1.951e-06      0.900249142195478 
1.9535e-06     0.9002486079141521 
1.956e-06      0.9002488784066998 
1.9585e-06     0.9002492385450506 
1.961e-06      0.9002455582620659 
1.9635e-06     0.9002427750088329 
1.966e-06      0.9002408350385341 
1.9685e-06     0.9002367533103152 
1.971e-06      0.9002400744426214 
1.9735e-06     0.9002448021259434 
1.976e-06      0.9002644993702958 
1.9785e-06     0.9002894559975771 
1.981e-06      0.9003760861068452 
1.9835e-06     0.9002669868199199 
1.986e-06      0.8994662365560417 
1.9885e-06     0.8991074704554652 
1.991e-06      0.8991358714777132 
1.9935e-06     0.8991518517745791 
1.996e-06      0.8991669794942838 
1.9985e-06     0.899166097240628 
2.001e-06      0.8991638666051043 
2.0035e-06     0.8991555003648046 
2.006e-06      0.899137952395873 
2.0085e-06     0.8991185711261801 
2.011e-06      0.8990836837381664 
2.0135e-06     0.0007942343826412398 
2.016e-06      0.0009316837776167276 
2.0185e-06     0.0009287167386660899 
2.021e-06      0.0009245465530503673 
2.0235e-06     0.0009164681351888506 
2.026e-06      0.0009115390101761651 
2.0285e-06     0.0009071736487027601 
2.031e-06      0.0009074038552604593 
2.0335e-06     0.0009228180939076235 
2.036e-06      0.0009583387451116082 
2.0385e-06     0.001085805971382348 
2.041e-06      0.001021375508252427 
2.0435e-06     -0.002168736863787893 
2.046e-06      -0.001247307793927985 
2.0485e-06     -0.001126442499791109 
2.051e-06      -0.001047585433380257 
2.0535e-06     -0.0009758313935980678 
2.056e-06      -0.0009455417223794787 
2.0585e-06     -0.0009098989815534375 
2.061e-06      -0.0008827819942808621 
2.0635e-06     -0.0008624356705372717 
2.066e-06      -0.0008523389014894875 
2.0685e-06     -0.000849624086666086 
2.071e-06      -0.0008458753002025883 
2.0735e-06     -0.0008397108294721575 
2.076e-06      -0.0008375314690596861 
2.0785e-06     -0.000832950366323276 
2.081e-06      -0.0008232761973288083 
2.0835e-06     -0.0008128157671454687 
2.086e-06      -0.0008120406415782782 
2.0885e-06     -0.0008191413432389774 
2.091e-06      -0.0008272220351139748 
2.0935e-06     -0.0008221342361291221 
2.096e-06      -0.0008219440641661288 
2.0985e-06     -0.0008209588055741364 
2.101e-06      -0.0008202592971892606 
2.1035e-06     -0.000832313454965537 
2.106e-06      -0.0008316046860129332 
2.1085e-06     -0.0008336262774004386 
2.111e-06      -0.0008219334064371722 
2.1135e-06     -0.0008224027118909795 
2.116e-06      -0.0008202600228839495 
2.1185e-06     -0.0008153323172188692 
2.121e-06      -0.0008064831357762284 
2.1235e-06     -0.0008141091177591298 
2.126e-06      -0.0008219629873750402 
2.1285e-06     -0.0008321895538590814 
2.131e-06      -0.0008375879973715274 
2.1335e-06     -0.000838771137627482 
2.136e-06      -0.0008455483228235454 
2.1385e-06     -0.0008516966147402384 
2.141e-06      -0.0008548364315207975 
2.1435e-06     -0.0008603373378055439 
2.146e-06      -0.0008808438919600593 
2.1485e-06     -0.0009075212223212078 
2.151e-06      -0.0009419308096658457 
2.1535e-06     -0.0009861187454651621 
2.156e-06      -0.00104184205961205 
2.1585e-06     -0.001114726493555269 
2.161e-06      -0.00122695046778833 
2.1635e-06     -0.001397582651655052 
2.166e-06      -0.00160663054174802 
2.1685e-06     0.0007072853773450742 
2.171e-06      0.0009727821039572704 
2.1735e-06     0.0009295498908381088 
2.176e-06      0.0009099941171156154 
2.1785e-06     0.0009067649694230951 
2.181e-06      0.000909455304187702 
2.1835e-06     0.0009158553313595088 
2.186e-06      0.0009232500088244296 
2.1885e-06     0.0009317810531152894 
2.191e-06      0.0009360321670604147 
2.1935e-06     0.0009221023503948789 
2.196e-06      0.001378128131213387 
2.1985e-06     0.8992058480365298 
2.201e-06      0.8991340028566482 
2.2035e-06     0.8991548525678692 
2.206e-06      0.8991641608658819 
2.2085e-06     0.8991675662574015 
2.211e-06      0.899163872049291 
2.2135e-06     0.8991536548146348 
2.216e-06      0.8991375776869741 
2.2185e-06     0.8991129008688277 
2.221e-06      0.8990687071699399 
2.2235e-06     0.8992608584329697 
2.226e-06      0.9002306272383575 
2.2285e-06     0.900294783105984 
2.231e-06      0.9002681695892736 
2.2335e-06     0.9002434441486976 
2.236e-06      0.900241006206459 
2.2385e-06     0.9002380424008573 
2.241e-06      0.9002402132387894 
2.2435e-06     0.9002425708443784 
2.246e-06      0.9002444442161592 
2.2485e-06     0.9002485682219202 
2.251e-06      0.9002484861991985 
2.2535e-06     0.9002490412467689 
2.256e-06      0.9002491333851191 
2.2585e-06     0.9002492087632854 
2.261e-06      0.9002495988494993 
2.2635e-06     0.9002505201076542 
2.266e-06      0.9002509259685729 
2.2685e-06     0.900251470587919 
2.271e-06      0.900251751072773 
2.2735e-06     0.9002518131324041 
2.276e-06      0.9002497852114991 
2.2785e-06     0.9002495415827466 
2.281e-06      0.9002493316162081 
2.2835e-06     0.9002491936372938 
2.286e-06      0.9002497011937851 
2.2885e-06     0.9002491797691865 
2.291e-06      0.9002493166233414 
2.2935e-06     0.9002495273687309 
2.296e-06      0.9002497775684353 
2.2985e-06     0.9002500264646106 
2.301e-06      0.9002501480705531 
2.3035e-06     0.9002501280816135 
2.306e-06      0.9002514993029863 
2.3085e-06     0.9002508925698884 
2.311e-06      0.9002503996918269 
2.3135e-06     0.9002494243580522 
2.316e-06      0.9002495692161635 
2.3185e-06     0.9002487665735536 
2.321e-06      0.9002487038642605 
2.3235e-06     0.9002493379138202 
2.326e-06      0.9002472761380689 
2.3285e-06     0.9002435616014098 
2.331e-06      0.9002414976714551 
2.3335e-06     0.9002381122638901 
2.336e-06      0.9002398652393198 
2.3385e-06     0.9002408990649671 
2.341e-06      0.9002595237399543 
2.3435e-06     0.9002831253668554 
2.346e-06      0.9003274538755396 
2.3485e-06     0.9005995730195435 
2.351e-06      0.899625172723214 
2.3535e-06     0.8990965924308898 
2.356e-06      0.8991293332957145 
2.3585e-06     0.899147319811553 
2.361e-06      0.8991649154954228 
2.3635e-06     0.8991656989247158 
2.366e-06      0.8991654213774954 
2.3685e-06     0.8991583351441073 
2.371e-06      0.8991431912884896 
2.3735e-06     0.8991218287823818 
2.376e-06      0.8990919036787223 
2.3785e-06     0.8990349414901776 
2.381e-06      0.0004599971969728729 
2.3835e-06     0.0009295734147153279 
2.386e-06      0.0009266441764097999 
2.3885e-06     0.000918608071175387 
2.391e-06      0.0009106686917724532 
2.3935e-06     0.0009069837399604169 
2.396e-06      0.0009078697034195977 
2.3985e-06     0.0009195301903042941 
2.401e-06      0.000943530410044541 
2.4035e-06     0.001026626546672115 
2.406e-06      0.001575605534825199 
2.4085e-06     -0.002107848824982509 
2.411e-06      -0.001292866295278908 
2.4135e-06     -0.00115557966193296 
2.416e-06      -0.001054325529967808 
2.4185e-06     -0.0009910436764173482 
2.421e-06      -0.0009577233450052709 
2.4235e-06     -0.0009193622808935186 
2.426e-06      -0.0008894920324169108 
2.4285e-06     -0.0008678753821269886 
2.431e-06      -0.0008539610085705077 
2.4335e-06     -0.0008510319128867439 
2.436e-06      -0.0008457230649104985 
2.4385e-06     -0.0008402663374601051 
2.441e-06      -0.0008380774804538441 
2.4435e-06     -0.0008343706486345633 
2.446e-06      -0.0008264207292968743 
2.4485e-06     -0.0008164896145534759 
2.451e-06      -0.0008119321807415089 
2.4535e-06     -0.0008169486757823293 
2.456e-06      -0.0008248724685927195 
2.4585e-06     -0.0008216106094537341 
2.461e-06      -0.0008221207642344537 
2.4635e-06     -0.0008212339487745122 
2.466e-06      -0.0008203676588714338 
2.4685e-06     -0.0008198968463790525 
2.471e-06      -0.0008315820939651323 
2.4735e-06     -0.0008206277051284626 
2.476e-06      -0.0008216194436710827 
2.4785e-06     -0.0008226645661140344 
2.481e-06      -0.0008211801294210381 
2.4835e-06     -0.0008169604011608649 
2.486e-06      -0.0008087780705018849 
2.4885e-06     -0.0008124884687003904 
2.491e-06      -0.0008193941300255563 
2.4935e-06     -0.0008293975517270944 
2.496e-06      -0.0008363667757798576 
2.4985e-06     -0.0008395576654251786 
2.501e-06      -0.0008432588201508194 
2.5035e-06     -0.0008498692416217987 
2.506e-06      -0.0008536430695170112 
2.5085e-06     -0.0008569282519250491 
2.511e-06      -0.0008736513039687497 
2.5135e-06     -0.0008990323894099862 
2.516e-06      -0.0009306921910675921 
2.5185e-06     -0.00097273489446178 
2.521e-06      -0.0010234115407137 
2.5235e-06     -0.001092583120404431 
2.526e-06      -0.001191624867680192 
2.5285e-06     -0.001340101384519333 
2.531e-06      -0.001569412111236264 
2.5335e-06     0.0008436992049320327 
2.536e-06      0.0009933164652209834 
2.5385e-06     0.0009375607070862164 
2.541e-06      0.000916611726104324 
2.5435e-06     0.0009067428712730361 
2.546e-06      0.0009082550432877372 
2.5485e-06     0.00091410124661483 
2.551e-06      0.0009209612699363589 
2.5535e-06     0.000929474708808681 
2.556e-06      0.000935713695425805 
2.5585e-06     0.0009297095211917286 
2.561e-06      0.0008956415997293826 
2.5635e-06     0.8992312743984063 
2.566e-06      0.8991274043627958 
2.5685e-06     0.8991506512603378 
2.571e-06      0.8991625324654902 
2.5735e-06     0.8991675151611985 
2.576e-06      0.8991658334590698 
2.5785e-06     0.8991620296233155 
2.581e-06      0.8991433173138972 
2.5835e-06     0.8991210852606741 
