
time (s)       VT("/net18") (V)


2.6e-08        0.9            
2.85e-08       0              
3.1e-08        0              
3.35e-08       0              
3.6e-08        0.9            
3.85e-08       0.9            
4.1e-08        0.9            
4.35e-08       0              
4.6e-08        0              
4.85e-08       0              
5.1e-08        0.9            
5.35e-08       0.9            
5.600000000000001e-08 0.9            
5.85e-08       0.9            
6.1e-08        0.9            
6.350000000000001e-08 0.9            
6.600000000000001e-08 0              
6.850000000000001e-08 0              
7.1e-08        0              
7.35e-08       0.9            
7.599999999999999e-08 0.9            
7.849999999999999e-08 0.9            
8.1e-08        0              
8.35e-08       0              
8.6e-08        0.9            
8.85e-08       0              
9.100000000000001e-08 0.9            
9.350000000000001e-08 0.9            
9.600000000000001e-08 0.9            
9.850000000000002e-08 0.9            
1.01e-07       0              
1.035e-07      0.9            
1.06e-07       0              
1.085e-07      0.9            
1.11e-07       0.9            
1.135e-07      0.9            
1.16e-07       0              
1.185e-07      0              
1.21e-07       0              
1.235e-07      0              
1.26e-07       0.9            
1.285e-07      0.9            
1.31e-07       0.9            
1.335e-07      0.9            
1.36e-07       0.9            
1.385e-07      0.9            
1.41e-07       0.9            
1.435e-07      0              
1.46e-07       0              
1.485e-07      0.9            
1.51e-07       0.9            
1.535e-07      0.9            
1.56e-07       0              
1.585e-07      0.9            
1.61e-07       0              
1.635e-07      0.9            
1.66e-07       0.9            
1.685e-07      0              
1.71e-07       0              
1.735e-07      0              
1.76e-07       0.9            
1.785e-07      0              
1.81e-07       0              
1.835e-07      0.9            
1.86e-07       0.9            
1.885e-07      0.9            
1.91e-07       0.9            
1.935e-07      0.9            
1.96e-07       0              
1.985e-07      0.9            
2.01e-07       0.9            
2.035e-07      0              
2.06e-07       0.9            
2.085e-07      0              
2.11e-07       0.9            
2.135e-07      0              
2.16e-07       0.9            
2.185e-07      0.9            
2.21e-07       0              
2.235e-07      0.9            
2.26e-07       0.9            
2.285e-07      0.9            
2.31e-07       0.9            
2.335e-07      0              
2.36e-07       0              
2.385e-07      0              
2.41e-07       0              
2.435e-07      0.9            
2.46e-07       0              
2.485e-07      0.9            
2.51e-07       0              
2.535e-07      0.9            
2.56e-07       0              
2.585e-07      0              
2.61e-07       0              
2.635e-07      0.9            
2.66e-07       0.9            
2.685e-07      0              
2.71e-07       0.9            
2.735e-07      0              
2.76e-07       0              
2.785e-07      0              
2.81e-07       0              
2.835e-07      0              
2.86e-07       0.9            
2.885e-07      0.9            
2.91e-07       0.9            
2.935e-07      0              
2.96e-07       0              
2.985e-07      0.9            
3.01e-07       0              
3.035e-07      0              
3.06e-07       0              
3.085e-07      0.9            
3.11e-07       0              
3.135e-07      0.9            
3.16e-07       0.9            
3.185e-07      0              
3.21e-07       0.9            
3.235e-07      0              
3.26e-07       0              
3.285e-07      0.9            
3.31e-07       0.9            
3.335e-07      0.9            
3.36e-07       0.9            
3.385e-07      0.9            
3.41e-07       0              
3.435e-07      0              
3.46e-07       0              
3.485e-07      0              
3.51e-07       0.9            
3.535e-07      0.9            
3.56e-07       0.9            
3.585e-07      0              
3.61e-07       0.9            
3.635e-07      0.9            
3.66e-07       0.9            
3.685e-07      0              
3.71e-07       0              
3.735e-07      0              
3.76e-07       0.9            
3.785e-07      0.9            
3.81e-07       0              
3.835e-07      0              
3.86e-07       0.9            
3.885e-07      0.9            
3.91e-07       0              
3.935e-07      0              
3.96e-07       0.9            
3.985e-07      0              
4.01e-07       0.9            
4.035e-07      0.9            
4.06e-07       0              
4.085e-07      0              
4.11e-07       0              
4.135e-07      0.9            
4.16e-07       0.9            
4.185e-07      0              
4.21e-07       0.9            
4.235e-07      0.9            
4.26e-07       0              
4.285e-07      0              
4.31e-07       0.9            
4.335e-07      0.9            
4.36e-07       0              
4.385e-07      0.9            
4.41e-07       0.9            
4.435e-07      0.9            
4.46e-07       0              
4.485e-07      0              
4.51e-07       0.9            
4.535e-07      0              
4.56e-07       0.9            
4.585e-07      0.9            
4.61e-07       0.9            
4.635e-07      0.9            
4.66e-07       0.9            
4.685e-07      0              
4.71e-07       0              
4.735e-07      0              
4.76e-07       0.9            
4.785000000000001e-07 0.9            
4.81e-07       0.9            
4.835e-07      0.9            
4.86e-07       0.9            
4.885000000000001e-07 0              
4.91e-07       0              
4.935e-07      0              
4.96e-07       0.9            
4.985000000000001e-07 0.9            
5.010000000000001e-07 0              
5.035e-07      0              
5.060000000000001e-07 0.9            
5.085000000000001e-07 0.9            
5.110000000000001e-07 0              
5.135e-07      0.9            
5.16e-07       0              
5.185000000000001e-07 0              
5.210000000000001e-07 0              
5.235e-07      0              
5.26e-07       0              
5.285000000000001e-07 0.9            
5.310000000000001e-07 0              
5.335000000000001e-07 0.9            
5.36e-07       0              
5.385e-07      0              
5.410000000000001e-07 0.9            
5.435000000000001e-07 0.9            
5.46e-07       0.9            
5.485e-07      0.9            
5.510000000000001e-07 0              
5.535000000000001e-07 0.9            
5.560000000000001e-07 0              
5.585e-07      0.9            
5.61e-07       0              
5.635000000000001e-07 0.9            
5.660000000000001e-07 0              
5.685e-07      0.9            
5.71e-07       0.9            
5.735000000000001e-07 0              
5.760000000000001e-07 0.9            
5.785000000000001e-07 0.9            
5.81e-07       0.9            
5.835000000000001e-07 0.9            
5.860000000000001e-07 0.9            
5.885000000000001e-07 0.9            
5.91e-07       0.9            
5.935e-07      0              
5.960000000000001e-07 0.9            
5.985000000000001e-07 0.9            
6.01e-07       0              
6.035e-07      0              
6.060000000000001e-07 0              
6.085000000000001e-07 0.9            
6.110000000000001e-07 0              
6.135e-07      0              
6.16e-07       0              
6.185000000000001e-07 0              
6.210000000000001e-07 0.9            
6.235e-07      0              
6.26e-07       0              
6.285000000000001e-07 0              
6.310000000000001e-07 0.9            
6.335000000000001e-07 0              
6.36e-07       0.9            
6.385000000000001e-07 0              
6.410000000000001e-07 0              
6.435000000000001e-07 0              
6.46e-07       0              
6.485e-07      0              
6.510000000000001e-07 0.9            
6.535000000000001e-07 0              
6.560000000000001e-07 0.9            
6.585e-07      0              
6.610000000000001e-07 0              
6.635000000000001e-07 0              
6.660000000000001e-07 0              
6.685e-07      0              
6.71e-07       0.9            
6.735000000000001e-07 0.9            
6.760000000000001e-07 0              
6.785e-07      0              
6.81e-07       0              
6.835000000000001e-07 0.9            
6.860000000000001e-07 0.9            
6.885000000000001e-07 0              
6.91e-07       0              
6.935e-07      0.9            
6.960000000000001e-07 0              
6.985000000000001e-07 0              
7.01e-07       0              
7.035e-07      0              
7.060000000000001e-07 0.9            
7.085000000000001e-07 0              
7.110000000000001e-07 0              
7.135e-07      0              
7.160000000000001e-07 0.9            
7.185000000000001e-07 0              
7.210000000000001e-07 0.9            
7.235e-07      0.9            
7.26e-07       0              
7.285000000000001e-07 0.9            
7.310000000000001e-07 0              
7.335e-07      0.9            
7.36e-07       0              
7.385000000000001e-07 0.9            
7.410000000000001e-07 0              
7.435000000000001e-07 0.9            
7.46e-07       0              
7.485e-07      0              
7.510000000000001e-07 0.9            
7.535000000000001e-07 0              
7.56e-07       0.9            
7.585e-07      0              
7.610000000000001e-07 0.9            
7.635000000000001e-07 0.9            
7.660000000000001e-07 0              
7.685e-07      0.9            
7.710000000000001e-07 0.9            
7.735000000000001e-07 0              
7.760000000000001e-07 0              
7.785e-07      0.9            
7.81e-07       0.9            
7.835000000000001e-07 0              
7.860000000000001e-07 0              
7.885000000000001e-07 0.9            
7.91e-07       0              
7.935000000000001e-07 0.9            
7.960000000000001e-07 0              
7.985000000000001e-07 0              
8.01e-07       0.9            
8.035e-07      0.9            
8.060000000000001e-07 0.9            
8.085000000000001e-07 0.9            
8.11e-07       0.9            
8.135e-07      0              
8.160000000000001e-07 0.9            
8.185000000000001e-07 0              
8.210000000000001e-07 0.9            
8.235e-07      0.9            
8.26e-07       0.9            
8.285000000000001e-07 0.9            
8.310000000000001e-07 0.9            
8.335e-07      0              
8.36e-07       0.9            
8.385000000000001e-07 0.9            
8.410000000000001e-07 0.9            
8.435000000000001e-07 0.9            
8.46e-07       0.9            
8.485000000000001e-07 0              
8.510000000000001e-07 0.9            
8.535000000000001e-07 0.9            
8.56e-07       0              
8.585e-07      0.9            
8.610000000000001e-07 0              
8.635000000000001e-07 0.9            
8.660000000000001e-07 0.9            
8.685e-07      0.9            
8.710000000000001e-07 0              
8.735000000000001e-07 0              
8.760000000000001e-07 0.9            
8.785e-07      0.9            
8.81e-07       0              
8.835000000000001e-07 0              
8.860000000000001e-07 0              
8.885e-07      0              
8.91e-07       0.9            
8.935000000000001e-07 0.9            
8.960000000000001e-07 0.9            
8.985000000000001e-07 0              
9.01e-07       0              
9.035000000000001e-07 0.9            
9.060000000000001e-07 0              
9.085000000000001e-07 0.9            
9.11e-07       0              
9.135e-07      0              
9.160000000000001e-07 0.9            
9.185000000000001e-07 0              
9.210000000000001e-07 0.9            
9.235e-07      0.9            
9.260000000000001e-07 0.9            
9.285000000000001e-07 0              
9.310000000000001e-07 0.9            
9.335e-07      0.9            
9.36e-07       0              
9.385000000000001e-07 0.9            
9.410000000000001e-07 0              
9.435000000000001e-07 0              
9.46e-07       0              
9.485000000000001e-07 0.9            
9.510000000000001e-07 0.9            
9.535000000000001e-07 0.9            
9.56e-07       0              
9.585e-07      0.9            
9.61e-07       0              
9.635e-07      0              
9.659999999999999e-07 0.9            
9.684999999999999e-07 0.9            
9.710000000000001e-07 0              
9.735000000000001e-07 0              
9.760000000000001e-07 0.9            
9.785e-07      0.9            
9.81e-07       0.9            
9.835e-07      0              
9.860000000000002e-07 0              
9.885000000000001e-07 0              
9.910000000000001e-07 0              
9.935000000000001e-07 0              
9.960000000000001e-07 0.9            
9.985000000000001e-07 0.9            
1.001e-06      0.9            
1.0035e-06     0              
1.006e-06      0              
1.0085e-06     0              
1.011e-06      0              
1.0135e-06     0              
1.016e-06      0.9            
1.0185e-06     0              
1.021e-06      0.9            
1.0235e-06     0              
1.026e-06      0              
1.0285e-06     0              
1.031e-06      0              
1.0335e-06     0              
1.036e-06      0              
1.0385e-06     0              
1.041e-06      0              
1.0435e-06     0.9            
1.046e-06      0              
1.0485e-06     0.9            
1.051e-06      0.9            
1.0535e-06     0              
1.056e-06      0              
1.0585e-06     0.9            
1.061e-06      0.9            
1.0635e-06     0.9            
1.066e-06      0              
1.0685e-06     0.9            
1.071e-06      0.9            
1.0735e-06     0              
1.076e-06      0.9            
1.0785e-06     0              
1.081e-06      0              
1.0835e-06     0              
1.086e-06      0.9            
1.0885e-06     0.9            
1.091e-06      0              
1.0935e-06     0              
1.096e-06      0.9            
1.0985e-06     0.9            
1.101e-06      0.9            
1.1035e-06     0.9            
1.106e-06      0              
1.1085e-06     0.9            
1.111e-06      0              
1.1135e-06     0              
1.116e-06      0              
1.1185e-06     0              
1.121e-06      0.9            
1.1235e-06     0.9            
1.126e-06      0              
1.1285e-06     0              
1.131e-06      0              
1.1335e-06     0              
1.136e-06      0              
1.1385e-06     0              
1.141e-06      0              
1.1435e-06     0.9            
1.146e-06      0.9            
1.1485e-06     0              
1.151e-06      0.9            
1.1535e-06     0              
1.156e-06      0.9            
1.1585e-06     0              
1.161e-06      0.9            
1.1635e-06     0              
1.166e-06      0.9            
1.1685e-06     0.9            
1.171e-06      0              
1.1735e-06     0.9            
1.176e-06      0.9            
1.1785e-06     0              
1.181e-06      0              
1.1835e-06     0              
1.186e-06      0              
1.1885e-06     0.9            
1.191e-06      0.9            
1.1935e-06     0.9            
1.196e-06      0.9            
1.1985e-06     0              
1.201e-06      0.9            
1.2035e-06     0              
1.206e-06      0.9            
1.2085e-06     0.9            
1.211e-06      0.9            
1.2135e-06     0.9            
1.216e-06      0              
1.2185e-06     0.9            
1.221e-06      0              
1.2235e-06     0.9            
1.226e-06      0              
1.2285e-06     0.9            
1.231e-06      0.9            
1.2335e-06     0              
1.236e-06      0.9            
1.2385e-06     0              
1.241e-06      0              
1.2435e-06     0              
1.246e-06      0              
1.2485e-06     0.9            
1.251e-06      0.9            
1.2535e-06     0              
1.256e-06      0.9            
1.2585e-06     0              
1.261e-06      0.9            
1.2635e-06     0              
1.266e-06      0.9            
1.2685e-06     0              
1.271e-06      0              
1.2735e-06     0.9            
1.276e-06      0.9            
1.2785e-06     0              
1.281e-06      0              
1.2835e-06     0              
1.286e-06      0.9            
1.2885e-06     0.9            
1.291e-06      0.9            
1.2935e-06     0.9            
1.296e-06      0.9            
1.2985e-06     0              
1.301e-06      0.9            
1.3035e-06     0              
1.306e-06      0              
1.3085e-06     0.9            
1.311e-06      0.9            
1.3135e-06     0.9            
1.316e-06      0              
1.3185e-06     0              
1.321e-06      0              
1.3235e-06     0.9            
1.326e-06      0.9            
1.3285e-06     0.9            
1.331e-06      0              
1.3335e-06     0              
1.336e-06      0              
1.3385e-06     0              
1.341e-06      0              
1.3435e-06     0              
1.346e-06      0.9            
1.3485e-06     0.9            
1.351e-06      0.9            
1.3535e-06     0              
1.356e-06      0              
1.3585e-06     0              
1.361e-06      0.9            
1.3635e-06     0.9            
1.366e-06      0              
1.3685e-06     0.9            
1.371e-06      0              
1.3735e-06     0              
1.376e-06      0              
1.3785e-06     0              
1.381e-06      0.9            
1.3835e-06     0              
1.386e-06      0.9            
1.3885e-06     0              
1.391e-06      0              
1.3935e-06     0              
1.396e-06      0.9            
1.3985e-06     0.9            
1.401e-06      0.9            
1.4035e-06     0.9            
1.406e-06      0              
1.4085e-06     0              
1.411e-06      0              
1.4135e-06     0              
1.416e-06      0              
1.4185e-06     0              
1.421e-06      0              
1.4235e-06     0.9            
1.426e-06      0.9            
1.4285e-06     0              
1.431e-06      0              
1.4335e-06     0              
1.436e-06      0.9            
1.4385e-06     0              
1.441e-06      0.9            
1.4435e-06     0              
1.446e-06      0              
1.4485e-06     0.9            
1.451e-06      0.9            
1.4535e-06     0.9            
1.456e-06      0              
1.4585e-06     0.9            
1.461e-06      0.9            
1.4635e-06     0              
1.466e-06      0              
1.4685e-06     0              
1.471e-06      0              
1.4735e-06     0              
1.476e-06      0.9            
1.4785e-06     0              
1.481e-06      0              
1.4835e-06     0.9            
1.486e-06      0              
1.4885e-06     0.9            
1.491e-06      0              
1.4935e-06     0.9            
1.496e-06      0              
1.4985e-06     0              
1.501e-06      0.9            
1.5035e-06     0              
1.506e-06      0              
1.5085e-06     0              
1.511e-06      0              
1.5135e-06     0.9            
1.516e-06      0.9            
1.5185e-06     0.9            
1.521e-06      0.9            
1.5235e-06     0              
1.526e-06      0.9            
1.5285e-06     0              
1.531e-06      0.9            
1.5335e-06     0              
1.536e-06      0.9            
1.5385e-06     0.9            
1.541e-06      0.9            
1.5435e-06     0              
1.546e-06      0              
1.5485e-06     0.9            
1.551e-06      0              
1.5535e-06     0.9            
1.556e-06      0.9            
1.5585e-06     0.9            
1.561e-06      0.9            
1.5635e-06     0.9            
1.566e-06      0              
1.5685e-06     0              
1.571e-06      0              
1.5735e-06     0.9            
1.576e-06      0.9            
1.5785e-06     0              
1.581e-06      0.9            
1.5835e-06     0.9            
1.586e-06      0.9            
1.5885e-06     0              
1.591e-06      0.9            
1.5935e-06     0              
1.596e-06      0              
1.5985e-06     0.9            
1.601e-06      0              
1.6035e-06     0.9            
1.606e-06      0.9            
1.6085e-06     0              
1.611e-06      0              
1.6135e-06     0              
1.616e-06      0              
1.6185e-06     0              
1.621e-06      0.9            
1.6235e-06     0.9            
1.626e-06      0.9            
1.6285e-06     0.9            
1.631e-06      0              
1.6335e-06     0              
1.636e-06      0              
1.6385e-06     0.9            
1.641e-06      0              
1.6435e-06     0              
1.646e-06      0              
1.6485e-06     0.9            
1.651e-06      0.9            
1.6535e-06     0.9            
1.656e-06      0              
1.6585e-06     0              
1.661e-06      0.9            
1.6635e-06     0.9            
1.666e-06      0              
1.6685e-06     0              
1.671e-06      0.9            
1.6735e-06     0.9            
1.676e-06      0              
1.6785e-06     0.9            
1.681e-06      0              
1.6835e-06     0              
1.686e-06      0.9            
1.6885e-06     0.9            
1.691e-06      0.9            
1.6935e-06     0              
1.696e-06      0              
1.6985e-06     0.9            
1.701e-06      0              
1.7035e-06     0              
1.706e-06      0.9            
1.7085e-06     0.9            
1.711e-06      0              
1.7135e-06     0              
1.716e-06      0.9            
1.7185e-06     0              
1.721e-06      0              
1.7235e-06     0              
1.726e-06      0.9            
1.7285e-06     0.9            
1.731e-06      0              
1.7335e-06     0.9            
1.736e-06      0              
1.7385e-06     0              
1.741e-06      0              
1.7435e-06     0              
1.746e-06      0              
1.7485e-06     0.9            
1.751e-06      0.9            
1.7535e-06     0.9            
1.756e-06      0              
1.7585e-06     0              
1.761e-06      0              
1.7635e-06     0              
1.766e-06      0              
1.7685e-06     0.9            
1.771e-06      0.9            
1.7735e-06     0.9            
1.776e-06      0              
1.7785e-06     0              
1.781e-06      0.9            
1.7835e-06     0.9            
1.786e-06      0              
1.7885e-06     0              
1.791e-06      0.9            
1.7935e-06     0              
1.796e-06      0.9            
1.7985e-06     0.9            
1.801e-06      0.9            
1.8035e-06     0.9            
1.806e-06      0.9            
1.8085e-06     0              
1.811e-06      0.9            
1.8135e-06     0              
1.816e-06      0.9            
1.8185e-06     0.9            
1.821e-06      0              
1.8235e-06     0              
1.826e-06      0              
1.8285e-06     0              
1.831e-06      0.9            
1.8335e-06     0              
1.836e-06      0.9            
1.8385e-06     0              
1.841e-06      0.9            
1.8435e-06     0              
1.846e-06      0.9            
1.8485e-06     0              
1.851e-06      0              
1.8535e-06     0.9            
1.856e-06      0              
1.8585e-06     0              
1.861e-06      0.9            
1.8635e-06     0              
1.866e-06      0              
1.8685e-06     0              
1.871e-06      0              
1.8735e-06     0.9            
1.876e-06      0              
1.8785e-06     0              
1.881e-06      0.9            
1.8835e-06     0.9            
1.886e-06      0.9            
1.8885e-06     0              
1.891e-06      0.9            
1.8935e-06     0.9            
1.896e-06      0.9            
1.8985e-06     0.9            
1.901e-06      0              
1.9035e-06     0.9            
1.906e-06      0.9            
1.9085e-06     0              
1.911e-06      0.9            
1.9135e-06     0.9            
1.916e-06      0              
1.9185e-06     0.9            
1.921e-06      0.9            
1.9235e-06     0.9            
1.926e-06      0.9            
1.9285e-06     0.9            
1.931e-06      0              
1.9335e-06     0.9            
1.936e-06      0              
1.9385e-06     0.9            
1.941e-06      0.9            
1.9435e-06     0.9            
1.946e-06      0.9            
1.9485e-06     0.9            
1.951e-06      0              
1.9535e-06     0              
1.956e-06      0.9            
1.9585e-06     0.9            
1.961e-06      0.9            
1.9635e-06     0              
1.966e-06      0              
1.9685e-06     0.9            
1.971e-06      0.9            
1.9735e-06     0              
1.976e-06      0.9            
1.9785e-06     0.9            
1.981e-06      0.9            
1.9835e-06     0.9            
1.986e-06      0              
1.9885e-06     0.9            
1.991e-06      0.9            
1.9935e-06     0.9            
1.996e-06      0              
1.9985e-06     0.9            
2.001e-06      0              
2.0035e-06     0              
2.006e-06      0.9            
2.0085e-06     0              
2.011e-06      0.9            
2.0135e-06     0              
2.016e-06      0.9            
2.0185e-06     0              
2.021e-06      0.9            
2.0235e-06     0              
2.026e-06      0              
2.0285e-06     0.9            
2.031e-06      0              
2.0335e-06     0.9            
2.036e-06      0              
2.0385e-06     0.9            
2.041e-06      0              
2.0435e-06     0              
2.046e-06      0.9            
2.0485e-06     0              
2.051e-06      0              
2.0535e-06     0.9            
2.056e-06      0.9            
2.0585e-06     0              
2.061e-06      0              
2.0635e-06     0.9            
2.066e-06      0.9            
2.0685e-06     0              
2.071e-06      0.9            
2.0735e-06     0.9            
2.076e-06      0.9            
2.0785e-06     0.9            
2.081e-06      0              
2.0835e-06     0              
2.086e-06      0              
2.0885e-06     0              
2.091e-06      0              
2.0935e-06     0.9            
2.096e-06      0.9            
2.0985e-06     0.9            
2.101e-06      0              
2.1035e-06     0              
2.106e-06      0              
2.1085e-06     0              
2.111e-06      0              
2.1135e-06     0.9            
2.116e-06      0              
2.1185e-06     0              
2.121e-06      0              
2.1235e-06     0              
2.126e-06      0              
2.1285e-06     0.9            
2.131e-06      0              
2.1335e-06     0              
2.136e-06      0.9            
2.1385e-06     0              
2.141e-06      0.9            
2.1435e-06     0              
2.146e-06      0              
2.1485e-06     0              
2.151e-06      0.9            
2.1535e-06     0.9            
2.156e-06      0              
2.1585e-06     0              
2.161e-06      0.9            
2.1635e-06     0.9            
2.166e-06      0.9            
2.1685e-06     0.9            
2.171e-06      0              
2.1735e-06     0              
2.176e-06      0              
2.1785e-06     0.9            
2.181e-06      0.9            
2.1835e-06     0              
2.186e-06      0.9            
2.1885e-06     0              
2.191e-06      0.9            
2.1935e-06     0.9            
2.196e-06      0              
2.1985e-06     0.9            
2.201e-06      0              
2.2035e-06     0              
2.206e-06      0              
2.2085e-06     0.9            
2.211e-06      0              
2.2135e-06     0              
2.216e-06      0.9            
2.2185e-06     0              
2.221e-06      0.9            
2.2235e-06     0.9            
2.226e-06      0.9            
2.2285e-06     0              
2.231e-06      0              
2.2335e-06     0              
2.236e-06      0.9            
2.2385e-06     0              
2.241e-06      0.9            
2.2435e-06     0.9            
2.246e-06      0              
2.2485e-06     0              
2.251e-06      0.9            
2.2535e-06     0              
2.256e-06      0              
2.2585e-06     0              
2.261e-06      0              
2.2635e-06     0.9            
2.266e-06      0.9            
2.2685e-06     0.9            
2.271e-06      0.9            
2.2735e-06     0.9            
2.276e-06      0              
2.2785e-06     0              
2.281e-06      0              
2.2835e-06     0.9            
2.286e-06      0.9            
2.2885e-06     0.9            
2.291e-06      0.9            
2.2935e-06     0.9            
2.296e-06      0              
2.2985e-06     0.9            
2.301e-06      0              
2.3035e-06     0.9            
2.306e-06      0.9            
2.3085e-06     0.9            
2.311e-06      0.9            
2.3135e-06     0              
2.316e-06      0.9            
2.3185e-06     0.9            
2.321e-06      0.9            
2.3235e-06     0              
2.326e-06      0.9            
2.3285e-06     0              
2.331e-06      0              
2.3335e-06     0.9            
2.336e-06      0.9            
2.3385e-06     0              
2.341e-06      0              
2.3435e-06     0              
2.346e-06      0.9            
2.3485e-06     0              
2.351e-06      0              
2.3535e-06     0.9            
2.356e-06      0              
2.3585e-06     0.9            
2.361e-06      0.9            
2.3635e-06     0.9            
2.366e-06      0              
2.3685e-06     0              
2.371e-06      0.9            
2.3735e-06     0.9            
2.376e-06      0              
2.3785e-06     0              
2.381e-06      0              
2.3835e-06     0              
2.386e-06      0.9            
2.3885e-06     0              
2.391e-06      0.9            
2.3935e-06     0.9            
2.396e-06      0.9            
2.3985e-06     0.9            
2.401e-06      0              
2.4035e-06     0              
2.406e-06      0.9            
2.4085e-06     0.9            
2.411e-06      0.9            
2.4135e-06     0.9            
2.416e-06      0.9            
2.4185e-06     0.9            
2.421e-06      0.9            
2.4235e-06     0              
2.426e-06      0              
2.4285e-06     0.9            
2.431e-06      0              
2.4335e-06     0.9            
2.436e-06      0              
2.4385e-06     0.9            
2.441e-06      0.9            
2.4435e-06     0.9            
2.446e-06      0              
2.4485e-06     0              
2.451e-06      0.9            
2.4535e-06     0              
2.456e-06      0              
2.4585e-06     0.9            
2.461e-06      0.9            
2.4635e-06     0.9            
2.466e-06      0.9            
2.4685e-06     0              
2.471e-06      0              
2.4735e-06     0              
2.476e-06      0              
2.4785e-06     0.9            
2.481e-06      0              
2.4835e-06     0.9            
2.486e-06      0              
2.4885e-06     0              
2.491e-06      0              
2.4935e-06     0              
2.496e-06      0.9            
2.4985e-06     0              
2.501e-06      0.9            
2.5035e-06     0              
2.506e-06      0.9            
2.5085e-06     0              
2.511e-06      0              
2.5135e-06     0.9            
2.516e-06      0              
2.5185e-06     0.9            
2.521e-06      0.9            
2.5235e-06     0.9            
2.526e-06      0.9            
2.5285e-06     0              
2.531e-06      0              
2.5335e-06     0.9            
2.536e-06      0              
2.5385e-06     0.9            
2.541e-06      0              
2.5435e-06     0.9            
2.546e-06      0              
2.5485e-06     0.9            
2.551e-06      0.9            
2.5535e-06     0              
2.556e-06      0              
2.5585e-06     0.9            
2.561e-06      0.9            
2.5635e-06     0.9            
2.566e-06      0              
2.5685e-06     0              
2.571e-06      0              
2.5735e-06     0              
2.576e-06      0              
2.5785e-06     0.9            
2.581e-06      0              
2.5835e-06     0.9            
