
time (s)       VT("/I0/I43/I5/net7") (V)


2.6e-08        6.503089831459176e-06 
2.85e-08       -2.467744259884732e-05 
3.1e-08        0.0001030402794208781 
3.35e-08       -2.498184561815161e-05 
3.6e-08        -4.801527953737806e-06 
3.85e-08       -2.967592306724661e-06 
4.1e-08        -1.414207661772622e-06 
4.35e-08       -3.03468257671236e-07 
4.6e-08        8.539919124026978e-10 
4.85e-08       1.048301878863167e-06 
5.1e-08        1.95461263648851e-06 
5.35e-08       2.715921418174825e-06 
5.600000000000001e-08 3.158900541302232e-06 
5.85e-08       3.222061485504879e-06 
6.1e-08        3.159215257392532e-06 
6.350000000000001e-08 3.20102082407711e-06 
6.600000000000001e-08 3.407446258155624e-06 
6.850000000000001e-08 3.530037804891662e-06 
7.1e-08        3.643362180642856e-06 
7.35e-08       3.728030451108228e-06 
7.599999999999999e-08 3.696743928187823e-06 
7.849999999999999e-08 3.622047746172727e-06 
8.1e-08        3.619157055674146e-06 
8.35e-08       3.518227797804598e-06 
8.6e-08        3.436042607316697e-06 
8.85e-08       3.38542443551922e-06 
9.100000000000001e-08 3.271981717773399e-06 
9.350000000000001e-08 3.285237457155582e-06 
9.600000000000001e-08 3.297477553170282e-06 
9.850000000000002e-08 3.357640786198596e-06 
1.01e-07       3.456998097542947e-06 
1.035e-07      3.570399177006503e-06 
1.06e-07       3.69609159480163e-06 
1.085e-07      3.769989716732331e-06 
1.11e-07       3.713749311599923e-06 
1.135e-07      3.67322299091276e-06 
1.16e-07       3.573775214153637e-06 
1.185e-07      3.472729994171202e-06 
1.21e-07       3.317745346994161e-06 
1.235e-07      3.252500192426867e-06 
1.26e-07       3.225264494527811e-06 
1.285e-07      2.84717601987766e-06 
1.31e-07       3.132619426492824e-06 
1.335e-07      2.044233536064685e-06 
1.36e-07       1.691249089249661e-06 
1.385e-07      6.282325802880724e-07 
1.41e-07       1.093101800884195e-07 
1.435e-07      -2.180654377916748e-06 
1.46e-07       -2.300458749115318e-06 
1.485e-07      -4.555466462921045e-06 
1.51e-07       -2.498121336490941e-05 
1.535e-07      4.146718108837622e-05 
1.56e-07       -4.89632045348159e-05 
1.585e-07      6.172743221826442e-06 
1.61e-07       1.303324477473425e-05 
1.635e-07      1.326814235941877e-05 
1.66e-07       1.309209197625248e-05 
1.685e-07      1.300831931032111e-05 
1.71e-07       1.296154406034341e-05 
1.735e-07      1.288618453798633e-05 
1.76e-07       1.269928564030718e-05 
1.785e-07      1.219770617678481e-05 
1.81e-07       1.08278879790385e-05 
1.835e-07      2.111594315340063e-06 
1.86e-07       0.8999969443134201 
1.885e-07      0.8999982970101058 
1.91e-07       0.8999968750530146 
1.935e-07      0.8999962202473452 
1.96e-07       0.8999959048430977 
1.985e-07      0.8999956393003163 
2.01e-07       0.8999955654786937 
2.035e-07      0.899994883192172 
2.06e-07       0.8999926681473812 
2.085e-07      0.8999836767039977 
2.11e-07       0.8999611731821341 
2.135e-07      0.899934513244349 
2.16e-07       0.9000134839157695 
2.185e-07      0.9000112891551681 
2.21e-07       0.9000096383920856 
2.235e-07      0.9000086744728044 
2.26e-07       0.9000082182428577 
2.285e-07      0.9000080529142562 
2.31e-07       0.9000082027442127 
2.335e-07      0.9000084110322767 
2.36e-07       0.9000077988371172 
2.385e-07      0.9000070116140649 
2.41e-07       0.9000068742801519 
2.435e-07      0.9000075455852959 
2.46e-07       0.9000073223309162 
2.485e-07      0.9000071963324947 
2.51e-07       0.9000078581450214 
2.535e-07      0.9000090842571777 
2.56e-07       0.9000094732561471 
2.585e-07      0.9000076339994795 
2.61e-07       0.9000059444003295 
2.635e-07      0.9000051287136507 
2.66e-07       0.9000054954305924 
2.685e-07      0.9000056847746215 
2.71e-07       0.9000059993132299 
2.735e-07      0.9000063270886128 
2.76e-07       0.9000069171104605 
2.785e-07      0.9000067934644195 
2.81e-07       0.9000057515562248 
2.835e-07      0.9000057387815301 
2.86e-07       0.9000051794883521 
2.885e-07      0.9000050278910359 
2.91e-07       0.9000060191139397 
2.935e-07      0.9000091835836129 
2.96e-07       0.9000092838923653 
2.985e-07      0.9000081536591856 
3.01e-07       0.9000072214236121 
3.035e-07      0.9000072820935734 
3.06e-07       0.9000075799520802 
3.085e-07      0.9000072216450028 
3.11e-07       0.9000067635562586 
3.135e-07      0.9000075944199456 
3.16e-07       0.9000080659045109 
3.185e-07      0.900008258673222 
3.21e-07       0.9000080931764752 
3.235e-07      0.9000081004353869 
3.26e-07       0.9000085524438544 
3.285e-07      0.9000093303636549 
3.31e-07       0.9000107613723436 
3.335e-07      0.9000129296638535 
3.36e-07       0.9000101095695421 
3.385e-07      0.9000300033499962 
3.41e-07       0.8999741385458296 
3.435e-07      0.899991849458304 
3.46e-07       0.8999945813760858 
3.485e-07      0.899995299264761 
3.51e-07       0.8999955506975694 
3.535e-07      0.899996001314371 
3.56e-07       0.8999963442433884 
3.585e-07      0.8999967336360031 
3.61e-07       0.8999978653187558 
3.635e-07      0.8999997098946437 
3.66e-07       0.8999979311431592 
3.685e-07      -7.624141073618839e-05 
3.71e-07       1.20368251988603e-05 
3.735e-07      1.258303275461116e-05 
3.76e-07       1.289260344394438e-05 
3.785e-07      1.296134114914354e-05 
3.81e-07       1.298999065796157e-05 
3.835e-07      1.308300097583613e-05 
3.86e-07       1.315803841819076e-05 
3.885e-07      1.315128199400481e-05 
3.91e-07       1.018685543577673e-05 
3.935e-07      -1.856299417808791e-05 
3.96e-07       5.602953604706685e-05 
3.985e-07      -3.693250858269578e-05 
4.01e-07       -7.255432270126436e-06 
4.035e-07      -2.180256795681118e-06 
4.06e-07       -2.727483980998267e-06 
4.085e-07      -6.931515556134012e-08 
4.11e-07       -6.025720682804211e-09 
4.135e-07      1.581915754316278e-06 
4.16e-07       1.810146028337397e-06 
4.185e-07      2.816756839931422e-06 
4.21e-07       3.439686275096393e-06 
4.235e-07      3.182859351349106e-06 
4.26e-07       3.120447672511679e-06 
4.285e-07      3.241511458415885e-06 
4.31e-07       3.312406134057953e-06 
4.335e-07      3.527804303180976e-06 
4.36e-07       3.65204723896916e-06 
4.385e-07      3.711391420923074e-06 
4.41e-07       3.68708363982726e-06 
4.435e-07      3.648714748106022e-06 
4.46e-07       3.614300659447162e-06 
4.485e-07      3.550890871406685e-06 
4.51e-07       3.38278792778544e-06 
4.535e-07      3.317511532323893e-06 
4.56e-07       3.278903674666885e-06 
4.585e-07      3.333488962362811e-06 
4.61e-07       3.284629979633232e-06 
4.635e-07      3.336246597444316e-06 
4.66e-07       3.488846693951333e-06 
4.685e-07      3.542212598261261e-06 
4.71e-07       3.655611089843125e-06 
4.735e-07      3.707006276999519e-06 
4.76e-07       3.645817770668692e-06 
4.785000000000001e-07 3.689232123126067e-06 
4.81e-07       3.613015137584422e-06 
4.835e-07      3.369858135018536e-06 
4.86e-07       3.350974437678667e-06 
4.885000000000001e-07 3.053745155880528e-06 
4.91e-07       3.274483783615208e-06 
4.935e-07      2.971359732377117e-06 
4.96e-07       3.043374054665031e-06 
4.985000000000001e-07 2.226718266954025e-06 
5.010000000000001e-07 1.701472784307117e-06 
5.035e-07      1.175652359813838e-06 
5.060000000000001e-07 1.726834499833848e-07 
5.085000000000001e-07 -1.142585138696981e-06 
5.110000000000001e-07 -2.447598354540385e-06 
5.135e-07      -3.795614610895528e-06 
5.16e-07       -1.645914267742143e-05 
5.185000000000001e-07 -2.749349091413403e-05 
5.210000000000001e-07 -2.353405921736936e-06 
5.235e-07      -8.170790443409701e-05 
5.26e-07       1.249088670331989e-05 
5.285000000000001e-07 1.333725264333693e-05 
5.310000000000001e-07 1.312066202963113e-05 
5.335000000000001e-07 1.300986042879497e-05 
5.36e-07       1.297447997175586e-05 
5.385e-07      1.291997902623323e-05 
5.410000000000001e-07 1.283098581415696e-05 
5.435000000000001e-07 1.242305326373041e-05 
5.46e-07       1.18557501816712e-05 
5.485e-07      7.399562601977398e-06 
5.510000000000001e-07 0.8999526121388618 
5.535000000000001e-07 0.8999988660198576 
5.560000000000001e-07 0.8999971081608514 
5.585e-07      0.8999961789716915 
5.61e-07       0.8999959583005072 
5.635000000000001e-07 0.8999958245834009 
5.660000000000001e-07 0.8999954542183761 
5.685e-07      0.8999950587549013 
5.71e-07       0.8999939271219558 
5.735000000000001e-07 0.8999872856557892 
5.760000000000001e-07 0.8999592787062504 
5.785000000000001e-07 0.89986250840385 
5.81e-07       0.9000137616439005 
5.835000000000001e-07 0.9000120820210216 
5.860000000000001e-07 0.9000101778139911 
5.885000000000001e-07 0.9000088801627266 
5.91e-07       0.9000083006254499 
5.935e-07      0.9000080608966445 
5.960000000000001e-07 0.9000081653831471 
5.985000000000001e-07 0.9000084133414936 
6.01e-07       0.9000081089688066 
6.035e-07      0.9000072335895598 
6.060000000000001e-07 0.9000067992056868 
6.085000000000001e-07 0.9000075538074224 
6.110000000000001e-07 0.9000074252379912 
6.135e-07      0.9000072094852909 
6.16e-07       0.9000074850164613 
6.185000000000001e-07 0.9000087391644488 
6.210000000000001e-07 0.9000093875425563 
6.235e-07      0.9000084961192323 
6.26e-07       0.9000063590593197 
6.285000000000001e-07 0.900005069445431 
6.310000000000001e-07 0.900005357319338 
6.335000000000001e-07 0.9000060421094741 
6.36e-07       0.9000065460318289 
6.385000000000001e-07 0.9000068185436244 
6.410000000000001e-07 0.9000063760484459 
6.435000000000001e-07 0.9000068053419432 
6.46e-07       0.9000058650375284 
6.485e-07      0.9000055422832368 
6.510000000000001e-07 0.9000052900254177 
6.535000000000001e-07 0.9000050433796407 
6.560000000000001e-07 0.9000055272408878 
6.585e-07      0.9000086634594485 
6.610000000000001e-07 0.9000093547743134 
6.635000000000001e-07 0.9000085248022703 
6.660000000000001e-07 0.9000073664730938 
6.685e-07      0.9000072491908743 
6.71e-07       0.9000075247490158 
6.735000000000001e-07 0.9000074898027044 
6.760000000000001e-07 0.9000067867902172 
6.785e-07      0.90000731340466 
6.81e-07       0.900008034428471 
6.835000000000001e-07 0.9000083655228881 
6.860000000000001e-07 0.9000081437288249 
6.885000000000001e-07 0.9000080746159528 
6.91e-07       0.9000083865418134 
6.935e-07      0.900009043166924 
6.960000000000001e-07 0.9000103946970723 
6.985000000000001e-07 0.9000123614617008 
7.01e-07       0.9000137931236156 
7.035e-07      0.8999751371530137 
7.060000000000001e-07 0.8999740479854149 
7.085000000000001e-07 0.899988654991882 
7.110000000000001e-07 0.8999943868124938 
7.135e-07      0.8999950643250467 
7.160000000000001e-07 0.8999953819645901 
7.185000000000001e-07 0.8999959031262877 
7.210000000000001e-07 0.8999962569793167 
7.235e-07      0.8999967161856705 
7.26e-07       0.8999973972558833 
7.285000000000001e-07 0.8999992972027477 
7.310000000000001e-07 0.9000000580695241 
7.335e-07      -1.536352764103955e-05 
7.36e-07       1.186283082246912e-05 
7.385000000000001e-07 1.248360673476703e-05 
7.410000000000001e-07 1.287451577754953e-05 
7.435000000000001e-07 1.293842194691535e-05 
7.46e-07       1.297477115620432e-05 
7.485e-07      1.303122433835268e-05 
7.510000000000001e-07 1.312681938990813e-05 
7.535000000000001e-07 1.33452882537615e-05 
7.56e-07       1.185251263634616e-05 
7.585e-07      -4.391140965242876e-06 
7.610000000000001e-07 3.028974154973347e-05 
7.635000000000001e-07 4.366433128401597e-05 
7.660000000000001e-07 -1.330551841164511e-05 
7.685e-07      -3.230350993459047e-06 
7.710000000000001e-07 -3.063615602174211e-06 
7.735000000000001e-07 -6.492684331896541e-07 
7.760000000000001e-07 -7.006504174626417e-07 
7.785e-07      1.206307841153868e-06 
7.81e-07       1.661144644143492e-06 
7.835000000000001e-07 2.331245415546141e-06 
7.860000000000001e-07 3.402025582503972e-06 
7.885000000000001e-07 3.434327628914913e-06 
7.91e-07       3.18392985132242e-06 
7.935000000000001e-07 3.235542936778554e-06 
7.960000000000001e-07 3.46705893178511e-06 
7.985000000000001e-07 3.500503931709543e-06 
8.01e-07       3.617656104404596e-06 
8.035e-07      3.698045560236531e-06 
8.060000000000001e-07 3.656443530551161e-06 
8.085000000000001e-07 3.679961120908942e-06 
8.11e-07       3.627065368546492e-06 
8.135e-07      3.566061889341037e-06 
8.160000000000001e-07 3.416115912836037e-06 
8.185000000000001e-07 3.334045250004566e-06 
8.210000000000001e-07 3.287062538281643e-06 
8.235e-07      3.265131658523114e-06 
8.26e-07       3.275799727178666e-06 
8.285000000000001e-07 3.396481165989495e-06 
8.310000000000001e-07 3.467532487803452e-06 
8.335e-07      3.507896338412082e-06 
8.36e-07       3.622072155344503e-06 
8.385000000000001e-07 3.748515701689268e-06 
8.410000000000001e-07 3.785278734326433e-06 
8.435000000000001e-07 3.686524926708018e-06 
8.46e-07       3.632148441967089e-06 
8.485000000000001e-07 3.474829211003176e-06 
8.510000000000001e-07 3.484986562034243e-06 
8.535000000000001e-07 3.298802587336048e-06 
8.56e-07       3.121583891514391e-06 
8.585e-07      3.113203638365861e-06 
8.610000000000001e-07 3.138195552412366e-06 
8.635000000000001e-07 2.520293216886022e-06 
8.660000000000001e-07 1.799574334419452e-06 
8.685e-07      1.577092747566694e-06 
8.710000000000001e-07 -3.725076902504559e-07 
8.735000000000001e-07 -3.911000576578586e-07 
8.760000000000001e-07 -2.556564408604606e-06 
8.785e-07      -2.533062652124172e-06 
8.81e-07       -1.05748291045488e-05 
8.835000000000001e-07 -3.988468935150616e-05 
8.860000000000001e-07 5.066459917957782e-05 
8.885e-07      -0.000101643613420833 
8.91e-07       1.068031612660135e-05 
8.935000000000001e-07 1.341020870648474e-05 
8.960000000000001e-07 1.314433855712522e-05 
8.985000000000001e-07 1.307165481767198e-05 
9.01e-07       1.299733682491705e-05 
9.035000000000001e-07 1.293984260404696e-05 
9.060000000000001e-07 1.286932628593982e-05 
9.085000000000001e-07 1.251845902587458e-05 
9.11e-07       1.195745116661649e-05 
9.135e-07      9.815494957756826e-06 
9.160000000000001e-07 2.171883746147071e-05 
9.185000000000001e-07 0.9000147110673804 
9.210000000000001e-07 0.899997678770315 
9.235e-07      0.8999965370667236 
9.260000000000001e-07 0.8999960384395609 
9.285000000000001e-07 0.8999956789988723 
9.310000000000001e-07 0.8999957119319101 
9.335e-07      0.8999952442057444 
9.36e-07       0.8999944655554039 
9.385000000000001e-07 0.8999904967667274 
9.410000000000001e-07 0.8999709496538721 
9.435000000000001e-07 0.9000664542999374 
9.46e-07       0.8999759541037679 
9.485000000000001e-07 0.9000127166043237 
9.510000000000001e-07 0.9000105094303281 
9.535000000000001e-07 0.9000089136132965 
9.56e-07       0.9000083143010238 
9.585e-07      0.9000080787123668 
9.61e-07       0.9000081125875488 
9.635e-07      0.9000083079063078 
9.659999999999999e-07 0.9000080132324743 
9.684999999999999e-07 0.9000075087270056 
9.710000000000001e-07 0.9000067765530867 
9.735000000000001e-07 0.9000073490116728 
9.760000000000001e-07 0.9000075432708189 
9.785e-07      0.9000072768570752 
9.81e-07       0.9000073005175047 
9.835e-07      0.9000083756946008 
9.860000000000002e-07 0.9000093288444142 
9.885000000000001e-07 0.9000090319575176 
9.910000000000001e-07 0.9000067573175213 
9.935000000000001e-07 0.9000053240612991 
9.960000000000001e-07 0.9000052368255081 
9.985000000000001e-07 0.9000058539559581 
1.001e-06      0.9000064134907616 
1.0035e-06     0.9000067399551708 
1.006e-06      0.9000063413688424 
1.0085e-06     0.9000062970166097 
1.011e-06      0.9000066433127299 
1.0135e-06     0.9000061244109804 
1.016e-06      0.9000054107226204 
1.0185e-06     0.9000050914282363 
1.021e-06      0.9000051402874285 
1.0235e-06     0.9000068735637077 
1.026e-06      0.9000092993495717 
1.0285e-06     0.9000089175233361 
1.031e-06      0.9000076239495343 
1.0335e-06     0.9000071909583399 
1.036e-06      0.9000073626869463 
1.0385e-06     0.9000075571235827 
1.041e-06      0.9000068318326201 
1.0435e-06     0.9000070930704795 
1.046e-06      0.9000079870449145 
1.0485e-06     0.9000084354218625 
1.051e-06      0.9000082010074194 
1.0535e-06     0.9000080454885026 
1.056e-06      0.9000082619530823 
1.0585e-06     0.9000088305088068 
1.061e-06      0.9000099480044492 
1.0635e-06     0.9000117316793179 
1.066e-06      0.9000135917954445 
1.0685e-06     0.8999913828919626 
1.071e-06      0.9000183929256873 
1.0735e-06     0.899984971317857 
1.076e-06      0.8999934331152109 
1.0785e-06     0.8999949177886657 
1.081e-06      0.8999954710748173 
1.0835e-06     0.899995785117108 
1.086e-06      0.8999961653504733 
1.0885e-06     0.8999965417206885 
1.091e-06      0.8999969024462438 
1.0935e-06     0.8999983511991426 
1.096e-06      0.9000008015303538 
1.0985e-06     0.8999627249618881 
1.101e-06      -5.781506155050362e-05 
1.1035e-06     1.225660314263862e-05 
1.106e-06      1.276143455692108e-05 
1.1085e-06     1.290684386367664e-05 
1.111e-06      1.295931109656725e-05 
1.1135e-06     1.302188793910812e-05 
1.116e-06      1.310780252669783e-05 
1.1185e-06     1.327701380227878e-05 
1.121e-06      1.295135060276773e-05 
1.1235e-06     4.240094244765778e-06 
1.126e-06      -1.281516756981973e-05 
1.1285e-06     0.0001119137489307888 
1.131e-06      -2.0308678313085e-05 
1.1335e-06     -4.137785003746917e-06 
1.136e-06      -2.839296766679872e-06 
1.1385e-06     -1.156674781454592e-06 
1.141e-06      8.052851140489074e-08 
1.1435e-06     9.086233319312062e-07 
1.146e-06      1.586598332956609e-06 
1.1485e-06     2.067027470761227e-06 
1.151e-06      3.222655908305016e-06 
1.1535e-06     3.156092557539186e-06 
1.156e-06      3.246174488293711e-06 
1.1585e-06     3.277207870301282e-06 
1.161e-06      3.279480111105294e-06 
1.1635e-06     3.306311251128568e-06 
1.166e-06      3.596169516015767e-06 
1.1685e-06     3.691059618866413e-06 
1.171e-06      3.746012689371657e-06 
1.1735e-06     3.703196114783353e-06 
1.176e-06      3.63045017004782e-06 
1.1785e-06     3.560152312473191e-06 
1.181e-06      3.446943559518304e-06 
1.1835e-06     3.355181588243709e-06 
1.186e-06      3.295398083930163e-06 
1.1885e-06     3.267618405439596e-06 
1.191e-06      3.349131916637282e-06 
1.1935e-06     3.383521733706312e-06 
1.196e-06      3.377368051491061e-06 
1.1985e-06     3.474257660382938e-06 
1.201e-06      3.58589192784109e-06 
1.2035e-06     3.727430333725287e-06 
1.206e-06      3.790395488354016e-06 
1.2085e-06     3.722827870017816e-06 
1.211e-06      3.6362053488017e-06 
1.2135e-06     3.553869597942986e-06 
1.216e-06      3.466781900405891e-06 
1.2185e-06     3.318998403645474e-06 
1.221e-06      3.208507637935347e-06 
1.2235e-06     2.953917230567779e-06 
1.226e-06      2.745994730612518e-06 
1.2285e-06     2.930467948840897e-06 
1.231e-06      2.412745181469574e-06 
1.2335e-06     1.703437144115097e-06 
1.236e-06      3.191005839916402e-07 
1.2385e-06     2.349473979981668e-08 
1.241e-06      -2.639098058983175e-06 
1.2435e-06     -2.365890562409201e-06 
1.246e-06      -5.328247317459312e-06 
1.2485e-06     -3.022298245750761e-05 
1.251e-06      8.592961774662123e-05 
1.2535e-06     -8.257556295134113e-05 
1.256e-06      8.737468099796258e-06 
1.2585e-06     1.308434299394739e-05 
1.261e-06      1.323410993577491e-05 
1.2635e-06     1.307649661668839e-05 
1.266e-06      1.302023596463847e-05 
1.2685e-06     1.295613824641306e-05 
1.271e-06      1.28757528766243e-05 
1.2735e-06     1.269010067540681e-05 
1.276e-06      1.211441964741627e-05 
1.2785e-06     1.042872498916818e-05 
1.281e-06      -6.081665882524091e-06 
1.2835e-06     0.9000117194847299 
1.286e-06      0.8999979841866234 
1.2885e-06     0.8999967608267928 
1.291e-06      0.8999959831937115 
1.2935e-06     0.8999958344415306 
1.296e-06      0.8999957070340407 
1.2985e-06     0.8999954620028932 
1.301e-06      0.8999947592205302 
1.3035e-06     0.8999921708969681 
1.306e-06      0.8999803226612219 
1.3085e-06     0.8999747435287865 
1.311e-06      0.8999516838540144 
1.3135e-06     0.9000132422442817 
1.316e-06      0.9000109798926949 
1.3185e-06     0.9000094459541637 
1.321e-06      0.9000084324647554 
1.3235e-06     0.9000081275013723 
1.326e-06      0.9000080599278115 
1.3285e-06     0.9000082127416151 
1.331e-06      0.9000083285289713 
1.3335e-06     0.9000075905901981 
1.336e-06      0.9000069084362424 
1.3385e-06     0.9000070927086394 
1.341e-06      0.9000075623519633 
1.3435e-06     0.9000072797412676 
1.346e-06      0.9000072093574903 
1.3485e-06     0.900008013852848 
1.351e-06      0.9000092187065075 
1.3535e-06     0.900009288871497 
1.356e-06      0.9000072927452107 
1.3585e-06     0.9000057456823988 
1.361e-06      0.9000051482908525 
1.3635e-06     0.900005632692749 
1.366e-06      0.9000063152377591 
1.3685e-06     0.9000067259848149 
1.371e-06      0.9000068932448093 
1.3735e-06     0.9000069027471753 
1.376e-06      0.9000060921436289 
1.3785e-06     0.9000057144517316 
1.381e-06      0.900005627784607 
1.3835e-06     0.9000051646243726 
1.386e-06      0.9000050314671398 
1.3885e-06     0.9000062157633922 
1.391e-06      0.9000093697233256 
1.3935e-06     0.9000092247203306 
1.396e-06      0.9000079751672646 
1.3985e-06     0.9000072121590036 
1.401e-06      0.9000073045279633 
1.4035e-06     0.9000075749229537 
1.406e-06      0.9000071190432811 
1.4085e-06     0.9000068924894872 
1.411e-06      0.9000075829220682 
1.4135e-06     0.900008350362802 
1.416e-06      0.9000082159451336 
1.4185e-06     0.9000080583602142 
1.421e-06      0.9000081505042965 
1.4235e-06     0.9000086460082496 
1.426e-06      0.9000095209128792 
1.4285e-06     0.9000110028123217 
1.431e-06      0.9000131439415331 
1.4335e-06     0.9000079472635433 
1.436e-06      0.9000779562656928 
1.4385e-06     0.8999783928379694 
1.441e-06      0.8999923029776848 
1.4435e-06     0.8999947000935528 
1.446e-06      0.8999954054709425 
1.4485e-06     0.8999956572170078 
1.451e-06      0.8999960825844191 
1.4535e-06     0.8999964008663165 
1.456e-06      0.8999968509526685 
1.4585e-06     0.8999980971326561 
1.461e-06      0.8999998361150436 
1.4635e-06     0.8999944560337038 
1.466e-06      -7.378255696116666e-05 
1.4685e-06     1.21024369259356e-05 
1.471e-06      1.270358100375623e-05 
1.4735e-06     1.289402254018774e-05 
1.476e-06      1.29608743623451e-05 
1.4785e-06     1.29882595140218e-05 
1.481e-06      1.309429788270897e-05 
1.4835e-06     1.318903143895272e-05 
1.486e-06      1.310393859690214e-05 
1.4885e-06     9.060482546910986e-06 
1.491e-06      -2.377221542015644e-05 
1.4935e-06     6.834042864109568e-05 
1.496e-06      -3.107763205591569e-05 
1.4985e-06     -4.733902716161148e-06 
1.501e-06      -2.116932467154765e-06 
1.5035e-06     -2.181149616770493e-06 
1.506e-06      -5.396739812749247e-08 
1.5085e-06     2.932974403627386e-07 
1.511e-06      1.633306671000793e-06 
1.5135e-06     2.337525526441857e-06 
1.516e-06      2.810204726472852e-06 
1.5185e-06     3.008228039886228e-06 
1.521e-06      3.202976826231663e-06 
1.5235e-06     3.191899254874129e-06 
1.526e-06      3.273161214722335e-06 
1.5285e-06     3.317963549761802e-06 
1.531e-06      3.550309722008355e-06 
1.5335e-06     3.667411238315617e-06 
1.536e-06      3.640953702868703e-06 
1.5385e-06     3.689060840917461e-06 
1.541e-06      3.637792359323476e-06 
1.5435e-06     3.59563696122874e-06 
1.546e-06      3.472132983505953e-06 
1.5485e-06     3.371122732026339e-06 
1.551e-06      3.307863508024445e-06 
1.5535e-06     3.274685182296709e-06 
1.556e-06      3.266039183070307e-06 
1.5585e-06     3.290029233018732e-06 
1.561e-06      3.354971249961258e-06 
1.5635e-06     3.438264526219348e-06 
1.566e-06      3.56707986772503e-06 
1.5685e-06     3.672639906277454e-06 
1.571e-06      3.757001530837331e-06 
1.5735e-06     3.633078906547616e-06 
1.576e-06      3.660178425264972e-06 
1.5785e-06     3.59230319813294e-06 
1.581e-06      3.317967907050212e-06 
1.5835e-06     3.333389916212713e-06 
1.586e-06      3.270730050945906e-06 
1.5885e-06     3.041218385932865e-06 
1.591e-06      2.905288179817143e-06 
1.5935e-06     2.944552577424696e-06 
1.596e-06      2.098783949361101e-06 
1.5985e-06     1.699677531853478e-06 
1.601e-06      9.79906783467479e-07 
1.6035e-06     1.621653890722702e-07 
1.606e-06      -1.621533846319197e-06 
1.6085e-06     -2.344521901462083e-06 
1.611e-06      -4.237707871433372e-06 
1.6135e-06     -2.006684692766099e-05 
1.616e-06      -4.810172571121614e-06 
1.6185e-06     -0.0001057932027324926 
1.621e-06      2.309059933528654e-06 
1.6235e-06     1.29546178953375e-05 
1.626e-06      1.330458583631661e-05 
1.6285e-06     1.311880508462774e-05 
1.631e-06      1.302412903509379e-05 
1.6335e-06     1.297285091997651e-05 
1.636e-06      1.289529202271922e-05 
1.6385e-06     1.274703016097854e-05 
1.641e-06      1.233864556140847e-05 
1.6435e-06     1.130880762577275e-05 
1.646e-06      4.977247284771071e-06 
1.6485e-06     0.8999876257485867 
1.651e-06      0.8999982301945243 
1.6535e-06     0.8999969693630435 
1.656e-06      0.8999960761308464 
1.6585e-06     0.8999958392287809 
1.661e-06      0.8999957771776893 
1.6635e-06     0.8999956117141065 
1.666e-06      0.8999949933713886 
1.6685e-06     0.8999931073356603 
1.671e-06      0.8999855974866734 
1.6735e-06     0.8999527966602234 
1.676e-06      0.8999607317021158 
1.6785e-06     0.9000136499215735 
1.681e-06      0.9000116908308031 
1.6835e-06     0.9000098894062817 
1.686e-06      0.9000086235959422 
1.6885e-06     0.9000082382265348 
1.691e-06      0.9000080423920328 
1.6935e-06     0.9000081822476719 
1.696e-06      0.9000084396632567 
1.6985e-06     0.900007993131179 
1.701e-06      0.9000071110513888 
1.7035e-06     0.9000068232690335 
1.706e-06      0.9000075417377675 
1.7085e-06     0.9000073490782324 
1.711e-06      0.9000071885633267 
1.7135e-06     0.9000076797401828 
1.716e-06      0.90000889805837 
1.7185e-06     0.9000092966465428 
1.721e-06      0.9000080560413822 
1.7235e-06     0.9000060655661976 
1.726e-06      0.9000050785862893 
1.7285e-06     0.9000054067179966 
1.731e-06      0.9000061386201651 
1.7335e-06     0.9000066154572449 
1.736e-06      0.9000068485812613 
1.7385e-06     0.900006345406472 
1.741e-06      0.9000062547207722 
1.7435e-06     0.9000057821068422 
1.746e-06      0.9000058443640898 
1.7485e-06     0.9000052318322982 
1.751e-06      0.9000050308522414 
1.7535e-06     0.9000057616820664 
1.756e-06      0.9000088877771024 
1.7585e-06     0.9000093396212642 
1.761e-06      0.9000083170319338 
1.7635e-06     0.9000072919631715 
1.766e-06      0.9000072829243189 
1.7685e-06     0.9000075648296268 
1.771e-06      0.9000073480152452 
1.7735e-06     0.900006789349873 
1.776e-06      0.9000074596543735 
1.7785e-06     0.9000080263616578 
1.781e-06      0.9000083098699105 
1.7835e-06     0.9000081250942537 
1.786e-06      0.9000080893607117 
1.7885e-06     0.900008461476783 
1.791e-06      0.9000091863386587 
1.7935e-06     0.9000105288360524 
1.796e-06      0.9000126590122927 
1.7985e-06     0.9000122065797859 
1.801e-06      0.900042673925183 
1.8035e-06     0.8999787023321224 
1.806e-06      0.8999902800112018 
1.8085e-06     0.8999943876608761 
1.811e-06      0.8999951690982138 
1.8135e-06     0.8999955137764711 
1.816e-06      0.8999959316918132 
1.8185e-06     0.8999963003813712 
1.821e-06      0.8999966264149273 
1.8235e-06     0.8999973898227492 
1.826e-06      0.8999996925899798 
1.8285e-06     0.8999990693509317 
1.831e-06      -0.000121669786285662 
1.8335e-06     1.195151839795143e-05 
1.836e-06      1.253844225595332e-05 
1.8385e-06     1.288304852100414e-05 
1.841e-06      1.295136352824406e-05 
1.8435e-06     1.298647357052879e-05 
1.846e-06      1.306711265372049e-05 
1.8485e-06     1.31693449813502e-05 
1.851e-06      1.319833824576572e-05 
1.8535e-06     1.106633005116755e-05 
1.856e-06      -1.052883160179468e-05 
1.8585e-06     -1.291016804730666e-05 
1.861e-06      1.339116390702219e-05 
1.8635e-06     -1.058338994546845e-05 
1.866e-06      -2.535982051988721e-06 
1.8685e-06     -3.173192999818127e-06 
1.871e-06      -3.05178750141655e-07 
1.8735e-06     -3.954788587903186e-07 
1.876e-06      1.49546913838567e-06 
1.8785e-06     1.685920509525838e-06 
1.881e-06      2.478610147159788e-06 
1.8835e-06     2.983361928849089e-06 
1.886e-06      3.375356451762003e-06 
1.8885e-06     3.06684160318583e-06 
1.891e-06      3.281662118709209e-06 
1.8935e-06     3.311776246138563e-06 
1.896e-06      3.482781529462437e-06 
1.8985e-06     3.635544832010683e-06 
1.901e-06      3.706319797434122e-06 
1.9035e-06     3.679421038068071e-06 
1.906e-06      3.664411256718055e-06 
1.9085e-06     3.632429737904752e-06 
1.911e-06      3.493006066281921e-06 
1.9135e-06     3.402324266125202e-06 
1.916e-06      3.323976966240651e-06 
1.9185e-06     3.282552814622037e-06 
1.921e-06      3.343470273798524e-06 
1.9235e-06     3.279928085351099e-06 
1.926e-06      3.408415099426781e-06 
1.9285e-06     3.480583667778559e-06 
1.931e-06      3.525710484625348e-06 
1.9335e-06     3.639624635902545e-06 
1.936e-06      3.772433968604196e-06 
1.9385e-06     3.720609252137422e-06 
1.941e-06      3.69396923665724e-06 
1.9435e-06     3.620418979485548e-06 
1.946e-06      3.463563736995235e-06 
1.9485e-06     3.460334649389783e-06 
1.951e-06      3.28879874142997e-06 
1.9535e-06     3.126556178323994e-06 
1.956e-06      3.048872747825044e-06 
1.9585e-06     3.107347618783258e-06 
1.961e-06      2.361642139440306e-06 
1.9635e-06     1.739217419300781e-06 
1.966e-06      1.465100453532974e-06 
1.9685e-06     -6.900701536963913e-07 
1.971e-06      -7.720145704564799e-07 
1.9735e-06     -2.47725861494794e-06 
1.976e-06      -3.24311431265929e-06 
1.9785e-06     -1.345271914457463e-05 
1.981e-06      -4.15298475722798e-05 
1.9835e-06     1.551205321405917e-05 
1.986e-06      -9.485215969864144e-05 
1.9885e-06     1.154319570308001e-05 
1.991e-06      1.336370149700565e-05 
1.9935e-06     1.314578052815789e-05 
1.996e-06      1.302433324573123e-05 
1.9985e-06     1.298446214575192e-05 
2.001e-06      1.292716683534359e-05 
2.0035e-06     1.284967557167337e-05 
2.006e-06      1.244634645125038e-05 
2.0085e-06     1.192234718818996e-05 
2.011e-06      9.209763545516824e-06 
2.0135e-06     0.9000751575526461 
2.016e-06      0.8999988754805808 
2.0185e-06     0.8999972858748908 
2.021e-06      0.8999964496605199 
2.0235e-06     0.8999959980186797 
2.026e-06      0.8999956345497726 
2.0285e-06     0.8999957239463132 
2.031e-06      0.8999953292907494 
2.0335e-06     0.8999939716375545 
2.036e-06      0.8999890818411882 
2.0385e-06     0.8999656778631779 
2.041e-06      0.9000194447451465 
2.0435e-06     0.8999833869309016 
2.046e-06      0.9000124350379431 
2.0485e-06     0.9000103054053364 
2.051e-06      0.9000089928673308 
2.0535e-06     0.9000082562887319 
2.056e-06      0.9000080618721965 
2.0585e-06     0.9000081329075401 
2.061e-06      0.9000083641533536 
2.0635e-06     0.9000080376848324 
2.066e-06      0.9000073654771885 
2.0685e-06     0.9000067914534352 
2.071e-06      0.9000071046320571 
2.0735e-06     0.9000075000527343 
2.076e-06      0.9000072443373869 
2.0785e-06     0.9000073765259583 
2.081e-06      0.9000085756945492 
2.0835e-06     0.9000093174320547 
2.086e-06      0.900008735703396 
2.0885e-06     0.9000065083167127 
2.091e-06      0.9000052652663286 
2.0935e-06     0.9000052927530962 
2.096e-06      0.9000059453593215 
2.0985e-06     0.9000064858917185 
2.101e-06      0.9000067809699678 
2.1035e-06     0.9000063466893213 
2.106e-06      0.9000063122194419 
2.1085e-06     0.900005877966915 
2.111e-06      0.9000060293893756 
2.1135e-06     0.9000053576729702 
2.116e-06      0.900005062775288 
2.1185e-06     0.9000052931234431 
2.121e-06      0.9000071849411002 
2.1235e-06     0.9000093259809578 
2.126e-06      0.9000087252001442 
2.1285e-06     0.9000074376928336 
2.131e-06      0.9000072187266254 
2.1335e-06     0.9000074408136161 
2.136e-06      0.9000075701542386 
2.1385e-06     0.9000067970978889 
2.141e-06      0.9000071954915643 
2.1435e-06     0.9000081124365062 
2.146e-06      0.9000084094974176 
2.1485e-06     0.9000081699868795 
2.151e-06      0.9000080691289327 
2.1535e-06     0.9000083374318809 
2.156e-06      0.900008933623867 
2.1585e-06     0.9000102100252166 
2.161e-06      0.9000120859891998 
2.1635e-06     0.9000137239914836 
2.166e-06      0.8999736282813261 
2.1685e-06     0.899986208209282 
2.171e-06      0.8999868333427798 
2.1735e-06     0.8999936368182589 
2.176e-06      0.8999949790042464 
2.1785e-06     0.8999955533745131 
2.181e-06      0.8999958321564108 
2.1835e-06     0.8999962197989083 
2.186e-06      0.8999966200806818 
2.1885e-06     0.8999972638148702 
2.191e-06      0.8999986115386167 
2.1935e-06     0.9000006707404949 
2.196e-06      0.8999878896966088 
2.1985e-06     -5.260320198774878e-05 
2.201e-06      1.233944621817613e-05 
2.2035e-06     1.284771265972354e-05 
2.206e-06      1.293414074649193e-05 
2.2085e-06     1.296123633648816e-05 
2.211e-06      1.303424372860235e-05 
2.2135e-06     1.313095486651711e-05 
2.216e-06      1.330931981318408e-05 
2.2185e-06     1.270356174985527e-05 
2.221e-06      1.729872045567628e-07 
2.2235e-06     2.457015514493675e-05 
2.226e-06      8.46516934800689e-05 
2.2285e-06     -1.668248954059872e-05 
2.231e-06      -3.746292217732917e-06 
2.2335e-06     -2.946323338698368e-06 
2.236e-06      -1.013304956246504e-06 
2.2385e-06     7.709571786618531e-08 
2.241e-06      1.110015871758406e-06 
2.2435e-06     1.598982570536751e-06 
2.246e-06      2.181179821194491e-06 
2.2485e-06     3.326656462256222e-06 
2.251e-06      3.237279545417931e-06 
2.2535e-06     3.218989095952441e-06 
2.256e-06      3.226157782654828e-06 
2.2585e-06     3.323270396054325e-06 
2.261e-06      3.378424233922461e-06 
2.2635e-06     3.608617242196998e-06 
2.266e-06      3.644779805499833e-06 
2.2685e-06     3.732258513917707e-06 
2.271e-06      3.692342492502721e-06 
2.2735e-06     3.611978606325109e-06 
2.276e-06      3.541503333190376e-06 
2.2785e-06     3.431895475003217e-06 
2.281e-06      3.344087817732193e-06 
2.2835e-06     3.292141597067554e-06 
2.286e-06      3.348346186643466e-06 
2.2885e-06     3.272141084729939e-06 
2.291e-06      3.309913681953635e-06 
2.2935e-06     3.389883501944347e-06 
2.296e-06      3.490943763081125e-06 
2.2985e-06     3.60405991845178e-06 
2.301e-06      3.746868723619825e-06 
2.3035e-06     3.811369855684939e-06 
2.306e-06      3.709324180252275e-06 
2.3085e-06     3.635232256420849e-06 
2.311e-06      3.516012580119856e-06 
2.3135e-06     3.316460085479602e-06 
2.316e-06      3.355955838893538e-06 
2.3185e-06     3.17372291715531e-06 
2.321e-06      2.931810518951489e-06 
2.3235e-06     3.160777463795417e-06 
2.326e-06      2.85927205364892e-06 
2.3285e-06     1.909933788191532e-06 
2.331e-06      1.656496493131395e-06 
2.3335e-06     2.373543710578403e-09 
2.336e-06      -1.315983617455185e-07 
2.3385e-06     -2.628520730806576e-06 
2.341e-06      -2.136809793118309e-06 
2.3435e-06     -8.043726776924721e-06 
2.346e-06      -3.565747032678228e-05 
2.3485e-06     9.030860687586611e-05 
2.351e-06      -0.000105473446171318 
2.3535e-06     9.684780947413979e-06 
2.356e-06      1.325991789436626e-05 
2.3585e-06     1.320368869416604e-05 
2.361e-06      1.306556401716455e-05 
2.3635e-06     1.300826173842274e-05 
2.366e-06      1.29482584717608e-05 
2.3685e-06     1.287999817631189e-05 
2.371e-06      1.258193771824438e-05 
2.3735e-06     1.204376395885297e-05 
2.376e-06      9.979235648847722e-06 
2.3785e-06     -2.839832154642771e-05 
2.381e-06      0.9000142062159568 
2.3835e-06     0.8999978847513477 
2.386e-06      0.8999966451903758 
2.3885e-06     0.8999960836564515 
2.391e-06      0.8999956423608354 
2.3935e-06     0.8999957109580604 
2.396e-06      0.8999953909931133 
2.3985e-06     0.8999946486455371 
2.401e-06      0.8999917044682044 
2.4035e-06     0.8999759177948051 
2.406e-06      0.9000267467649073 
2.4085e-06     0.8999671724996168 
2.411e-06      0.9000129842441399 
2.4135e-06     0.9000107205410155 
2.416e-06      0.9000090370459138 
2.4185e-06     0.9000083761558716 
2.421e-06      0.9000080886448607 
2.4235e-06     0.9000080258723889 
2.426e-06      0.9000082516172816 
2.4285e-06     0.9000080527309866 
2.431e-06      0.9000076303284864 
2.4335e-06     0.9000067673711887 
2.436e-06      0.900007208393317 
2.4385e-06     0.900007567982274 
2.441e-06      0.9000072741818554 
2.4435e-06     0.9000072385017978 
2.446e-06      0.900008193299466 
2.4485e-06     0.9000092768742041 
2.451e-06      0.9000092340246476 
2.4535e-06     0.9000070997896051 
2.456e-06      0.9000054871606097 
2.4585e-06     0.9000051820595539 
2.461e-06      0.9000057454061305 
2.4635e-06     0.9000063371134082 
2.466e-06      0.9000067680368267 
2.4685e-06     0.9000069080952205 
2.471e-06      0.9000063498023022 
2.4735e-06     0.9000066985123873 
2.476e-06      0.9000062135792538 
2.4785e-06     0.9000054912034492 
2.481e-06      0.9000051181827188 
2.4835e-06     0.9000050403415959 
2.486e-06      0.9000065433183525 
2.4885e-06     0.9000094878460718 
2.491e-06      0.9000090818530425 
2.4935e-06     0.9000078160882082 
2.496e-06      0.9000071922526742 
2.4985e-06     0.900007342745919 
2.501e-06      0.9000075580971318 
2.5035e-06     0.90000688119286 
2.506e-06      0.9000069831590604 
2.5085e-06     0.9000078884125068 
2.511e-06      0.900008427979635 
2.5135e-06     0.900008208571675 
2.516e-06      0.900008056215949 
2.5185e-06     0.9000081899505699 
2.521e-06      0.9000087028528344 
2.5235e-06     0.9000097094605889 
2.526e-06      0.9000113491491586 
2.5285e-06     0.9000134042113171 
2.531e-06      0.9000010425616083 
2.5335e-06     0.9000784458578694 
2.536e-06      0.8999828582760478 
2.5385e-06     0.8999926727482362 
2.541e-06      0.8999947768107406 
2.5435e-06     0.8999954515815882 
2.546e-06      0.8999957333843288 
2.5485e-06     0.8999961367018685 
2.551e-06      0.8999964657694235 
2.5535e-06     0.8999969724013958 
2.556e-06      0.8999983688651358 
2.5585e-06     0.9000004304502079 
2.561e-06      0.8999848554131873 
2.5635e-06     -5.076719463062776e-05 
2.566e-06      1.217483885222457e-05 
2.5685e-06     1.271330853514222e-05 
2.571e-06      1.290380215552472e-05 
2.5735e-06     1.295221048260728e-05 
2.576e-06      1.301391031572899e-05 
2.5785e-06     1.309275487355352e-05 
2.581e-06      1.323887411664464e-05 
2.5835e-06     1.30373460855802e-05 
