
time (s)       VT("/I0/I1/I5/net7") (V)


2.6e-08        0.8999629533989568 
2.85e-08       0.8999225787937409 
3.1e-08        0.0001036866683846575 
3.35e-08       -2.410540483999501e-06 
3.6e-08        1.329496844957661e-05 
3.85e-08       1.40382398377939e-05 
4.1e-08        1.478800723922518e-05 
4.35e-08       1.526083193211503e-05 
4.6e-08        1.511207468440438e-05 
4.85e-08       1.569213964544614e-05 
5.1e-08        1.620813306462937e-05 
5.35e-08       1.663441898954141e-05 
5.600000000000001e-08 1.683502353146228e-05 
5.85e-08       1.675697194404328e-05 
6.1e-08        1.658706839616624e-05 
6.350000000000001e-08 1.652043066108503e-05 
6.600000000000001e-08 1.662039827431176e-05 
6.850000000000001e-08 1.665599412330558e-05 
7.1e-08        1.65798084748466e-05 
7.35e-08       1.656899241949918e-05 
7.599999999999999e-08 1.65189296834108e-05 
7.849999999999999e-08 1.652404470245824e-05 
8.1e-08        1.650600812227124e-05 
8.35e-08       1.641037350540277e-05 
8.6e-08        1.633771317049094e-05 
8.85e-08       1.620732057903874e-05 
9.100000000000001e-08 1.608907205463695e-05 
9.350000000000001e-08 1.603685685712907e-05 
9.600000000000001e-08 1.612014507442946e-05 
9.850000000000002e-08 1.618737305601111e-05 
1.01e-07       1.628480103124679e-05 
1.035e-07      1.63933411632134e-05 
1.06e-07       1.652445430228857e-05 
1.085e-07      1.661206603747648e-05 
1.11e-07       1.657620003965209e-05 
1.135e-07      1.662051110122407e-05 
1.16e-07       1.664183443560489e-05 
1.185e-07      1.668067631848609e-05 
1.21e-07       1.662636919026337e-05 
1.235e-07      1.667017290808078e-05 
1.26e-07       1.676824201160937e-05 
1.285e-07      1.659310407760941e-05 
1.31e-07       1.700066114010569e-05 
1.335e-07      1.629480666209208e-05 
1.36e-07       1.625638463506537e-05 
1.385e-07      1.567664883433663e-05 
1.41e-07       1.56250127034406e-05 
1.435e-07      1.418411336651019e-05 
1.46e-07       1.464222412449729e-05 
1.485e-07      1.354552169217052e-05 
1.51e-07       -2.458230453776954e-06 
1.535e-07      5.15514499882756e-05 
1.56e-07       0.8999226169329597 
1.585e-07      0.8999624941035559 
1.61e-07       0.8999729331699703 
1.635e-07      0.8999750660207479 
1.66e-07       0.8999764158296063 
1.685e-07      0.8999768176181714 
1.71e-07       0.8999771930363178 
1.735e-07      0.8999771274800797 
1.76e-07       0.8999765228492347 
1.785e-07      0.8999749071321468 
1.81e-07       0.8999715320385762 
1.835e-07      0.8999582500138913 
1.86e-07       1.068421000543665e-05 
1.885e-07      2.682884457813264e-05 
1.91e-07       2.52904993102988e-05 
1.935e-07      2.454498471327777e-05 
1.96e-07       2.425064477523704e-05 
1.985e-07      2.405171220115722e-05 
2.01e-07       2.436405022745148e-05 
2.035e-07      2.412764641607126e-05 
2.06e-07       2.286434005760976e-05 
2.085e-07      1.602993992642208e-05 
2.11e-07       -3.542908463187181e-06 
2.135e-07      0.8998879165388038 
2.16e-07       0.8999746506064885 
2.185e-07      0.8999765812989126 
2.21e-07       0.8999779941960397 
2.235e-07      0.899979319368214 
2.26e-07       0.8999805654809585 
2.285e-07      0.8999817271217083 
2.31e-07       0.8999828795764415 
2.335e-07      0.8999837784647436 
2.36e-07       0.899983746098761 
2.385e-07      0.8999836242750607 
2.41e-07       0.8999839314756733 
2.435e-07      0.8999849532847652 
2.46e-07       0.8999850152632416 
2.485e-07      0.8999851344644131 
2.51e-07       0.8999859666854372 
2.535e-07      0.89998721045215 
2.56e-07       0.8999876641850114 
2.585e-07      0.8999860930300919 
2.61e-07       0.8999846286303447 
2.635e-07      0.8999839790324324 
2.66e-07       0.8999847653089417 
2.685e-07      0.899984704608631 
2.71e-07       0.8999850319541357 
2.735e-07      0.8999852126668527 
2.76e-07       0.8999859590919616 
2.785e-07      0.8999860113381956 
2.81e-07       0.8999847670432449 
2.835e-07      0.8999849923066907 
2.86e-07       0.8999843891960705 
2.885e-07      0.8999841062210225 
2.91e-07       0.8999848921396876 
2.935e-07      0.8999873985259961 
2.96e-07       0.8999874171145383 
2.985e-07      0.8999862725613719 
3.01e-07       0.8999852181137942 
3.035e-07      0.8999850353445227 
3.06e-07       0.8999850767120252 
3.085e-07      0.8999843727218707 
3.11e-07       0.8999835448282092 
3.135e-07      0.8999838049000769 
3.16e-07       0.8999835998179058 
3.185e-07      0.8999831347200551 
3.21e-07       0.8999820208035945 
3.235e-07      0.899980808145606 
3.26e-07       0.8999796852339031 
3.285e-07      0.8999783129652292 
3.31e-07       0.899976907687478 
3.335e-07      0.8999753755739884 
3.36e-07       0.899968064950003 
3.385e-07      2.696385143009089e-05 
3.41e-07       8.062839830230179e-06 
3.435e-07      2.236840862882946e-05 
3.46e-07       2.403524753342762e-05 
3.485e-07      2.427007202805201e-05 
3.51e-07       2.4081079642063e-05 
3.535e-07      2.441196609236211e-05 
3.56e-07       2.470712940403371e-05 
3.585e-07      2.518482862350349e-05 
3.61e-07       2.64388687523198e-05 
3.635e-07      2.837592307444963e-05 
3.66e-07       2.802495823352627e-05 
3.685e-07      0.8998650831146043 
3.71e-07       0.8999745167470645 
3.735e-07      0.8999763883815917 
3.76e-07       0.8999775878228496 
3.785e-07      0.8999777676187061 
3.81e-07       0.8999770690859238 
3.835e-07      0.8999764299793162 
3.86e-07       0.8999757286988913 
3.885e-07      0.8999737840934101 
3.91e-07       0.8999681264601009 
3.935e-07      0.8999315845265963 
3.96e-07       5.542050321108387e-05 
3.985e-07      -1.225646595480743e-05 
4.01e-07       1.155859058422629e-05 
4.035e-07      1.486253758187834e-05 
4.06e-07       1.375598564175702e-05 
4.085e-07      1.557973913985322e-05 
4.11e-07       1.52220008883667e-05 
4.135e-07      1.622240743255474e-05 
4.16e-07       1.614735924049247e-05 
4.185e-07      1.677517477239829e-05 
4.21e-07       1.711895587160805e-05 
4.235e-07      1.675823831841215e-05 
4.26e-07       1.658699555104464e-05 
4.285e-07      1.658585114720874e-05 
4.31e-07       1.656218161118866e-05 
4.335e-07      1.662696018203868e-05 
4.36e-07       1.662146556165402e-05 
4.385e-07      1.658678550162771e-05 
4.41e-07       1.663460698426145e-05 
4.435e-07      1.655874924142895e-05 
4.46e-07       1.643069722896943e-05 
4.485e-07      1.64500322825212e-05 
4.51e-07       1.621144880881524e-05 
4.535e-07      1.614174396166658e-05 
4.56e-07       1.610051831538886e-05 
4.585e-07      1.62370287883541e-05 
4.61e-07       1.611069104744397e-05 
4.635e-07      1.616725172353134e-05 
4.66e-07       1.638875268627834e-05 
4.685e-07      1.636299777951066e-05 
4.71e-07       1.647948020480431e-05 
4.735e-07      1.654579552635122e-05 
4.76e-07       1.652866625735617e-05 
4.785000000000001e-07 1.66213143737733e-05 
4.81e-07       1.663327970535225e-05 
4.835e-07      1.65728456317044e-05 
4.86e-07       1.662410716393502e-05 
4.885000000000001e-07 1.646961866335955e-05 
4.91e-07       1.678218947658852e-05 
4.935e-07      1.665500228256557e-05 
4.96e-07       1.687341722760856e-05 
4.985000000000001e-07 1.63801538809478e-05 
5.010000000000001e-07 1.618399276845514e-05 
5.035e-07      1.604339732693004e-05 
5.060000000000001e-07 1.555949497673503e-05 
5.085000000000001e-07 1.491139944575864e-05 
5.110000000000001e-07 1.433185653006543e-05 
5.135e-07      1.392825662964624e-05 
5.16e-07       4.416267625055532e-06 
5.185000000000001e-07 -5.21827165641362e-06 
5.210000000000001e-07 1.357335105524116e-05 
5.235e-07      0.8998709845520042 
5.26e-07       0.8999716640087551 
5.285000000000001e-07 0.899974666295612 
5.310000000000001e-07 0.8999761439844425 
5.335000000000001e-07 0.8999769048529463 
5.36e-07       0.8999771288929236 
5.385e-07      0.8999771820979104 
5.410000000000001e-07 0.8999768549973524 
5.435000000000001e-07 0.8999758644382826 
5.46e-07       0.899973658232021 
5.485e-07      0.8999658971690382 
5.510000000000001e-07 -2.645262240704877e-05 
5.535000000000001e-07 2.746957308856045e-05 
5.560000000000001e-07 2.558573620918435e-05 
5.585e-07      2.444991827668507e-05 
5.61e-07       2.431035296476939e-05 
5.635000000000001e-07 2.428245294732686e-05 
5.660000000000001e-07 2.409648684009798e-05 
5.685e-07      2.410802604073715e-05 
5.71e-07       2.37176530446526e-05 
5.735000000000001e-07 1.884595436581942e-05 
5.760000000000001e-07 -4.605331304978347e-06 
5.785000000000001e-07 0.8999115059290679 
5.81e-07       0.8999735847973799 
5.835000000000001e-07 0.8999762775371382 
5.860000000000001e-07 0.8999777335077748 
5.885000000000001e-07 0.8999789100346464 
5.91e-07       0.8999801767218158 
5.935e-07      0.8999814039923298 
5.960000000000001e-07 0.8999825636756883 
5.985000000000001e-07 0.8999836065667783 
6.01e-07       0.8999838655382874 
6.035e-07      0.8999836915330621 
6.060000000000001e-07 0.8999837283111015 
6.085000000000001e-07 0.8999848611492687 
6.110000000000001e-07 0.899985061919249 
6.135e-07      0.899985117671981 
6.16e-07       0.8999855756246284 
6.185000000000001e-07 0.8999868634817961 
6.210000000000001e-07 0.8999875526868365 
6.235e-07      0.8999868342312104 
6.26e-07       0.8999849840136174 
6.285000000000001e-07 0.899984227825753 
6.310000000000001e-07 0.8999846119383793 
6.335000000000001e-07 0.8999852906413811 
6.36e-07       0.8999857743941987 
6.385000000000001e-07 0.8999858641704663 
6.410000000000001e-07 0.899985258148116 
6.435000000000001e-07 0.8999858498026617 
6.46e-07       0.8999849071732638 
6.485e-07      0.8999845462603586 
6.510000000000001e-07 0.8999845257108715 
6.535000000000001e-07 0.899984167346345 
6.560000000000001e-07 0.899984472334759 
6.585e-07      0.8999869685381032 
6.610000000000001e-07 0.899987506078306 
6.635000000000001e-07 0.8999866469568867 
6.660000000000001e-07 0.8999854215467777 
6.685e-07      0.8999850917959463 
6.71e-07       0.8999850798487634 
6.735000000000001e-07 0.899984729739345 
6.760000000000001e-07 0.8999836571787392 
6.785e-07      0.8999836993905597 
6.81e-07       0.8999838026481055 
6.835000000000001e-07 0.8999834171710542 
6.860000000000001e-07 0.89998234433793 
6.885000000000001e-07 0.8999811671134567 
6.91e-07       0.8999800669269002 
6.935e-07      0.8999786614363443 
6.960000000000001e-07 0.8999774323410238 
6.985000000000001e-07 0.8999759741821636 
7.01e-07       0.8999730365584863 
7.035e-07      0.8999271601243144 
7.060000000000001e-07 -6.803167883763431e-06 
7.085000000000001e-07 1.99240495831311e-05 
7.110000000000001e-07 2.403970436144747e-05 
7.135e-07      2.416908235756724e-05 
7.160000000000001e-07 2.401286423248501e-05 
7.185000000000001e-07 2.436916381229659e-05 
7.210000000000001e-07 2.462968433355011e-05 
7.235e-07      2.509971015596575e-05 
7.26e-07       2.589259604619582e-05 
7.285000000000001e-07 2.796039040421459e-05 
7.310000000000001e-07 2.948657875813835e-05 
7.335e-07      0.899956712748098 
7.36e-07       0.8999738269121448 
7.385000000000001e-07 0.899976045359149 
7.410000000000001e-07 0.8999771835268926 
7.435000000000001e-07 0.8999777348463508 
7.46e-07       0.8999771937299357 
7.485e-07      0.8999769395250291 
7.510000000000001e-07 0.8999760632061244 
7.535000000000001e-07 0.8999744806636292 
7.56e-07       0.8999706900929444 
7.585e-07      0.8999491855238618 
7.610000000000001e-07 0.8999797999908431 
7.635000000000001e-07 5.270947363433215e-05 
7.660000000000001e-07 6.881758638922682e-06 
7.685e-07      1.423341850782348e-05 
7.710000000000001e-07 1.363041603599991e-05 
7.735000000000001e-07 1.523444404718132e-05 
7.760000000000001e-07 1.474672799520033e-05 
7.785e-07      1.599709758700258e-05 
7.81e-07       1.610091088452982e-05 
7.835000000000001e-07 1.64255997590643e-05 
7.860000000000001e-07 1.713690909981932e-05 
7.885000000000001e-07 1.700515373956414e-05 
7.91e-07       1.667044187816806e-05 
7.935000000000001e-07 1.660859451169678e-05 
7.960000000000001e-07 1.671209563825979e-05 
7.985000000000001e-07 1.666705476580209e-05 
8.01e-07       1.660931786656445e-05 
8.035e-07      1.660457306198461e-05 
8.060000000000001e-07 1.651550848723773e-05 
8.085000000000001e-07 1.659452679873018e-05 
8.11e-07       1.644839868689975e-05 
8.135e-07      1.646783183040541e-05 
8.160000000000001e-07 1.623843104373112e-05 
8.185000000000001e-07 1.616100559074095e-05 
8.210000000000001e-07 1.610918439852216e-05 
8.235e-07      1.60892603773448e-05 
8.26e-07       1.610183072049777e-05 
8.285000000000001e-07 1.629588145547317e-05 
8.310000000000001e-07 1.637237048960673e-05 
8.335e-07      1.632973238660954e-05 
8.36e-07       1.644362097154659e-05 
8.385000000000001e-07 1.656123630359064e-05 
8.410000000000001e-07 1.652944230760592e-05 
8.435000000000001e-07 1.659167003057723e-05 
8.46e-07       1.660420787093394e-05 
8.485000000000001e-07 1.662018051160915e-05 
8.510000000000001e-07 1.671739336781331e-05 
8.535000000000001e-07 1.664855411879927e-05 
8.56e-07       1.661171297713281e-05 
8.585e-07      1.673350602317824e-05 
8.610000000000001e-07 1.690432763442233e-05 
8.635000000000001e-07 1.656733347906907e-05 
8.660000000000001e-07 1.619282812731664e-05 
8.685e-07      1.628292562966095e-05 
8.710000000000001e-07 1.498816248357231e-05 
8.735000000000001e-07 1.540934561863079e-05 
8.760000000000001e-07 1.409003674256675e-05 
8.785e-07      1.472987427656686e-05 
8.81e-07       8.981899357930272e-06 
8.835000000000001e-07 -1.48475308375918e-05 
8.860000000000001e-07 6.235565871223281e-05 
8.885e-07      0.8998573257307251 
8.91e-07       0.8999688495898613 
8.935000000000001e-07 0.899974236309003 
8.960000000000001e-07 0.8999758406446786 
8.985000000000001e-07 0.8999764873729048 
9.01e-07       0.8999770403339237 
9.035000000000001e-07 0.8999772191807256 
9.060000000000001e-07 0.8999769674078396 
9.085000000000001e-07 0.8999759621334112 
9.11e-07       0.8999739842980368 
9.135e-07      0.8999695952796032 
9.160000000000001e-07 0.8999715519365283 
9.185000000000001e-07 2.573675367840645e-05 
9.210000000000001e-07 2.61630447860519e-05 
9.235e-07      2.490148894491596e-05 
9.260000000000001e-07 2.437541124435347e-05 
9.285000000000001e-07 2.410448510464287e-05 
9.310000000000001e-07 2.432559611051552e-05 
9.335e-07      2.425604864919599e-05 
9.36e-07       2.399364212457776e-05 
9.385000000000001e-07 2.131032428675828e-05 
9.410000000000001e-07 5.351693222886653e-06 
9.435000000000001e-07 8.737199950721316e-05 
9.46e-07       0.8999161958827279 
9.485000000000001e-07 0.8999757115382284 
9.510000000000001e-07 0.8999771721205764 
9.535000000000001e-07 0.8999786893230607 
9.56e-07       0.8999801715014027 
9.585e-07      0.8999810274175517 
9.61e-07       0.8999822318757152 
9.635e-07      0.8999832921186557 
9.659999999999999e-07 0.8999837146498428 
9.684999999999999e-07 0.899983788400324 
9.710000000000001e-07 0.8999836195250344 
9.735000000000001e-07 0.8999845726503584 
9.760000000000001e-07 0.8999850761097323 
9.785e-07      0.8999850945431054 
9.81e-07       0.8999853272391508 
9.835e-07      0.8999865038462191 
9.860000000000002e-07 0.8999874795878694 
9.885000000000001e-07 0.8999872781380707 
9.910000000000001e-07 0.8999853382931989 
9.935000000000001e-07 0.8999841224336248 
9.960000000000001e-07 0.8999844674873717 
9.985000000000001e-07 0.8999851071078504 
1.001e-06      0.8999856485874098 
1.0035e-06     0.8999857877475913 
1.006e-06      0.8999852174151859 
1.0085e-06     0.8999851774599237 
1.011e-06      0.8999858659417623 
1.0135e-06     0.8999853668746857 
1.016e-06      0.8999846717062915 
1.0185e-06     0.8999842544153752 
1.021e-06      0.8999841429066413 
1.0235e-06     0.8999856180663814 
1.026e-06      0.8999874736195183 
1.0285e-06     0.8999870391892703 
1.031e-06      0.8999857114272947 
1.0335e-06     0.8999851006902105 
1.036e-06      0.8999850362118966 
1.0385e-06     0.8999848956938886 
1.041e-06      0.8999838450252362 
1.0435e-06     0.8999836302993997 
1.046e-06      0.8999839204584921 
1.0485e-06     0.8999836443342649 
1.051e-06      0.8999826881666128 
1.0535e-06     0.8999815253401002 
1.056e-06      0.899980367123675 
1.0585e-06     0.8999790871362224 
1.061e-06      0.8999778397788981 
1.0635e-06     0.8999763828481732 
1.066e-06      0.8999741837193421 
1.0685e-06     0.8999477033009228 
1.071e-06      2.418815418391298e-05 
1.0735e-06     1.706079183857164e-05 
1.076e-06      2.34341991484783e-05 
1.0785e-06     2.410269478069429e-05 
1.081e-06      2.418663824992784e-05 
1.0835e-06     2.43134557497529e-05 
1.086e-06      2.452779913359482e-05 
1.0885e-06     2.490398633784282e-05 
1.091e-06      2.529810690738602e-05 
1.0935e-06     2.693552939088796e-05 
1.096e-06      2.982370149938719e-05 
1.0985e-06     -1.077741195403233e-06 
1.101e-06      0.8998915677134971 
1.1035e-06     0.8999754054782645 
1.106e-06      0.8999769068949063 
1.1085e-06     0.8999774199473315 
1.111e-06      0.8999773729557957 
1.1135e-06     0.8999768369805764 
1.116e-06      0.8999763540950574 
1.1185e-06     0.899974897837747 
1.121e-06      0.8999726676452617 
1.1235e-06     0.8999601723732781 
1.126e-06      0.8999347326979086 
1.1285e-06     0.0001121850707262695 
1.131e-06      1.350573457630324e-06 
1.1335e-06     1.374096690568153e-05 
1.136e-06      1.397499985639279e-05 
1.1385e-06     1.485906456573206e-05 
1.141e-06      1.552828092640802e-05 
1.1435e-06     1.584733939488123e-05 
1.146e-06      1.610711245346559e-05 
1.1485e-06     1.626683771899094e-05 
1.151e-06      1.703815614023662e-05 
1.1535e-06     1.681406179435664e-05 
1.156e-06      1.675607975570732e-05 
1.1585e-06     1.666940434316551e-05 
1.161e-06      1.657471392969368e-05 
1.1635e-06     1.652798061026973e-05 
1.166e-06      1.663626635204278e-05 
1.1685e-06     1.662576912304975e-05 
1.171e-06      1.661135374178131e-05 
1.1735e-06     1.662456613459006e-05 
1.176e-06      1.638065049405961e-05 
1.1785e-06     1.637739539171703e-05 
1.181e-06      1.626721840899233e-05 
1.1835e-06     1.61832899823095e-05 
1.186e-06      1.611986030911483e-05 
1.1885e-06     1.609163226003706e-05 
1.191e-06      1.625597429393848e-05 
1.1935e-06     1.628886885323173e-05 
1.196e-06      1.620356373722215e-05 
1.1985e-06     1.629786815851118e-05 
1.201e-06      1.640840014571443e-05 
1.2035e-06     1.653621138508571e-05 
1.206e-06      1.652338589246411e-05 
1.2085e-06     1.661742400884919e-05 
1.211e-06      1.6581385094024e-05 
1.2135e-06     1.663866304695368e-05 
1.216e-06      1.668913981395363e-05 
1.2185e-06     1.664090473548144e-05 
1.221e-06      1.665568855986392e-05 
1.2235e-06     1.656097246030103e-05 
1.226e-06      1.652891286874822e-05 
1.2285e-06     1.685273649871056e-05 
1.231e-06      1.664522466711311e-05 
1.2335e-06     1.629928314888839e-05 
1.236e-06      1.546251224728745e-05 
1.2385e-06     1.562435774260277e-05 
1.241e-06      1.386709546122015e-05 
1.2435e-06     1.465286434355403e-05 
1.246e-06      1.305423068904134e-05 
1.2485e-06     -6.737926254347524e-06 
1.251e-06      8.922832591990007e-05 
1.2535e-06     0.8998835204806829 
1.256e-06      0.8999658776625959 
1.2585e-06     0.899973304897617 
1.261e-06      0.8999752076912938 
1.2635e-06     0.8999765271385388 
1.266e-06      0.8999769168126834 
1.2685e-06     0.8999772027728199 
1.271e-06      0.8999770726805534 
1.2735e-06     0.8999767173324189 
1.276e-06      0.8999746037478247 
1.2785e-06     0.8999707352091502 
1.281e-06      0.8999477769726439 
1.2835e-06     2.284909388518405e-05 
1.286e-06      2.652223048459809e-05 
1.2885e-06     2.515841995957886e-05 
1.291e-06      2.423827886157702e-05 
1.2935e-06     2.420469118913873e-05 
1.296e-06      2.425322330035137e-05 
1.2985e-06     2.422494214093368e-05 
1.301e-06      2.409273850674693e-05 
1.3035e-06     2.253474431897805e-05 
1.306e-06      1.326978320193575e-05 
1.3085e-06     7.629424066574382e-06 
1.311e-06      0.8998990159510788 
1.3135e-06     0.899975044588796 
1.316e-06      0.8999767640025825 
1.3185e-06     0.8999781419264543 
1.321e-06      0.8999796942952356 
1.3235e-06     0.8999806893839959 
1.326e-06      0.8999818980446918 
1.3285e-06     0.899983026222242 
1.331e-06      0.8999838278084785 
1.3335e-06     0.8999836620103464 
1.336e-06      0.899983603282126 
1.3385e-06     0.8999841857459188 
1.341e-06      0.8999850366288316 
1.3435e-06     0.8999850187256606 
1.346e-06      0.8999851950116117 
1.3485e-06     0.8999861285522559 
1.351e-06      0.8999873486075727 
1.3535e-06     0.8999875089865705 
1.356e-06      0.8999858141616097 
1.3585e-06     0.8999844610781268 
1.361e-06      0.8999843456040388 
1.3635e-06     0.8999848941268426 
1.366e-06      0.8999855535254017 
1.3685e-06     0.8999859482794251 
1.371e-06      0.8999859366333084 
1.3735e-06     0.8999859452077464 
1.376e-06      0.8999851270810113 
1.3785e-06     0.8999847228138995 
1.381e-06      0.8999848853358096 
1.3835e-06     0.89998435958034 
1.386e-06      0.8999840853643495 
1.3885e-06     0.8999850740520758 
1.391e-06      0.8999875579511434 
1.3935e-06     0.8999873404659895 
1.396e-06      0.8999860803389603 
1.3985e-06     0.899985174219269 
1.401e-06      0.8999850160774934 
1.4035e-06     0.8999850108869424 
1.406e-06      0.8999842337079649 
1.4085e-06     0.8999836045077964 
1.411e-06      0.8999836309816016 
1.4135e-06     0.8999838048490094 
1.416e-06      0.8999829848235436 
1.4185e-06     0.8999818463128233 
1.421e-06      0.8999806077900329 
1.4235e-06     0.8999794725672812 
1.426e-06      0.899978143625178 
1.4285e-06     0.8999767013573684 
1.431e-06      0.8999750217210887 
1.4335e-06     0.8999652534827829 
1.436e-06      6.957997927111548e-05 
1.4385e-06     1.164405391325783e-05 
1.441e-06      2.266890353105361e-05 
1.4435e-06     2.406326097267417e-05 
1.446e-06      2.430936903104422e-05 
1.4485e-06     2.425322228707962e-05 
1.451e-06      2.44690265939591e-05 
1.4535e-06     2.476365497965517e-05 
1.456e-06      2.530817642291276e-05 
1.4585e-06     2.669092371023686e-05 
1.461e-06      2.861321106567391e-05 
1.4635e-06     2.531662693642644e-05 
1.466e-06      0.899879127234483 
1.4685e-06     0.8999748181371671 
1.471e-06      0.899976942084603 
1.4735e-06     0.8999773798947339 
1.476e-06      0.8999777509285563 
1.4785e-06     0.8999773038221539 
1.481e-06      0.8999763245114453 
1.4835e-06     0.8999755476493932 
1.486e-06      0.8999734392727282 
1.4885e-06     0.8999664007552842 
1.491e-06      0.8999246377229537 
1.4935e-06     7.035532437324921e-05 
1.496e-06      -7.45094926782796e-06 
1.4985e-06     1.350663554033886e-05 
1.501e-06      1.482803783858054e-05 
1.5035e-06     1.413709532626054e-05 
1.506e-06      1.554204310818522e-05 
1.5085e-06     1.542185699519778e-05 
1.511e-06      1.622902341804966e-05 
1.5135e-06     1.656442139232625e-05 
1.516e-06      1.674656785721164e-05 
1.5185e-06     1.673474063162015e-05 
1.521e-06      1.675685639366462e-05 
1.5235e-06     1.662933663345251e-05 
1.526e-06      1.659359609545227e-05 
1.5285e-06     1.655579986350102e-05 
1.531e-06      1.663305547501728e-05 
1.5335e-06     1.661376821830026e-05 
1.536e-06      1.665096358706026e-05 
1.5385e-06     1.663084070955289e-05 
1.541e-06      1.654503490222886e-05 
1.5435e-06     1.641271511396415e-05 
1.546e-06      1.629796703663187e-05 
1.5485e-06     1.61995951496504e-05 
1.551e-06      1.61333666153659e-05 
1.5535e-06     1.609643859313372e-05 
1.556e-06      1.609068925761397e-05 
1.5585e-06     1.611667455315709e-05 
1.561e-06      1.618230057545558e-05 
1.5635e-06     1.626717929736529e-05 
1.566e-06      1.625036109926658e-05 
1.5685e-06     1.649576342522239e-05 
1.571e-06      1.659671498535282e-05 
1.5735e-06     1.653806674354633e-05 
1.576e-06      1.65897620997958e-05 
1.5785e-06     1.664288401507785e-05 
1.581e-06      1.654164485925657e-05 
1.5835e-06     1.6622563204659e-05 
1.586e-06      1.666861224789588e-05 
1.5885e-06     1.661427228925436e-05 
1.591e-06      1.66193726485684e-05 
1.5935e-06     1.681876652032086e-05 
1.596e-06      1.630699664236304e-05 
1.5985e-06     1.622075560375186e-05 
1.601e-06      1.592791954820422e-05 
1.6035e-06     1.561300578387621e-05 
1.606e-06      1.457958700209477e-05 
1.6085e-06     1.451397370819128e-05 
1.611e-06      1.36887563273769e-05 
1.6135e-06     1.555232708845074e-06 
1.616e-06      1.321261218899035e-05 
1.6185e-06     0.8998945974842586 
1.621e-06      0.8999576648666741 
1.6235e-06     0.8999725221198195 
1.626e-06      0.8999748828833557 
1.6285e-06     0.8999759989894086 
1.631e-06      0.8999767640232779 
1.6335e-06     0.8999771824477952 
1.636e-06      0.8999771648739011 
1.6385e-06     0.899976672042497 
1.641e-06      0.8999755871636479 
1.6435e-06     0.8999724073655897 
1.646e-06      0.8999623264737187 
1.6485e-06     3.071272279872538e-06 
1.651e-06      2.67371320881452e-05 
1.6535e-06     2.542754586138921e-05 
1.656e-06      2.443436623534619e-05 
1.6585e-06     2.425882399086898e-05 
1.661e-06      2.425843314973186e-05 
1.6635e-06     2.425474191787588e-05 
1.666e-06      2.415830689454347e-05 
1.6685e-06     2.315726484104532e-05 
1.671e-06      1.75294471318118e-05 
1.6735e-06     -1.024466873584582e-05 
1.676e-06      0.8999172841797473 
1.6785e-06     0.8999741719503375 
1.681e-06      0.8999764424375355 
1.6835e-06     0.8999778583533528 
1.686e-06      0.899979356824353 
1.6885e-06     0.8999803918845817 
1.691e-06      0.8999815489466181 
1.6935e-06     0.8999827278559642 
1.696e-06      0.8999837092477168 
1.6985e-06     0.8999839514727319 
1.701e-06      0.8999836641170654 
1.7035e-06     0.8999838057081083 
1.706e-06      0.8999849007357215 
1.7085e-06     0.8999850264923038 
1.711e-06      0.8999851083260736 
1.7135e-06     0.8999857772817816 
1.716e-06      0.899987023073384 
1.7185e-06     0.8999874797222636 
1.721e-06      0.8999864592330878 
1.7235e-06     0.8999847449626136 
1.726e-06      0.8999842430007997 
1.7285e-06     0.8999846732229799 
1.731e-06      0.899985383569214 
1.7335e-06     0.8999858416980077 
1.736e-06      0.899985893358158 
1.7385e-06     0.8999852206259172 
1.741e-06      0.8999851524957244 
1.7435e-06     0.8999848054380575 
1.746e-06      0.8999850943407206 
1.7485e-06     0.8999844550147218 
1.751e-06      0.8999841327170739 
1.7535e-06     0.8999846720360601 
1.756e-06      0.8999871594577217 
1.7585e-06     0.8999874807997185 
1.761e-06      0.8999864363919967 
1.7635e-06     0.8999853180103932 
1.766e-06      0.8999850878832907 
1.7685e-06     0.8999850724433263 
1.771e-06      0.899984544895417 
1.7735e-06     0.8999836022815009 
1.776e-06      0.8999837518871481 
1.7785e-06     0.8999836889319723 
1.781e-06      0.8999832827778291 
1.7835e-06     0.8999821875069574 
1.786e-06      0.8999809904814069 
1.7885e-06     0.899979862472546 
1.791e-06      0.8999784722975018 
1.7935e-06     0.8999771485474529 
1.796e-06      0.899975687972329 
1.7985e-06     0.8999708390359131 
1.801e-06      0.8999848243332209 
1.8035e-06     -1.975109048909377e-06 
1.806e-06      2.124195880207795e-05 
1.8085e-06     2.396453329633344e-05 
1.811e-06      2.410788404563091e-05 
1.8135e-06     2.408762089279258e-05 
1.816e-06      2.437560248043666e-05 
1.8185e-06     2.466775814219183e-05 
1.821e-06      2.502232829829725e-05 
1.8235e-06     2.589517592590363e-05 
1.826e-06      2.837975525128474e-05 
1.8285e-06     2.880923679368773e-05 
1.831e-06      0.8998421572800752 
1.8335e-06     0.8999741904345747 
1.836e-06      0.8999762435007528 
1.8385e-06     0.8999775253394612 
1.841e-06      0.8999774789114933 
1.8435e-06     0.8999771571223408 
1.846e-06      0.8999765628052727 
1.8485e-06     0.8999755978964842 
1.851e-06      0.8999741040770478 
1.8535e-06     0.8999694794574532 
1.856e-06      0.8999415538290793 
1.8585e-06     0.8999255625785205 
1.861e-06      2.663430207088255e-05 
1.8635e-06     8.971977517389857e-06 
1.866e-06      1.46999742267703e-05 
1.8685e-06     1.34602733747919e-05 
1.871e-06      1.544595275526388e-05 
1.8735e-06     1.495213800401195e-05 
1.876e-06      1.619532074739386e-05 
1.8785e-06     1.608061379555856e-05 
1.881e-06      1.652289950597304e-05 
1.8835e-06     1.675962413330545e-05 
1.886e-06      1.693655106823582e-05 
1.8885e-06     1.655915572610198e-05 
1.891e-06      1.663092989220147e-05 
1.8935e-06     1.657337786020168e-05 
1.896e-06      1.66171231209576e-05 
1.8985e-06     1.66062170378955e-05 
1.901e-06      1.659318859053285e-05 
1.9035e-06     1.651979583722996e-05 
1.906e-06      1.657401576143509e-05 
1.9085e-06     1.644829744436296e-05 
1.911e-06      1.631924732903144e-05 
1.9135e-06     1.622546738769581e-05 
1.916e-06      1.615055267693348e-05 
1.9185e-06     1.610445249421294e-05 
1.921e-06      1.625031907480997e-05 
1.9235e-06     1.610548048810319e-05 
1.926e-06      1.63125001889132e-05 
1.9285e-06     1.638477017336019e-05 
1.931e-06      1.634671918348931e-05 
1.9335e-06     1.646103368887095e-05 
1.936e-06      1.6592265188e-05 
1.9385e-06     1.655828081598361e-05 
1.941e-06      1.66088826138431e-05 
1.9435e-06     1.661610528682299e-05 
1.946e-06      1.664640812837099e-05 
1.9485e-06     1.670796241717492e-05 
1.951e-06      1.665488037314534e-05 
1.9535e-06     1.663760182397285e-05 
1.956e-06      1.669938895607516e-05 
1.9585e-06     1.690223139658854e-05 
1.961e-06      1.646349323607102e-05 
1.9635e-06     1.617908216114361e-05 
1.966e-06      1.623535508215626e-05 
1.9685e-06     1.477331573864473e-05 
1.971e-06      1.516075039414379e-05 
1.9735e-06     1.42362557664368e-05 
1.976e-06      1.425249065284276e-05 
1.9785e-06     6.744387463519953e-06 
1.981e-06      -1.641909894970772e-05 
1.9835e-06     3.379931485800272e-05 
1.986e-06      0.8998609377979486 
1.9885e-06     0.8999701735792701 
1.991e-06      0.8999744218481145 
1.9935e-06     0.8999756916308868 
1.996e-06      0.8999768102791071 
1.9985e-06     0.8999770684467936 
2.001e-06      0.8999771864928786 
2.0035e-06     0.8999768831166847 
2.006e-06      0.8999757283569489 
2.0085e-06     0.8999740050615506 
2.011e-06      0.8999685591723606 
2.0135e-06     6.313634405765709e-05 
2.016e-06      2.745667710814961e-05 
2.0185e-06     2.578122560742181e-05 
2.021e-06      2.480725966406827e-05 
2.0235e-06     2.433921038493939e-05 
2.026e-06      2.40946292827034e-05 
2.0285e-06     2.437744011634535e-05 
2.031e-06      2.423623311515125e-05 
2.0335e-06     2.372676143552064e-05 
2.036e-06      2.022575369010903e-05 
2.0385e-06     9.481913446787339e-07 
2.041e-06      4.788481566722314e-05 
2.0435e-06     0.8999213434014862 
2.046e-06      0.8999760005636395 
2.0485e-06     0.8999774202573629 
2.051e-06      0.899978682251699 
2.0535e-06     0.899980368678405 
2.056e-06      0.8999812149132752 
2.0585e-06     0.8999823847894445 
2.061e-06      0.8999834623889555 
2.0635e-06     0.899983838193037 
2.066e-06      0.8999837366246392 
2.0685e-06     0.8999836584173724 
2.071e-06      0.8999843591337886 
2.0735e-06     0.8999850786680926 
2.076e-06      0.8999850977200472 
2.0785e-06     0.8999854313881015 
2.081e-06      0.8999867010558991 
2.0835e-06     0.8999875085105595 
2.086e-06      0.8999870401954609 
2.0885e-06     0.8999851253827217 
2.091e-06      0.8999840618970036 
2.0935e-06     0.8999845400943283 
2.096e-06      0.8999851972407884 
2.0985e-06     0.8999857177683616 
2.101e-06      0.8999858276842937 
2.1035e-06     0.8999852219665623 
2.106e-06      0.8999852043711235 
2.1085e-06     0.8999849042519377 
2.111e-06      0.8999852751153401 
2.1135e-06     0.8999846059132208 
2.116e-06      0.8999842066372071 
2.1185e-06     0.8999842728520777 
2.121e-06      0.8999858895919147 
2.1235e-06     0.8999874856062954 
2.126e-06      0.899986847951384 
2.1285e-06     0.8999855162717121 
2.131e-06      0.8999850880287233 
2.1335e-06     0.8999850745854856 
2.136e-06      0.8999848559753477 
2.1385e-06     0.8999837264759891 
2.141e-06      0.8999836529296275 
2.1435e-06     0.8999838361442215 
2.146e-06      0.8999835638140516 
2.1485e-06     0.8999825219737211 
2.151e-06      0.8999813388446799 
2.1535e-06     0.8999801620170775 
2.156e-06      0.8999788921267616 
2.1585e-06     0.8999776896438541 
2.161e-06      0.8999762019757487 
2.1635e-06     0.8999736421615193 
2.166e-06      0.8999289611155231 
2.1685e-06     9.41850706615914e-07 
2.171e-06      1.851500325380575e-05 
2.1735e-06     2.355748792801461e-05 
2.176e-06      2.405818709221894e-05 
2.1785e-06     2.420109929388236e-05 
2.181e-06      2.433419399611824e-05 
2.1835e-06     2.459832172403482e-05 
2.186e-06      2.499957199675498e-05 
2.1885e-06     2.578624610406882e-05 
2.191e-06      2.720151748890412e-05 
2.1935e-06     2.984017260714055e-05 
2.196e-06      1.906665600700437e-05 
2.1985e-06     0.8998954412970125 
2.201e-06      0.8999757025878582 
2.2035e-06     0.8999770645347646 
2.206e-06      0.8999774451468066 
2.2085e-06     0.8999773234876225 
2.211e-06      0.8999767566918072 
2.2135e-06     0.8999759117527785 
2.216e-06      0.8999746908586942 
2.2185e-06     0.8999720340450634 
2.221e-06      0.8999550071488969 
2.2235e-06     0.8999749818803294 
2.226e-06      8.848246149144683e-05 
2.2285e-06     4.222273998243944e-06 
2.231e-06      1.394035745060557e-05 
2.2335e-06     1.380770134982712e-05 
2.236e-06      1.498352980636971e-05 
2.2385e-06     1.54593643466487e-05 
2.241e-06      1.596637408290006e-05 
2.2435e-06     1.607906681228292e-05 
2.246e-06      1.632906786452682e-05 
2.2485e-06     1.709841947004897e-05 
2.251e-06      1.686114832247251e-05 
2.2535e-06     1.672038765844581e-05 
2.256e-06      1.660699361399346e-05 
2.2585e-06     1.659889508898046e-05 
2.261e-06      1.657710492468389e-05 
2.2635e-06     1.663023043454391e-05 
2.266e-06      1.668148424830309e-05 
2.2685e-06     1.657581369985681e-05 
2.271e-06      1.661025172152961e-05 
2.2735e-06     1.636728836656196e-05 
2.276e-06      1.635977955499455e-05 
2.2785e-06     1.62529654297489e-05 
2.281e-06      1.6171664665669e-05 
2.2835e-06     1.611455163973067e-05 
2.286e-06      1.61753206711183e-05 
2.2885e-06     1.609778760704269e-05 
2.291e-06      1.613857238327702e-05 
2.2935e-06     1.621538060312894e-05 
2.296e-06      1.631378169978075e-05 
2.2985e-06     1.642594394506825e-05 
2.301e-06      1.655508172295062e-05 
2.3035e-06     1.654255244910174e-05 
2.306e-06      1.657748328279026e-05 
2.3085e-06     1.659626763699688e-05 
2.311e-06      1.663449646370842e-05 
2.3135e-06     1.656781847542771e-05 
2.316e-06      1.668907655931757e-05 
2.3185e-06     1.663823594534486e-05 
2.321e-06      1.656065076441872e-05 
2.3235e-06     1.689747716474049e-05 
2.326e-06      1.682272850148751e-05 
2.3285e-06     1.624840261901214e-05 
2.331e-06      1.630454543363954e-05 
2.3335e-06     1.524496830518111e-05 
2.336e-06      1.555909928090147e-05 
2.3385e-06     1.394860546066063e-05 
2.341e-06      1.492941595178314e-05 
2.3435e-06     1.09446415459601e-05 
2.346e-06      -1.121776619984388e-05 
2.3485e-06     9.412842499417065e-05 
2.351e-06      0.8998570425481881 
2.3535e-06     0.8999673245413524 
2.356e-06      0.8999737770747656 
2.3585e-06     0.8999753566016437 
2.361e-06      0.8999766440175553 
2.3635e-06     0.8999769857628946 
2.366e-06      0.8999772239675675 
2.3685e-06     0.8999770056343877 
2.371e-06      0.8999761474750171 
2.3735e-06     0.8999743231371415 
2.376e-06      0.899969837584964 
2.3785e-06     0.8999199060409593 
2.381e-06      2.530481697779385e-05 
2.3835e-06     2.639994249098924e-05 
2.386e-06      2.503485287556337e-05 
2.3885e-06     2.442057145078376e-05 
2.391e-06      2.394425968342071e-05 
2.3935e-06     2.428479517203849e-05 
2.396e-06      2.432165705958874e-05 
2.3985e-06     2.407236903965871e-05 
2.401e-06      2.222953256063503e-05 
2.4035e-06     9.553672740276934e-06 
2.406e-06      5.207572055298005e-05 
2.4085e-06     0.8999101216667686 
2.411e-06      0.8999753976681266 
2.4135e-06     0.8999769550140445 
2.416e-06      0.8999785064098573 
2.4185e-06     0.899979983249413 
2.421e-06      0.8999808425557345 
2.4235e-06     0.8999819675060349 
2.426e-06      0.8999831717168297 
2.4285e-06     0.8999836282460143 
2.431e-06      0.8999838320485002 
2.4335e-06     0.8999835519439511 
2.436e-06      0.8999843699195395 
2.4385e-06     0.8999850746277271 
2.441e-06      0.8999850428441886 
2.4435e-06     0.899985239928844 
2.446e-06      0.899986316817654 
2.4485e-06     0.8999874124194783 
2.451e-06      0.8999874513925388 
2.4535e-06     0.8999856197501201 
2.456e-06      0.8999842582329464 
2.4585e-06     0.8999843992938226 
2.461e-06      0.8999850025959726 
2.4635e-06     0.8999855753578162 
2.466e-06      0.8999859888917974 
2.4685e-06     0.8999859510243887 
2.471e-06      0.8999852376120172 
2.4735e-06     0.8999859194246103 
2.476e-06      0.8999854528776329 
2.4785e-06     0.899984757546459 
2.481e-06      0.8999842978814677 
2.4835e-06     0.899984072982323 
2.486e-06      0.8999853296969711 
2.4885e-06     0.8999876526003519 
2.491e-06      0.8999871972878351 
2.4935e-06     0.899985912442158 
2.496e-06      0.89998513449325 
2.4985e-06     0.8999850139354678 
2.501e-06      0.8999849445195333 
2.5035e-06     0.8999839265682138 
2.506e-06      0.8999836027833978 
2.5085e-06     0.8999839111769854 
2.511e-06      0.8999837546358995 
2.5135e-06     0.8999828443678912 
2.516e-06      0.8999816917529896 
2.5185e-06     0.8999804259744633 
2.521e-06      0.8999792974054903 
2.5235e-06     0.8999779987322508 
2.526e-06      0.8999765086793639 
2.5285e-06     0.8999746505831795 
2.531e-06      0.8999578741723253 
2.5335e-06     6.896488194343218e-05 
2.536e-06      1.540569777662298e-05 
2.5385e-06     2.290572781684651e-05 
2.541e-06      2.409823913474797e-05 
2.5435e-06     2.419597654539372e-05 
2.546e-06      2.42959524639977e-05 
2.5485e-06     2.45099399010871e-05 
2.551e-06      2.483327347045168e-05 
2.5535e-06     2.545608958548921e-05 
2.556e-06      2.697924020807721e-05 
2.5585e-06     2.937092839988369e-05 
2.561e-06      1.748273629187998e-05 
2.5635e-06     0.8998887863874515 
2.566e-06      0.8999751117648294 
2.5685e-06     0.8999767545536876 
2.571e-06      0.89997742722608 
2.5735e-06     0.8999774060079122 
2.576e-06      0.8999769531674345 
2.5785e-06     0.899976491784844 
2.581e-06      0.8999750804293373 
2.5835e-06     0.8999730637083673 
