
time (s)       VT("/I0/I31/I5/net7") (V)


2.6e-08        4.922612920344801e-06 
2.85e-08       0.8999975359313435 
3.1e-08        0.8999956597056691 
3.35e-08       0.8999975804026088 
3.6e-08        4.770895482419933e-06 
3.85e-08       4.862867470192346e-06 
4.1e-08        4.996695377419617e-06 
4.35e-08       0.8999986681957538 
4.6e-08        0.8999986458649646 
4.85e-08       0.8999985747943788 
5.1e-08        4.765065447654535e-06 
5.35e-08       4.785840417373472e-06 
5.600000000000001e-08 4.748965671460297e-06 
5.85e-08       4.674215851368225e-06 
6.1e-08        4.526814022899847e-06 
6.350000000000001e-08 4.566358764284285e-06 
6.600000000000001e-08 0.8999983405515921 
6.850000000000001e-08 0.8999983265504747 
7.1e-08        0.8999983405287703 
7.35e-08       4.595485418971879e-06 
7.599999999999999e-08 4.514358717865049e-06 
7.849999999999999e-08 4.485259064216149e-06 
8.1e-08        0.8999982743214718 
8.35e-08       0.8999982392638103 
8.6e-08        4.371905593183931e-06 
8.85e-08       0.8999981909663504 
9.100000000000001e-08 4.199605945901073e-06 
9.350000000000001e-08 4.24195236602467e-06 
9.600000000000001e-08 4.224331029047339e-06 
9.850000000000002e-08 4.230622507298072e-06 
1.01e-07       0.8999981781428664 
1.035e-07      4.311610067417417e-06 
1.06e-07       0.8999982688721734 
1.085e-07      4.480014469334883e-06 
1.11e-07       4.476090205220811e-06 
1.135e-07      4.605632654508894e-06 
1.16e-07       0.8999983273916798 
1.185e-07      0.8999983439179463 
1.21e-07       0.8999983524793422 
1.235e-07      0.899998375637832 
1.26e-07       4.580377396801729e-06 
1.285e-07      4.638880535414495e-06 
1.31e-07       4.699661982785992e-06 
1.335e-07      4.755390148312424e-06 
1.36e-07       4.822142763398262e-06 
1.385e-07      4.90935033323657e-06 
1.41e-07       5.110829106752759e-06 
1.435e-07      0.8999986877094978 
1.46e-07       0.8999985253663429 
1.485e-07      4.828802986803546e-06 
1.51e-07       4.813600651219833e-06 
1.535e-07      2.834663047491644e-06 
1.56e-07       0.8999960594550526 
1.585e-07      4.853178438285287e-06 
1.61e-07       0.8999986521261566 
1.635e-07      4.849986051247077e-06 
1.66e-07       4.982842352140963e-06 
1.685e-07      0.8999986513320053 
1.71e-07       0.8999986698766788 
1.735e-07      0.8999986826635552 
1.76e-07       4.971743059253765e-06 
1.785e-07      0.8999985740435485 
1.81e-07       0.8999983889705723 
1.835e-07      4.796432514627504e-06 
1.86e-07       4.959023137962416e-06 
1.885e-07      5.104081987719735e-06 
1.91e-07       4.974958823385708e-06 
1.935e-07      4.981242991498101e-06 
1.96e-07       0.8999986866461309 
1.985e-07      4.953275045360427e-06 
2.01e-07       4.979603229151698e-06 
2.035e-07      0.899998516936934 
2.06e-07       4.704088433183976e-06 
2.085e-07      0.8999977015869758 
2.11e-07       3.717600225415241e-06 
2.135e-07      0.8999976254507187 
2.16e-07       4.713880441651342e-06 
2.185e-07      5.016484628397255e-06 
2.21e-07       0.8999986912646268 
2.235e-07      4.816632650128349e-06 
2.26e-07       4.610771071601946e-06 
2.285e-07      4.474181885938714e-06 
2.31e-07       4.34201907417342e-06 
2.335e-07      0.8999981811638823 
2.36e-07       0.8999981356603703 
2.385e-07      0.8999981053796132 
2.41e-07       0.8999980910525708 
2.435e-07      4.110603571860053e-06 
2.46e-07       0.8999980874017514 
2.485e-07      4.098557572547284e-06 
2.51e-07       0.8999980017742696 
2.535e-07      3.667466603819637e-06 
2.56e-07       0.8999970541755186 
2.585e-07      0.8999970686706019 
2.61e-07       0.8999975903629177 
2.635e-07      3.870040508093556e-06 
2.66e-07       4.944616356556956e-06 
2.685e-07      0.899998742940075 
2.71e-07       5.005114699913332e-06 
2.735e-07      0.8999989172049702 
2.76e-07       0.8999991353065129 
2.785e-07      0.8999990602360445 
2.81e-07       0.899998783686571 
2.835e-07      0.8999988557798101 
2.86e-07       4.590617266480763e-06 
2.885e-07      3.945048518403551e-06 
2.91e-07       3.261060092208498e-06 
2.935e-07      0.8999969578531961 
2.96e-07       0.8999975564688077 
2.985e-07      3.961202611745957e-06 
3.01e-07       0.8999980507074923 
3.035e-07      0.8999980857435005 
3.06e-07       0.8999980978565281 
3.085e-07      4.116823255435006e-06 
3.11e-07       0.8999980997860006 
3.135e-07      4.190427705689887e-06 
3.16e-07       4.225860435286637e-06 
3.185e-07      0.8999982256031399 
3.21e-07       4.441314084244855e-06 
3.235e-07      0.8999984258141115 
3.26e-07       0.8999985422949772 
3.285e-07      4.935022998841335e-06 
3.31e-07       5.025924566088495e-06 
3.335e-07      4.803566551772134e-06 
3.36e-07       4.7920101747656e-06 
3.385e-07      2.900626147549218e-06 
3.41e-07       0.8999979468247659 
3.435e-07      0.8999987012104744 
3.46e-07       0.899998448090093 
3.485e-07      0.8999986359745472 
3.51e-07       4.959223474736338e-06 
3.535e-07      5.102446156794195e-06 
3.56e-07       4.960979169674296e-06 
3.585e-07      0.8999986508902411 
3.61e-07       5.073630201508277e-06 
3.635e-07      5.005528050201189e-06 
3.66e-07       4.87944010123182e-06 
3.685e-07      0.8999987338440062 
3.71e-07       0.8999985513495755 
3.735e-07      0.8999986547432276 
3.76e-07       5.102872706846721e-06 
3.785e-07      4.951821470370806e-06 
3.81e-07       0.8999986596877571 
3.835e-07      0.8999986417551524 
3.86e-07       5.107213622716455e-06 
3.885e-07      4.857623933728858e-06 
3.91e-07       0.8999980459926379 
3.935e-07      0.8999980874125237 
3.96e-07       3.2539560489617e-06 
3.985e-07      0.8999981960458714 
4.01e-07       4.830570073770173e-06 
4.035e-07      4.837443102889708e-06 
4.06e-07       0.8999986893653996 
4.085e-07      0.8999986757586628 
4.11e-07       0.8999986601615194 
4.135e-07      4.836370946916512e-06 
4.16e-07       4.768181069366086e-06 
4.185e-07      0.8999984959763722 
4.21e-07       4.662836339375768e-06 
4.235e-07      4.612208229352286e-06 
4.26e-07       0.8999983843858117 
4.285e-07      0.8999983592270685 
4.31e-07       4.541992435799894e-06 
4.335e-07      4.557345423344455e-06 
4.36e-07       0.8999983281416153 
4.385e-07      4.476119614394135e-06 
4.41e-07       4.540599709658296e-06 
4.435e-07      4.508791281745982e-06 
4.46e-07       0.8999982279675993 
4.485e-07      0.8999982551007898 
4.51e-07       4.24166626347065e-06 
4.535e-07      0.8999981106166682 
4.56e-07       4.175636044662464e-06 
4.585e-07      4.283940953902292e-06 
4.61e-07       4.183170030943629e-06 
4.635e-07      4.222479344244483e-06 
4.66e-07       4.341822724124711e-06 
4.685e-07      0.8999982035712099 
4.71e-07       0.8999982474919445 
4.735e-07      0.8999983056202109 
4.76e-07       4.626773417845775e-06 
4.785000000000001e-07 4.602290829811207e-06 
4.81e-07       4.585106552556912e-06 
4.835e-07      4.530062625842054e-06 
4.86e-07       4.565930597613502e-06 
4.885000000000001e-07 0.8999983559373004 
4.91e-07       0.8999983954155896 
4.935e-07      0.8999984351821113 
4.96e-07       4.684158431250057e-06 
4.985000000000001e-07 4.840878319686353e-06 
5.010000000000001e-07 0.8999985603459466 
5.035e-07      0.8999986217369459 
5.060000000000001e-07 4.959632370108613e-06 
5.085000000000001e-07 5.005590065066062e-06 
5.110000000000001e-07 0.8999985851064777 
5.135e-07      4.769787619083126e-06 
5.16e-07       0.8999977149587645 
5.185000000000001e-07 0.8999975783673636 
5.210000000000001e-07 0.8999989563090485 
5.235e-07      0.8999984151749479 
5.26e-07       0.8999985925218636 
5.285000000000001e-07 4.776070815869386e-06 
5.310000000000001e-07 0.8999986412073081 
5.335000000000001e-07 4.961032432499863e-06 
5.36e-07       0.8999986638270076 
5.385e-07      0.8999986813434678 
5.410000000000001e-07 5.116419393483344e-06 
5.435000000000001e-07 4.961774819177108e-06 
5.46e-07       5.02444747453066e-06 
5.485e-07      5.016366885709997e-06 
5.510000000000001e-07 0.8999977732065532 
5.535000000000001e-07 5.035889105439237e-06 
5.560000000000001e-07 0.8999986444124451 
5.585e-07      4.977760957510525e-06 
5.61e-07       0.8999986704851261 
5.635000000000001e-07 5.093418591542717e-06 
5.660000000000001e-07 0.8999986824634101 
5.685e-07      4.989085976773312e-06 
5.71e-07       4.783318532616185e-06 
5.735000000000001e-07 0.899998121081825 
5.760000000000001e-07 4.534511830307464e-06 
5.785000000000001e-07 5.243402334188016e-06 
5.81e-07       4.814397449489142e-06 
5.835000000000001e-07 4.981642531797645e-06 
5.860000000000001e-07 5.172906920862975e-06 
5.885000000000001e-07 4.881408293446843e-06 
5.91e-07       4.667922135917413e-06 
5.935e-07      0.8999983571706842 
5.960000000000001e-07 4.377836654528412e-06 
5.985000000000001e-07 4.277597612667799e-06 
6.01e-07       0.8999981496651752 
6.035e-07      0.8999981116299305 
6.060000000000001e-07 0.8999980946370908 
6.085000000000001e-07 4.111790298440764e-06 
6.110000000000001e-07 0.8999981133243895 
6.135e-07      0.8999980808450072 
6.16e-07       0.899998023883234 
6.185000000000001e-07 0.8999978459872635 
6.210000000000001e-07 3.040963755118541e-06 
6.235e-07      0.8999969783109468 
6.26e-07       0.8999974464759187 
6.285000000000001e-07 0.8999983280421758 
6.310000000000001e-07 4.827008899176945e-06 
6.335000000000001e-07 0.8999989344507201 
6.36e-07       5.230988751383488e-06 
6.385000000000001e-07 0.8999991328787998 
6.410000000000001e-07 0.8999989381555492 
6.435000000000001e-07 0.8999991325561163 
6.46e-07       0.8999988512606033 
6.485e-07      0.899998618766401 
6.510000000000001e-07 4.749398212044427e-06 
6.535000000000001e-07 0.8999982162996635 
6.560000000000001e-07 3.458889788760545e-06 
6.585e-07      0.8999969657483023 
6.610000000000001e-07 0.8999973457285163 
6.635000000000001e-07 0.8999979076328526 
6.660000000000001e-07 0.8999980339534743 
6.685e-07      0.8999980813216033 
6.71e-07       4.1131164216033e-06 
6.735000000000001e-07 4.112889488784771e-06 
6.760000000000001e-07 0.8999980966049567 
6.785e-07      0.8999981163577623 
6.81e-07       0.8999981414603717 
6.835000000000001e-07 4.294135290138527e-06 
6.860000000000001e-07 4.400290126839865e-06 
6.885000000000001e-07 0.8999983796787037 
6.91e-07       0.8999984991696662 
6.935e-07      4.887694025390355e-06 
6.960000000000001e-07 0.8999987166550509 
6.985000000000001e-07 0.899998608089966 
7.01e-07       0.8999987139703798 
7.035e-07      0.8999972013720711 
7.060000000000001e-07 4.094334177940174e-06 
7.085000000000001e-07 0.8999982675946077 
7.110000000000001e-07 0.8999983814500997 
7.135e-07      0.8999985959717896 
7.160000000000001e-07 5.137921398288777e-06 
7.185000000000001e-07 0.8999986599372105 
7.210000000000001e-07 4.958756946104333e-06 
7.235e-07      4.975860844070764e-06 
7.26e-07       0.8999986683611535 
7.285000000000001e-07 4.898141966366253e-06 
7.310000000000001e-07 0.8999982774001478 
7.335e-07      2.162484014192281e-06 
7.36e-07       0.8999985125541062 
7.385000000000001e-07 5.10191410913113e-06 
7.410000000000001e-07 0.8999986897413935 
7.435000000000001e-07 4.945657284742696e-06 
7.46e-07       0.8999986645059614 
7.485e-07      0.8999986522210255 
7.510000000000001e-07 4.999373675097543e-06 
7.535000000000001e-07 0.899998410210215 
7.56e-07       4.949731352165194e-06 
7.585e-07      0.8999982386894153 
7.610000000000001e-07 1.492059843199529e-06 
7.635000000000001e-07 2.871115763933114e-06 
7.660000000000001e-07 0.8999977959393834 
7.685e-07      4.739982162812646e-06 
7.710000000000001e-07 4.977557638574606e-06 
7.735000000000001e-07 0.8999986837274724 
7.760000000000001e-07 0.8999986803620473 
7.785e-07      4.862580992987661e-06 
7.81e-07       4.793657203853308e-06 
7.835000000000001e-07 0.8999985036176571 
7.860000000000001e-07 0.8999984634897498 
7.885000000000001e-07 4.605430893746344e-06 
7.91e-07       0.8999983858420963 
7.935000000000001e-07 4.527317860754218e-06 
7.960000000000001e-07 0.8999983532249727 
7.985000000000001e-07 0.8999983422434508 
8.01e-07       4.537494643582496e-06 
8.035e-07      4.606887283581494e-06 
8.060000000000001e-07 4.547788532172696e-06 
8.085000000000001e-07 4.46470857725475e-06 
8.11e-07       4.33739769078776e-06 
8.135e-07      0.8999982635549471 
8.160000000000001e-07 4.252186974693605e-06 
8.185000000000001e-07 0.8999981292698748 
8.210000000000001e-07 4.181728203289498e-06 
8.235e-07      4.167119321796595e-06 
8.26e-07       4.176881246493022e-06 
8.285000000000001e-07 4.307017238051204e-06 
8.310000000000001e-07 4.335645976431111e-06 
8.335e-07      0.8999981932134318 
8.36e-07       4.332736652031315e-06 
8.385000000000001e-07 4.454453011426258e-06 
8.410000000000001e-07 4.537727695354092e-06 
8.435000000000001e-07 4.603442928898775e-06 
8.46e-07       4.600978463440591e-06 
8.485000000000001e-07 0.899998327159136 
8.510000000000001e-07 4.571175748875789e-06 
8.535000000000001e-07 4.519406753502803e-06 
8.56e-07       0.8999983888438372 
8.585e-07      4.605991920230044e-06 
8.610000000000001e-07 0.8999984592027026 
8.635000000000001e-07 4.825266280001214e-06 
8.660000000000001e-07 4.784785875438452e-06 
8.685e-07      4.851097864318737e-06 
8.710000000000001e-07 0.899998674531608 
8.735000000000001e-07 0.899998680286977 
8.760000000000001e-07 4.948233639213717e-06 
8.785e-07      4.715199817984881e-06 
8.81e-07       0.8999982267470962 
8.835000000000001e-07 0.8999980731760605 
8.860000000000001e-07 0.8999959264205591 
8.885e-07      0.8999976173957586 
8.91e-07       4.916391587142009e-06 
8.935000000000001e-07 4.685205004986722e-06 
8.960000000000001e-07 4.998536718854567e-06 
8.985000000000001e-07 0.8999986430692378 
9.01e-07       0.8999986580554515 
9.035000000000001e-07 5.104155875622055e-06 
9.060000000000001e-07 0.8999986777283046 
9.085000000000001e-07 4.959914152687156e-06 
9.11e-07       0.8999985177324271 
9.135e-07      0.8999982967510136 
9.160000000000001e-07 2.614649002941461e-06 
9.185000000000001e-07 0.8999980397896306 
9.210000000000001e-07 5.090824084651957e-06 
9.235e-07      5.118422133035025e-06 
9.260000000000001e-07 4.961505664959016e-06 
9.285000000000001e-07 0.8999986652770799 
9.310000000000001e-07 5.103144498298178e-06 
9.335e-07      4.998265429298594e-06 
9.36e-07       0.89999842682767 
9.385000000000001e-07 4.839197299840165e-06 
9.410000000000001e-07 0.8999980914682943 
9.435000000000001e-07 0.8999961651962373 
9.46e-07       0.8999977656885748 
9.485000000000001e-07 4.860375843511969e-06 
9.510000000000001e-07 5.027883880587063e-06 
9.535000000000001e-07 4.881952880074768e-06 
9.56e-07       0.8999984820112944 
9.585e-07      4.564225426095333e-06 
9.61e-07       0.8999982865189202 
9.635e-07      0.8999982184690491 
9.659999999999999e-07 4.2002299615229e-06 
9.684999999999999e-07 4.16796668681708e-06 
9.710000000000001e-07 0.8999980976682813 
9.735000000000001e-07 0.8999980348440755 
9.760000000000001e-07 4.110796088158856e-06 
9.785e-07      4.167866108689589e-06 
9.81e-07       4.044809927808564e-06 
9.835e-07      0.8999979529989576 
9.860000000000002e-07 0.8999974464826951 
9.885000000000001e-07 0.8999969464276003 
9.910000000000001e-07 0.8999973152318993 
9.935000000000001e-07 0.8999978347477913 
9.960000000000001e-07 4.688454250208872e-06 
9.985000000000001e-07 5.038621351466377e-06 
1.001e-06      5.213699475709656e-06 
1.0035e-06     0.8999991305216907 
1.006e-06      0.8999989169576054 
1.0085e-06     0.8999988991862536 
1.011e-06      0.899999036092657 
1.0135e-06     0.8999989479670432 
1.016e-06      4.890197952292625e-06 
1.0185e-06     0.8999983682209182 
1.021e-06      3.618389349191288e-06 
1.0235e-06     0.8999972693737901 
1.026e-06      0.8999971741259343 
1.0285e-06     0.8999978005521713 
1.031e-06      0.8999980161028516 
1.0335e-06     0.8999980845952537 
1.036e-06      0.8999981129789028 
1.0385e-06     0.8999980553112216 
1.041e-06      0.8999980926208732 
1.0435e-06     4.151268283134937e-06 
1.046e-06      0.8999981337610853 
1.0485e-06     4.268305867076338e-06 
1.051e-06      4.447897670751209e-06 
1.0535e-06     0.8999983440739535 
1.056e-06      0.8999984782456882 
1.0585e-06     4.857837624769478e-06 
1.061e-06      5.007445826023169e-06 
1.0635e-06     5.006326035992823e-06 
1.066e-06      0.8999985477020045 
1.0685e-06     4.630043910823878e-06 
1.071e-06      2.81650678539063e-06 
1.0735e-06     0.8999978248828726 
1.076e-06      4.699408187266118e-06 
1.0785e-06     0.899998539175741 
1.081e-06      0.8999986815237745 
1.0835e-06     0.8999986518983935 
1.086e-06      5.10126842286188e-06 
1.0885e-06     5.119152314195005e-06 
1.091e-06      0.8999986572924356 
1.0935e-06     0.8999985605246591 
1.096e-06      4.908136873246577e-06 
1.0985e-06     4.601807550634191e-06 
1.101e-06      4.995494680651386e-06 
1.1035e-06     5.08443009600158e-06 
1.106e-06      0.8999986805537502 
1.1085e-06     4.981657567039616e-06 
1.111e-06      0.8999986733891906 
1.1135e-06     0.8999986515621802 
1.116e-06      0.8999986445455939 
1.1185e-06     0.8999984781565635 
1.121e-06      4.95854726778962e-06 
1.1235e-06     4.853836472475303e-06 
1.126e-06      0.8999970065177918 
1.1285e-06     0.8999962565291295 
1.131e-06      0.899997604292109 
1.1335e-06     0.899998616797634 
1.136e-06      0.8999986034516647 
1.1385e-06     0.8999986840108197 
1.141e-06      0.8999986673234492 
1.1435e-06     4.88781614849881e-06 
1.146e-06      4.808068113480138e-06 
1.1485e-06     0.8999985146614721 
1.151e-06      4.690721115838958e-06 
1.1535e-06     0.8999984402227282 
1.156e-06      4.58800917021884e-06 
1.1585e-06     0.8999983709685596 
1.161e-06      4.571849509906224e-06 
1.1635e-06     0.899998320518359 
1.166e-06      4.575417838021561e-06 
1.1685e-06     4.600745199888729e-06 
1.171e-06      0.8999983290526106 
1.1735e-06     4.534436415539147e-06 
1.176e-06      4.49849408861495e-06 
1.1785e-06     0.899998208807171 
1.181e-06      0.899998173112696 
1.1835e-06     0.8999981452933603 
1.186e-06      0.8999980983647708 
1.1885e-06     4.168646169612043e-06 
1.191e-06      4.290738137998675e-06 
1.1935e-06     4.303291625189551e-06 
1.196e-06      4.238780857811515e-06 
1.1985e-06     0.8999981827320432 
1.201e-06      4.316774192853604e-06 
1.2035e-06     0.8999982737966791 
1.206e-06      4.510407460831085e-06 
1.2085e-06     4.611708244428109e-06 
1.211e-06      4.472860184522681e-06 
1.2135e-06     4.563440855640289e-06 
1.216e-06      0.8999983469021631 
1.2185e-06     4.512645415432806e-06 
1.221e-06      0.8999983825910516 
1.2235e-06     4.604188312949157e-06 
1.226e-06      0.8999984522992498 
1.2285e-06     4.810374687971741e-06 
1.231e-06      4.89505880945605e-06 
1.2335e-06     0.8999985836415921 
1.236e-06      4.920737199936547e-06 
1.2385e-06     0.8999986742019173 
1.241e-06      0.89999868346203 
1.2435e-06     0.8999984972267948 
1.246e-06      0.8999986890776736 
1.2485e-06     4.702674082305391e-06 
1.251e-06      2.305580377095072e-06 
1.2535e-06     0.8999967912307471 
1.256e-06      4.751823640195611e-06 
1.2585e-06     0.8999986456474035 
1.261e-06      4.881709540744138e-06 
1.2635e-06     0.899998646309592 
1.266e-06      4.961467876782644e-06 
1.2685e-06     0.8999986750239786 
1.271e-06      0.8999986810606505 
1.2735e-06     4.97939700943736e-06 
1.276e-06      4.924204144924231e-06 
1.2785e-06     0.8999983475710744 
1.281e-06      0.8999985371786646 
1.2835e-06     0.8999983900091626 
1.286e-06      4.949675588102329e-06 
1.2885e-06     4.976356131009534e-06 
1.291e-06      4.959730084349429e-06 
1.2935e-06     5.107724821789278e-06 
1.296e-06      4.961177687417169e-06 
1.2985e-06     0.8999986458721988 
1.301e-06      4.956376208207327e-06 
1.3035e-06     0.8999986596826445 
1.306e-06      0.8999976692948628 
1.3085e-06     3.113314955294114e-06 
1.311e-06      4.497850217511528e-06 
1.3135e-06     4.737851639579446e-06 
1.316e-06      0.89999870064346 
1.3185e-06     0.8999986763014786 
1.321e-06      0.8999985326605825 
1.3235e-06     4.59455287183765e-06 
1.326e-06      4.454755314056461e-06 
1.3285e-06     4.327665885086977e-06 
1.331e-06      0.8999981693091862 
1.3335e-06     0.899998126129799 
1.336e-06      0.8999981010782572 
1.3385e-06     0.8999980412290811 
1.341e-06      0.8999980890270074 
1.3435e-06     0.8999980873108389 
1.346e-06      4.131224842175038e-06 
1.3485e-06     3.973276378402888e-06 
1.351e-06      3.571451585484945e-06 
1.3535e-06     0.8999970037567167 
1.356e-06      0.8999971649787317 
1.3585e-06     0.8999976661196606 
1.361e-06      4.514348152333345e-06 
1.3635e-06     4.975874005343306e-06 
1.366e-06      0.8999989820649528 
1.3685e-06     5.294426784158148e-06 
1.371e-06      0.8999991350543948 
1.3735e-06     0.8999991353309287 
1.376e-06      0.8999988983401066 
1.3785e-06     0.8999987504046214 
1.381e-06      4.972885092175275e-06 
1.3835e-06     0.8999985057149906 
1.386e-06      3.836876448412803e-06 
1.3885e-06     0.8999974459027764 
1.391e-06      0.8999969884072831 
1.3935e-06     0.8999976824137017 
1.396e-06      3.979190014315895e-06 
1.3985e-06     4.134717012525877e-06 
1.401e-06      4.113006752616589e-06 
1.4035e-06     4.112772890765327e-06 
1.406e-06      0.8999980401819495 
1.4085e-06     0.8999981007165524 
1.411e-06      0.8999981275590533 
1.4135e-06     0.899998171660379 
1.416e-06      0.8999982328979099 
1.4185e-06     0.8999983115620477 
1.421e-06      0.89999842972629 
1.4235e-06     4.791034607083417e-06 
1.426e-06      5.097000428557902e-06 
1.4285e-06     0.8999987012378337 
1.431e-06      0.8999984755153009 
1.4335e-06     0.8999975491836404 
1.436e-06      1.127127815311944e-06 
1.4385e-06     0.8999977623889834 
1.441e-06      4.834415440763249e-06 
1.4435e-06     0.899998478205948 
1.446e-06      0.8999986429246509 
1.4485e-06     4.962540350985567e-06 
1.451e-06      5.104846829297037e-06 
1.4535e-06     4.962367321922576e-06 
1.456e-06      0.8999986515733694 
1.4585e-06     5.063480951823919e-06 
1.461e-06      4.90943919945132e-06 
1.4635e-06     0.8999984401361636 
1.466e-06      0.8999978842057718 
1.4685e-06     0.8999985735674829 
1.471e-06      0.8999986879773965 
1.4735e-06     0.8999986952269036 
1.476e-06      5.094391999919715e-06 
1.4785e-06     0.899998665408981 
1.481e-06      0.8999986432206295 
1.4835e-06     4.942960277144273e-06 
1.486e-06      0.8999986105868383 
1.4885e-06     4.873918319180797e-06 
1.491e-06      0.8999977828147552 
1.4935e-06     1.528167615364829e-06 
1.496e-06      0.8999980779388 
1.4985e-06     0.8999987339524746 
1.501e-06      4.886015193772253e-06 
1.5035e-06     0.8999986903474226 
1.506e-06      0.8999986732629923 
1.5085e-06     0.8999986530575924 
1.511e-06      0.8999985833146311 
1.5135e-06     4.889630106040832e-06 
1.516e-06      4.70363918813422e-06 
1.5185e-06     4.645911975760081e-06 
1.521e-06      4.603498692887667e-06 
1.5235e-06     0.8999983805388105 
1.526e-06      4.510575766102953e-06 
1.5285e-06     0.8999983220560204 
1.531e-06      4.563885763489952e-06 
1.5335e-06     0.8999983256471132 
1.536e-06      4.586751693433399e-06 
1.5385e-06     4.536496032554135e-06 
1.541e-06      4.442420422243861e-06 
1.5435e-06     0.8999982209118693 
1.546e-06      0.8999981830817032 
1.5485e-06     4.236271653952735e-06 
1.551e-06      0.8999981090494671 
1.5535e-06     4.17316194571036e-06 
1.556e-06      4.168239914839748e-06 
1.5585e-06     4.187600021841204e-06 
1.561e-06      4.23018859761708e-06 
1.5635e-06     4.263626434186264e-06 
1.566e-06      0.8999981976293985 
1.5685e-06     0.8999982551188278 
1.571e-06      0.8999983014701715 
1.5735e-06     4.63511959938266e-06 
1.576e-06      4.541228883910145e-06 
1.5785e-06     0.8999983289465399 
1.581e-06      4.527049938187368e-06 
1.5835e-06     4.570309757668601e-06 
1.586e-06      4.533109170272225e-06 
1.5885e-06     0.8999984029500845 
1.591e-06      4.630875778227184e-06 
1.5935e-06     0.8999984748525821 
1.596e-06      0.8999985170329989 
1.5985e-06     4.812804461176272e-06 
1.601e-06      0.8999986319382023 
1.6035e-06     4.966763768454249e-06 
1.606e-06      5.010944844593522e-06 
1.6085e-06     0.8999985550853196 
1.611e-06      0.8999986241832711 
1.6135e-06     0.8999975904919361 
1.616e-06      0.8999972513778509 
1.6185e-06     0.8999964663460561 
1.621e-06      4.760232769892914e-06 
1.6235e-06     4.848042051042888e-06 
1.626e-06      4.810873305290025e-06 
1.6285e-06     5.137166794503565e-06 
1.631e-06      0.8999986482348198 
1.6335e-06     0.8999986674128995 
1.636e-06      0.8999986823823782 
1.6385e-06     4.974294033861149e-06 
1.641e-06      0.8999986156360688 
1.6435e-06     0.8999984279997454 
1.646e-06      0.8999983280425908 
1.6485e-06     4.982142569140141e-06 
1.651e-06      5.112729620847329e-06 
1.6535e-06     5.110081685863917e-06 
1.656e-06      0.8999986516103821 
1.6585e-06     0.8999986619387039 
1.661e-06      4.957993438684208e-06 
1.6635e-06     4.968852651230453e-06 
1.666e-06      0.8999985440930618 
1.6685e-06     0.8999985998415067 
1.671e-06      4.781039310002107e-06 
1.6735e-06     4.300589479907113e-06 
1.676e-06      0.8999967359657499 
1.6785e-06     4.863630108199203e-06 
1.681e-06      0.8999986776385202 
1.6835e-06     0.8999987075679909 
1.686e-06      4.799595274315539e-06 
1.6885e-06     4.631622175052233e-06 
1.691e-06      4.497282022959195e-06 
1.6935e-06     0.8999982537340641 
1.696e-06      0.8999981908784295 
1.6985e-06     4.199125462609468e-06 
1.701e-06      0.8999981077646422 
1.7035e-06     0.8999980929936428 
1.706e-06      4.113154062683569e-06 
1.7085e-06     4.174113532016344e-06 
1.711e-06      0.8999980846097967 
1.7135e-06     0.8999980116210261 
1.716e-06      3.732913571177226e-06 
1.7185e-06     0.89999718353455 
1.721e-06      0.8999970584795163 
1.7235e-06     0.8999975432765291 
1.726e-06      4.330042988835013e-06 
1.7285e-06     4.894664365135284e-06 
1.731e-06      0.8999989512115532 
1.7335e-06     5.26642684168667e-06 
1.736e-06      0.8999991337834059 
1.7385e-06     0.8999989184428506 
1.741e-06      0.8999988927548038 
1.7435e-06     0.8999988162011089 
1.746e-06      0.8999988769755628 
1.7485e-06     4.671658800002029e-06 
1.751e-06      4.052918956201418e-06 
1.7535e-06     3.362098108060764e-06 
1.756e-06      0.8999969546881187 
1.7585e-06     0.8999974461424726 
1.761e-06      0.8999979723983089 
1.7635e-06     0.8999980421063195 
1.766e-06      0.8999980806277298 
1.7685e-06     4.113356008854854e-06 
1.771e-06      4.1144316334298e-06 
1.7735e-06     4.144802258129804e-06 
1.776e-06      0.8999981202024169 
1.7785e-06     0.8999981526667212 
1.781e-06      4.305166858407739e-06 
1.7835e-06     4.420894606265428e-06 
1.786e-06      0.8999983959707266 
1.7885e-06     0.8999985197336573 
1.791e-06      4.912616401529716e-06 
1.7935e-06     0.899998713601688 
1.796e-06      4.863704689950954e-06 
1.7985e-06     4.835289469700762e-06 
1.801e-06      1.502841635400351e-06 
1.8035e-06     4.527592239471612e-06 
1.806e-06      4.816599715896656e-06 
1.8085e-06     0.8999984151689648 
1.811e-06      5.128257425178279e-06 
1.8135e-06     0.8999986525905018 
1.816e-06      4.958129475664405e-06 
1.8185e-06     4.960187390750122e-06 
1.821e-06      0.8999986615241724 
1.8235e-06     0.8999986245231912 
1.826e-06      0.8999984619403668 
1.8285e-06     0.8999983119203814 
1.831e-06      4.129089573968804e-06 
1.8335e-06     0.8999985348606182 
1.836e-06      4.968821966729395e-06 
1.8385e-06     0.8999986804822651 
1.841e-06      5.108331848613447e-06 
1.8435e-06     0.8999986625999826 
1.846e-06      4.971241538279101e-06 
1.8485e-06     0.899998587283718 
1.851e-06      0.899998555635296 
1.8535e-06     4.814166786602024e-06 
1.856e-06      0.8999982196595561 
1.8585e-06     0.8999987567263444 
1.861e-06      3.381523821211172e-06 
1.8635e-06     0.8999980351379341 
1.866e-06      0.8999984598287856 
1.8685e-06     0.8999986820112754 
1.871e-06      0.8999986792132768 
1.8735e-06     4.941129213419548e-06 
1.876e-06      0.8999985988749927 
1.8785e-06     0.8999985437737228 
1.881e-06      4.718690624590648e-06 
1.8835e-06     4.66215221601299e-06 
1.886e-06      4.604870470459172e-06 
1.8885e-06     0.8999983888967809 
1.891e-06      4.600114046240461e-06 
1.8935e-06     4.548830544103176e-06 
1.896e-06      4.548442536159439e-06 
1.8985e-06     4.595332346117495e-06 
1.901e-06      0.8999983347416451 
1.9035e-06     4.540980068831811e-06 
1.906e-06      4.458645471308185e-06 
1.9085e-06     0.8999982349342116 
1.911e-06      4.283974683961596e-06 
1.9135e-06     4.246934362085509e-06 
1.916e-06      0.899998122168433 
1.9185e-06     4.178395080787968e-06 
1.921e-06      4.288660226817483e-06 
1.9235e-06     4.179347272004367e-06 
1.926e-06      4.312274049645627e-06 
1.9285e-06     4.340301197213875e-06 
1.931e-06      0.8999981988688737 
1.9335e-06     4.341025557840141e-06 
1.936e-06      0.8999982415435307 
1.9385e-06     4.532828026197538e-06 
1.941e-06      4.603890930375304e-06 
1.9435e-06     4.536269734413292e-06 
1.946e-06      4.493361056562037e-06 
1.9485e-06     4.574409067992811e-06 
1.951e-06      0.8999983643587791 
1.9535e-06     0.8999983949030299 
1.956e-06      4.614296831252944e-06 
1.9585e-06     4.676879121886805e-06 
1.961e-06      4.831262455218422e-06 
1.9635e-06     0.8999985535011471 
1.966e-06      0.8999986107767776 
1.9685e-06     5.092995478729511e-06 
1.971e-06      5.000366076876959e-06 
1.9735e-06     0.8999986084458035 
1.976e-06      4.742443847151108e-06 
1.9785e-06     4.796277617061224e-06 
1.981e-06      4.157142851761882e-06 
1.9835e-06     2.517329206333591e-06 
1.986e-06      0.8999979933746497 
1.9885e-06     4.939979945985926e-06 
1.991e-06      4.730955714121781e-06 
1.9935e-06     5.107230435997717e-06 
1.996e-06      0.8999986496926268 
1.9985e-06     4.958788004679277e-06 
2.001e-06      0.8999986792330008 
2.0035e-06     0.8999986739500053 
2.006e-06      4.955897970397736e-06 
2.0085e-06     0.8999985205543495 
2.011e-06      5.052600023716029e-06 
2.0135e-06     0.8999963826638319 
2.016e-06      5.0461065838301e-06 
2.0185e-06     0.8999986328586229 
2.021e-06      4.978916142047768e-06 
2.0235e-06     0.8999986742204875 
2.026e-06      0.8999986602706026 
2.0285e-06     4.972027577831932e-06 
2.031e-06      0.8999986034051847 
2.0335e-06     4.795064880827406e-06 
2.036e-06      0.8999983647762496 
2.0385e-06     4.711884959815305e-06 
2.041e-06      0.8999961997454267 
2.0435e-06     0.8999975808461074 
2.046e-06      4.919471687134675e-06 
2.0485e-06     0.8999987171203961 
2.051e-06      0.8999986292634176 
2.0535e-06     4.644191333651605e-06 
2.056e-06      4.541188895732845e-06 
2.0585e-06     0.8999982761697842 
2.061e-06      0.8999982097451167 
2.0635e-06     4.208748123558674e-06 
2.066e-06      4.162175763003414e-06 
2.0685e-06     0.8999980955009409 
2.071e-06      4.134154661190906e-06 
2.0735e-06     4.120090417265265e-06 
2.076e-06      4.115408788413302e-06 
2.0785e-06     4.031120888197703e-06 
2.081e-06      0.8999978913231698 
2.0835e-06     0.8999973041093279 
2.086e-06      0.8999969571336187 
2.0885e-06     0.899997394077702 
2.091e-06      0.8999978787793714 
2.0935e-06     4.771909900939577e-06 
2.096e-06      5.069849429984921e-06 
2.0985e-06     5.232870795636066e-06 
2.101e-06      0.8999991318989939 
2.1035e-06     0.8999989190328241 
2.106e-06      0.8999989151953527 
2.1085e-06     0.8999988515306017 
2.111e-06      0.8999989312379084 
2.1135e-06     4.817496822490566e-06 
2.116e-06      0.8999982933631848 
2.1185e-06     0.8999977463639611 
2.121e-06      0.8999971970974177 
2.1235e-06     0.8999972456291571 
2.126e-06      0.8999978499401344 
2.1285e-06     4.02128834552818e-06 
2.131e-06      0.8999980832010691 
2.1335e-06     0.8999981111470011 
2.136e-06      4.112435469523299e-06 
2.1385e-06     0.8999980952764798 
2.141e-06      4.156845824872702e-06 
2.1435e-06     0.8999981520057234 
2.146e-06      0.8999982022850181 
2.1485e-06     0.8999982665910468 
2.151e-06      4.523825866509042e-06 
2.1535e-06     4.674876310280827e-06 
2.156e-06      0.8999986334717696 
2.1585e-06     0.899998718479636 
2.161e-06      4.973307900863861e-06 
2.1635e-06     4.808103630355405e-06 
2.166e-06      4.099520505449791e-06 
2.1685e-06     3.468210150598958e-06 
2.171e-06      0.8999980365514145 
2.1735e-06     0.8999985568015437 
2.176e-06      0.8999986085095621 
2.1785e-06     4.968365817016729e-06 
2.181e-06      5.096102331406698e-06 
2.1835e-06     0.8999986630057614 
2.186e-06      4.973133282036963e-06 
2.1885e-06     0.8999986256447446 
2.191e-06      5.073723271285694e-06 
2.1935e-06     4.855612476167061e-06 
2.196e-06      0.8999969204190408 
2.1985e-06     5.024103675571101e-06 
2.201e-06      0.8999986260300318 
2.2035e-06     0.8999986835439412 
2.206e-06      0.8999986930160748 
2.2085e-06     4.958359317616452e-06 
2.211e-06      0.8999986487959433 
2.2135e-06     0.8999986359958196 
2.216e-06      4.898540079933866e-06 
2.2185e-06     0.8999986534346898 
2.221e-06      4.858629235801988e-06 
2.2235e-06     2.15440276559561e-06 
2.226e-06      2.277559386173269e-06 
2.2285e-06     0.8999976972732413 
2.231e-06      0.8999985617715834 
2.2335e-06     0.89999862960594 
2.236e-06      5.003632976066918e-06 
2.2385e-06     0.8999986631107556 
2.241e-06      4.874504668959796e-06 
2.2435e-06     4.800076899764503e-06 
2.246e-06      0.8999985081212197 
2.2485e-06     0.8999984686177995 
2.251e-06      4.621611076513492e-06 
2.2535e-06     0.8999983923369435 
2.256e-06      0.8999983660594172 
2.2585e-06     0.8999983447479017 
2.261e-06      0.8999983238415716 
2.2635e-06     4.583297479854394e-06 
2.266e-06      4.579545871576719e-06 
2.2685e-06     4.537229553492605e-06 
2.271e-06      4.466015449217439e-06 
2.2735e-06     4.485498354845906e-06 
2.276e-06      0.8999982021241862 
2.2785e-06     0.8999981680914694 
2.281e-06      0.8999981371009265 
2.2835e-06     4.185467502150979e-06 
2.286e-06      4.301300106950435e-06 
2.2885e-06     4.173770524336015e-06 
2.291e-06      4.20327471516402e-06 
2.2935e-06     4.243560839149728e-06 
2.296e-06      0.8999981879575749 
2.2985e-06     4.32472235625989e-06 
2.301e-06      0.899998281162929 
2.3035e-06     4.465824058457876e-06 
2.306e-06      4.610204222320969e-06 
2.3085e-06     4.473155730934371e-06 
2.311e-06      4.554614468451768e-06 
2.3135e-06     0.8999983226597776 
2.316e-06      4.598092348033574e-06 
2.3185e-06     4.558173570073012e-06 
2.321e-06      4.612568827785169e-06 
2.3235e-06     0.8999984528082534 
2.326e-06      4.72144453094697e-06 
2.3285e-06     0.8999985387023585 
2.331e-06      0.8999985931727489 
2.3335e-06     4.929548723828268e-06 
2.336e-06      5.124247447714087e-06 
2.3385e-06     0.8999986600060801 
2.341e-06      0.8999984637696671 
2.3435e-06     0.8999984443294111 
2.346e-06      4.703438644455643e-06 
2.3485e-06     0.8999960167664948 
2.351e-06      0.8999972155709536 
2.3535e-06     4.782932658403189e-06 
2.356e-06      0.899998340246758 
2.3585e-06     4.905391907941513e-06 
2.361e-06      4.970894967255725e-06 
2.3635e-06     5.097646399310547e-06 
2.366e-06      0.8999986755034434 
2.3685e-06     0.8999986782336828 
2.371e-06      4.964125031725968e-06 
2.3735e-06     4.915617540771094e-06 
2.376e-06      0.8999983029789331 
2.3785e-06     0.8999984576766604 
2.381e-06      0.8999983417609733 
2.3835e-06     0.8999986028262917 
2.386e-06      5.112141391824851e-06 
2.3885e-06     0.8999986770398769 
2.391e-06      5.104582697610318e-06 
2.3935e-06     5.100074307328325e-06 
2.396e-06      5.136029212785396e-06 
2.3985e-06     4.910881339749739e-06 
2.401e-06      0.8999986898104428 
2.4035e-06     0.8999978692540347 
2.406e-06      2.676453190363089e-06 
2.4085e-06     4.790739358737587e-06 
2.411e-06      4.799566380514842e-06 
2.4135e-06     5.173238497640177e-06 
2.416e-06      4.905716349657248e-06 
2.4185e-06     4.698042702338786e-06 
2.421e-06      4.5818078640936e-06 
2.4235e-06     0.8999982945790133 
2.426e-06      0.8999982236324185 
2.4285e-06     4.224219077620826e-06 
2.431e-06      0.8999981258087913 
2.4335e-06     4.124367705458046e-06 
2.436e-06      0.8999980377430808 
2.4385e-06     4.116056223334085e-06 
2.441e-06      4.118535566978038e-06 
2.4435e-06     4.056880460790944e-06 
2.446e-06      0.8999979818404897 
2.4485e-06     0.8999975660365879 
2.451e-06      2.845645203429631e-06 
2.4535e-06     0.8999972134712153 
2.456e-06      0.8999977632903158 
2.4585e-06     4.60609834058806e-06 
2.461e-06      5.007259186938497e-06 
2.4635e-06     5.194682554360349e-06 
2.466e-06      5.305241791725739e-06 
2.4685e-06     0.8999991354979153 
2.471e-06      0.8999989296620717 
2.4735e-06     0.899999045181553 
2.476e-06      0.8999989637921306 
2.4785e-06     4.964284658391467e-06 
2.481e-06      0.8999984385059808 
2.4835e-06     3.729327735380529e-06 
2.486e-06      0.8999973437330882 
2.4885e-06     0.8999970518264948 
2.491e-06      0.8999977503672479 
2.4935e-06     0.8999980037464768 
2.496e-06      4.094417926973681e-06 
2.4985e-06     0.8999980872836483 
2.501e-06      4.113121510834885e-06 
2.5035e-06     0.899998092357493 
2.506e-06      4.145715716149214e-06 
2.5085e-06     0.8999981303412619 
2.511e-06      0.8999981830228017 
2.5135e-06     4.344798028464997e-06 
2.516e-06      0.8999983265670615 
2.5185e-06     4.627997307176848e-06 
2.521e-06      4.823660567487446e-06 
2.5235e-06     4.982434471950208e-06 
2.526e-06      5.014140379104748e-06 
2.5285e-06     0.8999984682842463 
2.531e-06      0.8999978176738724 
2.5335e-06     2.151491510128873e-06 
2.536e-06      0.8999975812561449 
2.5385e-06     4.730953170883431e-06 
2.541e-06      0.8999985099208428 
2.5435e-06     4.978712709165787e-06 
2.546e-06      0.8999986492713473 
2.5485e-06     5.105294602614557e-06 
2.551e-06      5.100485142616039e-06 
2.5535e-06     0.899998639696434 
2.556e-06      0.8999985515727613 
2.5585e-06     4.977578755912784e-06 
2.561e-06      4.915094560141448e-06 
2.5635e-06     4.954197905501345e-06 
2.566e-06      0.8999985917330184 
2.5685e-06     0.8999986736025543 
2.571e-06      0.8999986944067959 
2.5735e-06     0.8999986791518519 
2.576e-06      0.8999986545573327 
2.5785e-06     4.975327872929111e-06 
2.581e-06      0.8999985099136112 
2.5835e-06     4.823148448087947e-06 
