
time (s)       VT("/I0/I3/I5/net7") (V)


2.6e-08        0.9000142741530591 
2.85e-08       4.908247447370992e-07 
3.1e-08        6.582915375422556e-05 
3.35e-08       0.8999747988796379 
3.6e-08        0.8999842111237895 
3.85e-08       0.8999857815138302 
4.1e-08        0.8999875742553854 
4.35e-08       -5.194172196183891e-06 
4.6e-08        -4.595211604092482e-06 
4.85e-08       -3.584400911798744e-06 
5.1e-08        -2.720174468012209e-06 
5.35e-08       -2.026900814384106e-06 
5.600000000000001e-08 -1.600994142246797e-06 
5.85e-08       -1.495349978726156e-06 
6.1e-08        0.8999926938362617 
6.350000000000001e-08 0.8999927897789148 
6.600000000000001e-08 0.8999929873610711 
6.850000000000001e-08 0.8999931425533906 
7.1e-08        0.8999932649460403 
7.35e-08       0.8999933615674682 
7.599999999999999e-08 0.8999933701081571 
7.849999999999999e-08 0.8999933123411824 
8.1e-08        -9.12417019216039e-07 
8.35e-08       -9.975119050215842e-07 
8.6e-08        -1.072753603263972e-06 
8.85e-08       -1.093198432209393e-06 
9.100000000000001e-08 -1.138168037868742e-06 
9.350000000000001e-08 -1.07666511867041e-06 
9.600000000000001e-08 -1.120014418738664e-06 
9.850000000000002e-08 -1.064106517641711e-06 
1.01e-07       -9.820967208936622e-07 
1.035e-07      -8.960749127644863e-07 
1.06e-07       -7.809930673312984e-07 
1.085e-07      -7.078206330049236e-07 
1.11e-07       0.899993349710132 
1.135e-07      0.8999932800675655 
1.16e-07       0.8999931669119317 
1.185e-07      0.8999930210881564 
1.21e-07       0.8999928715501876 
1.235e-07      0.8999927613044603 
1.26e-07       0.8999926392604599 
1.285e-07      0.8999922903795565 
1.31e-07       -1.693100372390629e-06 
1.335e-07      -2.66150799646862e-06 
1.36e-07       -3.079979427597826e-06 
1.385e-07      -4.123159836437766e-06 
1.41e-07       -4.882796782620492e-06 
1.435e-07      -7.281365956552647e-06 
1.46e-07       -8.535847050807859e-06 
1.485e-07      0.8999843374176683 
1.51e-07       0.8999747192554489 
1.535e-07      0.900006677289469 
1.56e-07       0.9000118290594462 
1.585e-07      1.799730310036189e-05 
1.61e-07       2.152530821631758e-05 
1.635e-07      0.9000154624692904 
1.66e-07       0.9000138784090532 
1.685e-07      0.9000133651079762 
1.71e-07       0.9000129972384459 
1.735e-07      0.9000129940754947 
1.76e-07       1.889785262920719e-05 
1.785e-07      1.911298913970438e-05 
1.81e-07       1.87492292869174e-05 
1.835e-07      0.900009422653383 
1.86e-07       0.8999982501664302 
1.885e-07      2.128043619508006e-06 
1.91e-07       0.8999947929738906 
1.935e-07      0.8999945111526744 
1.96e-07       0.8999942649658239 
1.985e-07      1.733776148573248e-07 
2.01e-07       -1.042865948888535e-07 
2.035e-07      -1.195450295187462e-06 
2.06e-07       -3.941708155468625e-06 
2.085e-07      -1.298550460375689e-05 
2.11e-07       0.8999727400065431 
2.135e-07      0.8999817007610903 
2.16e-07       1.627842506758415e-05 
2.185e-07      1.437662951767505e-05 
2.21e-07       1.281659303981321e-05 
2.235e-07      1.177635729055773e-05 
2.26e-07       0.9000054431574911 
2.285e-07      0.9000051458397481 
2.31e-07       0.9000050946431257 
2.335e-07      0.900005136177936 
2.36e-07       0.9000046525067911 
2.385e-07      0.9000040804694798 
2.41e-07       0.9000040001546536 
2.435e-07      1.00971617983016e-05 
2.46e-07       9.987902150842516e-06 
2.485e-07      9.852737122432223e-06 
2.51e-07       1.025213597621081e-05 
2.535e-07      1.091818802455045e-05 
2.56e-07       1.085623619279707e-05 
2.585e-07      9.627238000848394e-06 
2.61e-07       8.749226185167228e-06 
2.635e-07      0.9000023519496982 
2.66e-07       0.9000029173058829 
2.685e-07      0.9000030411284519 
2.71e-07       0.9000033056440457 
2.735e-07      0.9000035146680248 
2.76e-07       0.9000039911119979 
2.785e-07      0.900003880572848 
2.81e-07       0.9000031041344202 
2.835e-07      0.9000030883162912 
2.86e-07       0.9000025842345857 
2.885e-07      0.9000022774827205 
2.91e-07       0.9000027480787057 
2.935e-07      1.061913522077407e-05 
2.96e-07       1.095570887212588e-05 
2.985e-07      1.04285674385647e-05 
3.01e-07       9.870540061175251e-06 
3.035e-07      9.957705973694126e-06 
3.06e-07       1.008927589505074e-05 
3.085e-07      9.946156483485713e-06 
3.11e-07       9.694649967547942e-06 
3.135e-07      1.025448525573742e-05 
3.16e-07       0.9000048815067566 
3.185e-07      0.900005098911842 
3.21e-07       0.9000051331536174 
3.235e-07      0.9000053007247356 
3.26e-07       0.9000058433379545 
3.285e-07      0.900006713644227 
3.31e-07       1.389803149972586e-05 
3.335e-07      1.582206191753991e-05 
3.36e-07       1.45046946673976e-05 
3.385e-07      1.478962782299438e-05 
3.41e-07       0.8999815756953172 
3.435e-07      0.8999902013178406 
3.46e-07       -1.669891661272652e-06 
3.485e-07      -4.218495455912694e-07 
3.51e-07       4.005100822746876e-08 
3.535e-07      4.429908029128125e-07 
3.56e-07       7.283835232972522e-07 
3.585e-07      0.8999946731687777 
3.61e-07       0.8999950517303665 
3.635e-07      0.899995632125235 
3.66e-07       1.409296058604501e-07 
3.685e-07      -2.673024435964682e-05 
3.71e-07       0.9000138924076989 
3.735e-07      1.880696838875277e-05 
3.76e-07       1.842069524340804e-05 
3.785e-07      1.837090166305821e-05 
3.81e-07       0.9000131155899744 
3.835e-07      0.9000138376067336 
3.86e-07       0.9000146462232566 
3.885e-07      0.9000164832873035 
3.91e-07       0.9000163273080929 
3.935e-07      3.413904028046708e-06 
3.96e-07       2.253789893194693e-05 
3.985e-07      0.8999687160567108 
4.01e-07       0.8999830304261235 
4.035e-07      0.8999859293677797 
4.06e-07       0.8999867246405541 
4.085e-07      0.8999888837307436 
4.11e-07       -4.679049841199062e-06 
4.135e-07      -3.205504912938072e-06 
4.16e-07       -2.890913695240859e-06 
4.185e-07      -1.973131197213109e-06 
4.21e-07       -1.393772926633225e-06 
4.235e-07      -1.532437716284063e-06 
4.26e-07       0.8999926490901587 
4.285e-07      0.8999927934180277 
4.31e-07       0.8999929335320753 
4.335e-07      0.8999931303033845 
4.36e-07       0.8999932488524237 
4.385e-07      0.8999933380018829 
4.41e-07       0.8999933397739004 
4.435e-07      0.8999933254951374 
4.46e-07       -8.513961041964033e-07 
4.485e-07      -9.780824243485769e-07 
4.51e-07       -1.042941838297352e-06 
4.535e-07      -1.100155322905667e-06 
4.56e-07       -1.134841177657923e-06 
4.585e-07      -1.151211186498269e-06 
4.61e-07       -1.129875766820372e-06 
4.635e-07      -1.082319459953901e-06 
4.66e-07       -1.024514626590061e-06 
4.685e-07      -9.151487240821986e-07 
4.71e-07       -8.160875844854939e-07 
4.735e-07      -7.333752079585575e-07 
4.76e-07       0.8999933403777133 
4.785000000000001e-07 0.8999932976835588 
4.81e-07       0.8999932097038235 
4.835e-07      0.899993009311934 
4.86e-07       0.8999929141719857 
4.885000000000001e-07 0.8999926848856105 
4.91e-07       0.8999927011978294 
4.935e-07      0.8999924009862186 
4.96e-07       0.8999923181130729 
4.985000000000001e-07 -2.479637206693394e-06 
5.010000000000001e-07 -3.026956364822004e-06 
5.035e-07      -3.60378909865503e-06 
5.060000000000001e-07 -4.715909533992221e-06 
5.085000000000001e-07 -6.276592966612987e-06 
5.110000000000001e-07 -8.234723055509661e-06 
5.135e-07      0.899984814243276 
5.16e-07       0.8999787794830919 
5.185000000000001e-07 0.8999712945745683 
5.210000000000001e-07 0.8999857992320741 
5.235e-07      0.8999836638502063 
5.26e-07       2.143882752626598e-05 
5.285000000000001e-07 0.9000159822416723 
5.310000000000001e-07 0.9000141773866677 
5.335000000000001e-07 0.9000132943545535 
5.36e-07       0.9000130643954266 
5.385e-07      0.9000129633046889 
5.410000000000001e-07 1.88730866215916e-05 
5.435000000000001e-07 1.889971630898634e-05 
5.46e-07       1.922601469467046e-05 
5.485e-07      0.9000126726940534 
5.510000000000001e-07 0.899973596779469 
5.535000000000001e-07 2.509106700178227e-06 
5.560000000000001e-07 1.313466251521361e-06 
5.585e-07      0.8999945601402474 
5.61e-07       0.8999943078070324 
5.635000000000001e-07 2.833936915293654e-07 
5.660000000000001e-07 -5.139360156108823e-08 
5.685e-07      -6.639801933321383e-07 
5.71e-07       -2.540464460889631e-06 
5.735000000000001e-07 -9.608872607537585e-06 
5.760000000000001e-07 0.899973538667137 
5.785000000000001e-07 0.8999322572902017 
5.81e-07       1.645879172705756e-05 
5.835000000000001e-07 1.505407693107825e-05 
5.860000000000001e-07 1.329588369611645e-05 
5.885000000000001e-07 1.200656329772646e-05 
5.91e-07       1.133975291948284e-05 
5.935e-07      0.9000052059623759 
5.960000000000001e-07 0.9000051105128068 
5.985000000000001e-07 0.900005168191835 
6.01e-07       0.9000048711192142 
6.035e-07      0.900004232393339 
6.060000000000001e-07 0.9000039457142812 
6.085000000000001e-07 1.013349305202108e-05 
6.110000000000001e-07 9.990403548970342e-06 
6.135e-07      9.848380577690921e-06 
6.16e-07       1.002640666037547e-05 
6.185000000000001e-07 1.074146104973231e-05 
6.210000000000001e-07 1.088790605155046e-05 
6.235e-07      1.015825171333998e-05 
6.26e-07       8.941932146505582e-06 
6.285000000000001e-07 0.9000024191451651 
6.310000000000001e-07 0.9000027869955027 
6.335000000000001e-07 0.9000033257937918 
6.36e-07       0.900003691508392 
6.385000000000001e-07 0.9000039203415676 
6.410000000000001e-07 0.9000035565318004 
6.435000000000001e-07 0.9000039107462593 
6.46e-07       0.9000032053902504 
6.485e-07      0.9000028917271866 
6.510000000000001e-07 0.9000027096049442 
6.535000000000001e-07 0.900002354005019 
6.560000000000001e-07 0.9000024672277638 
6.585e-07      1.026687558465151e-05 
6.610000000000001e-07 1.090471137642508e-05 
6.635000000000001e-07 1.063086881363626e-05 
6.660000000000001e-07 9.955718069126502e-06 
6.685e-07      9.871112724824889e-06 
6.71e-07       1.005146715013621e-05 
6.735000000000001e-07 1.010360510453731e-05 
6.760000000000001e-07 9.704646054108777e-06 
6.785e-07      1.006400771826584e-05 
6.81e-07       0.9000048312895937 
6.835000000000001e-07 0.9000051485258185 
6.860000000000001e-07 0.9000051173386202 
6.885000000000001e-07 0.9000052453843322 
6.91e-07       0.9000056564293401 
6.935e-07      0.9000064221987617 
6.960000000000001e-07 1.351976050897186e-05 
6.985000000000001e-07 1.532360770777891e-05 
7.01e-07       1.647954520117559e-05 
7.035e-07      -2.953827105834157e-06 
7.060000000000001e-07 -3.455868792253923e-05 
7.085000000000001e-07 0.8999886808507533 
7.110000000000001e-07 0.899991901197984 
7.135e-07      -7.487739091791944e-07 
7.160000000000001e-07 -9.171266837452268e-08 
7.185000000000001e-07 3.465519328595478e-07 
7.210000000000001e-07 6.604734472985382e-07 
7.235e-07      9.956268579160835e-07 
7.26e-07       0.899994889096237 
7.285000000000001e-07 0.8999954702200358 
7.310000000000001e-07 2.483545139645374e-06 
7.335e-07      1.020388110884392e-05 
7.36e-07       0.9000141172580703 
7.385000000000001e-07 0.9000134437462245 
7.410000000000001e-07 1.869648654860711e-05 
7.435000000000001e-07 1.836756893252477e-05 
7.46e-07       0.90001298767239 
7.485e-07      0.9000132974113707 
7.510000000000001e-07 0.9000142735356875 
7.535000000000001e-07 0.900016155140324 
7.56e-07       0.9000169599327698 
7.585e-07      1.186817618953102e-05 
7.610000000000001e-07 4.288258277238042e-05 
7.635000000000001e-07 7.088095112438894e-06 
7.660000000000001e-07 0.8999801915398578 
7.685e-07      0.8999851616088153 
7.710000000000001e-07 0.8999862811367629 
7.735000000000001e-07 0.899988330317904 
7.760000000000001e-07 -5.318103244308657e-06 
7.785e-07      -3.544658787201638e-06 
7.81e-07       -3.048239564666911e-06 
7.835000000000001e-07 -2.374142290961613e-06 
7.860000000000001e-07 -1.444915183092024e-06 
7.885000000000001e-07 -1.364495982336457e-06 
7.91e-07       0.8999926595285589 
7.935000000000001e-07 0.8999927637514648 
7.960000000000001e-07 0.8999929789121192 
7.985000000000001e-07 0.8999930832843295 
8.01e-07       0.8999932182286531 
8.035e-07      0.8999933362312976 
8.060000000000001e-07 0.8999933480574765 
8.085000000000001e-07 0.8999933403977129 
8.11e-07       -8.377848789601928e-07 
8.135e-07      -9.601735879021514e-07 
8.160000000000001e-07 -1.015669954135978e-06 
8.185000000000001e-07 -1.085432258226979e-06 
8.210000000000001e-07 -1.127455234381811e-06 
8.235e-07      -1.14880167728752e-06 
8.26e-07       -1.138517516970288e-06 
8.285000000000001e-07 -1.10222075142018e-06 
8.310000000000001e-07 -1.047634682740619e-06 
8.335e-07      -9.487125923215989e-07 
8.36e-07       -8.433684043195172e-07 
8.385000000000001e-07 -7.294831100374074e-07 
8.410000000000001e-07 -6.568282608156452e-07 
8.435000000000001e-07 0.8999933157775 
8.46e-07       0.8999932348423653 
8.485000000000001e-07 0.8999930836869774 
8.510000000000001e-07 0.8999930043549658 
8.535000000000001e-07 0.8999928280556563 
8.56e-07       0.8999926520287271 
8.585e-07      0.8999925218667302 
8.610000000000001e-07 0.8999924204542866 
8.635000000000001e-07 -2.223081846536056e-06 
8.660000000000001e-07 -2.910074969538215e-06 
8.685e-07      -3.235966538189577e-06 
8.710000000000001e-07 -5.02974033429175e-06 
8.735000000000001e-07 -5.515842184670501e-06 
8.760000000000001e-07 -8.003112017627214e-06 
8.785e-07      0.8999856226809986 
8.81e-07       0.899981499812589 
8.835000000000001e-07 0.8999667698947306 
8.860000000000001e-07 0.9000147031593965 
8.885e-07      0.8999681029702377 
8.91e-07       2.049314271145136e-05 
8.935000000000001e-07 2.146028776156389e-05 
8.960000000000001e-07 0.9000145097275455 
8.985000000000001e-07 0.9000137695931152 
9.01e-07       0.9000131731465669 
9.035000000000001e-07 0.9000129498418495 
9.060000000000001e-07 0.9000130912455599 
9.085000000000001e-07 1.8976778326711e-05 
9.11e-07       1.925323081548385e-05 
9.135e-07      1.812023482797363e-05 
9.160000000000001e-07 0.9000267394470228 
9.185000000000001e-07 0.9000049556247475 
9.210000000000001e-07 1.738366997517827e-06 
9.235e-07      0.8999946606151477 
9.260000000000001e-07 0.8999943814994645 
9.285000000000001e-07 0.8999940482465735 
9.310000000000001e-07 1.163997267688464e-07 
9.335e-07      -4.845756892541815e-07 
9.36e-07       -1.83875807181509e-06 
9.385000000000001e-07 -6.386212657165058e-06 
9.410000000000001e-07 -2.394890378661488e-05 
9.435000000000001e-07 0.9000330880896436 
9.46e-07       0.9000080543810931 
9.485000000000001e-07 1.562259454276134e-05 
9.510000000000001e-07 1.365920215643785e-05 
9.535000000000001e-07 1.209144600652594e-05 
9.56e-07       1.135474287128049e-05 
9.585e-07      0.9000052720726138 
9.61e-07       0.9000051185935584 
9.635e-07      0.9000051249220364 
9.659999999999999e-07 0.9000048294731237 
9.684999999999999e-07 0.9000044249525582 
9.710000000000001e-07 0.9000039451046903 
9.735000000000001e-07 1.002201560979282e-05 
9.760000000000001e-07 1.0068583014933e-05 
9.785e-07      9.888144142839653e-06 
9.81e-07       9.919784777161173e-06 
9.835e-07      1.055892775624413e-05 
9.860000000000002e-07 1.093491071123243e-05 
9.885000000000001e-07 1.051076983463848e-05 
9.910000000000001e-07 9.128288341053817e-06 
9.935000000000001e-07 8.467922134400714e-06 
9.960000000000001e-07 0.9000026545125125 
9.985000000000001e-07 0.9000031757594271 
1.001e-06      0.9000036005054213 
1.0035e-06     0.9000038637668052 
1.006e-06      0.9000035254696328 
1.0085e-06     0.9000034876334513 
1.011e-06      0.9000037692317285 
1.0135e-06     0.9000033866738105 
1.016e-06      0.9000028431951775 
1.0185e-06     0.9000024497472723 
1.021e-06      0.9000022478136562 
1.0235e-06     0.9000032545894682 
1.026e-06      1.079132850672485e-05 
1.0285e-06     1.083176582119228e-05 
1.031e-06      1.010887186711322e-05 
1.0335e-06     9.840442687931762e-06 
1.036e-06      9.949772085964441e-06 
1.0385e-06     1.011959745829294e-05 
1.041e-06      9.721378919112071e-06 
1.0435e-06     9.915574963838448e-06 
1.046e-06      0.900004777554965 
1.0485e-06     0.9000051686599596 
1.051e-06      0.9000051146069268 
1.0535e-06     0.9000051660765637 
1.056e-06      0.900005499332286 
1.0585e-06     0.9000061487010893 
1.061e-06      1.310007604186832e-05 
1.0635e-06     1.475616477241237e-05 
1.066e-06      1.634470077851283e-05 
1.0685e-06     4.86459131885622e-06 
1.071e-06      2.423242833006514e-06 
1.0735e-06     0.8999869242932804 
1.076e-06      0.8999912756094437 
1.0785e-06     -1.101450116860089e-06 
1.081e-06      -2.532105007353331e-07 
1.0835e-06     2.367795147344956e-07 
1.086e-06      5.90139739139884e-07 
1.0885e-06     8.616849772729894e-07 
1.091e-06      0.8999947561052621 
1.0935e-06     0.8999952416109687 
1.096e-06      0.8999958238138805 
1.0985e-06     -2.959604872094396e-05 
1.101e-06      -8.703249146361275e-06 
1.1035e-06     0.9000135777924371 
1.106e-06      1.872553398675196e-05 
1.1085e-06     1.860070128432036e-05 
1.111e-06      1.863524142660686e-05 
1.1135e-06     0.9000133670787811 
1.116e-06      0.9000139627632135 
1.1185e-06     0.9000156236050796 
1.121e-06      0.9000171245251524 
1.1235e-06     0.9000129177079551 
1.126e-06      9.559059554533676e-06 
1.1285e-06     7.253070249085374e-05 
1.131e-06      0.8999769549202749 
1.1335e-06     0.8999845637916313 
1.136e-06      0.8999861684214038 
1.1385e-06     0.8999880096084073 
1.141e-06      -4.838283698075846e-06 
1.1435e-06     -3.84511332282043e-06 
1.146e-06      -3.139175911973339e-06 
1.1485e-06     -2.611155102515472e-06 
1.151e-06      -1.606240068393923e-06 
1.1535e-06     -1.600172193640409e-06 
1.156e-06      -1.462540233922808e-06 
1.1585e-06     0.899992780278273 
1.161e-06      0.8999928477612706 
1.1635e-06     0.899992962166287 
1.166e-06      0.8999931876588658 
1.1685e-06     0.8999932920807969 
1.171e-06      0.8999933645644876 
1.1735e-06     0.8999933470794251 
1.176e-06      0.8999933657056421 
1.1785e-06     -9.051986416667204e-07 
1.181e-06      -9.937151734500618e-07 
1.1835e-06     -1.066600127709807e-06 
1.186e-06      -1.120275507138203e-06 
1.1885e-06     -1.146603594070101e-06 
1.191e-06      -1.143433265062597e-06 
1.1935e-06     -1.115010433705363e-06 
1.196e-06      -1.052219179352994e-06 
1.1985e-06     -9.771483958515822e-07 
1.201e-06      -8.742871261611406e-07 
1.2035e-06     -7.517125269388354e-07 
1.206e-06      -6.643015670043418e-07 
1.2085e-06     0.8999933403003983 
1.211e-06      0.8999932524645534 
1.2135e-06     0.8999931524618234 
1.216e-06      0.899993005416156 
1.2185e-06     0.8999928715667764 
1.221e-06      0.8999927186665726 
1.2235e-06     0.8999924830321704 
1.226e-06      0.8999922146461277 
1.2285e-06     -1.860042971070889e-06 
1.231e-06      -2.379570457010365e-06 
1.2335e-06     -3.081978328949456e-06 
1.236e-06      -4.397083148032789e-06 
1.2385e-06     -5.035289739304833e-06 
1.241e-06      -7.772268841452178e-06 
1.2435e-06     -8.788871554686401e-06 
1.246e-06      0.8999839520780564 
1.2485e-06     0.8999722108018636 
1.251e-06      0.9000325670277785 
1.2535e-06     0.8999840349487185 
1.256e-06      1.947988905108781e-05 
1.2585e-06     2.145045928752815e-05 
1.261e-06      0.9000152623506338 
1.2635e-06     0.9000137514485134 
1.266e-06      0.9000133175749557 
1.2685e-06     0.900012982262567 
1.271e-06      0.9000130290146804 
1.2735e-06     1.876736543667405e-05 
1.276e-06      1.915599560038657e-05 
1.2785e-06     1.851064346946882e-05 
1.281e-06      0.900003552235452 
1.2835e-06     0.9000043166698838 
1.286e-06      1.933986582450459e-06 
1.2885e-06     0.8999947491035603 
1.291e-06      0.8999944484663515 
1.2935e-06     0.8999941943703793 
1.296e-06      1.664479518242969e-07 
1.2985e-06     -1.555363507311468e-07 
1.301e-06      -1.398788027262022e-06 
1.3035e-06     -4.565819763491656e-06 
1.306e-06      -1.596275262121951e-05 
1.3085e-06     0.8999788557221722 
1.311e-06      0.8999928902093356 
1.3135e-06     1.608771014630562e-05 
1.316e-06      1.41009469886933e-05 
1.3185e-06     1.262307677812088e-05 
1.321e-06      1.150847733748687e-05 
1.3235e-06     0.9000053457768279 
1.326e-06      0.9000051269928083 
1.3285e-06     0.9000050826415459 
1.331e-06      0.9000050633219948 
1.3335e-06     0.900004496585837 
1.336e-06      0.9000040104849512 
1.3385e-06     0.9000041721917338 
1.341e-06      1.008762594488957e-05 
1.3435e-06     9.958800537595781e-06 
1.346e-06      9.864834863180674e-06 
1.3485e-06     1.034686950699977e-05 
1.351e-06      1.09699775561707e-05 
1.3535e-06     1.070844510249052e-05 
1.356e-06      9.397197755181495e-06 
1.3585e-06     8.659222885706573e-06 
1.361e-06      0.9000025383389629 
1.3635e-06     0.9000030097637896 
1.366e-06      0.9000035282899206 
1.3685e-06     0.9000038309796655 
1.371e-06      0.9000039741401814 
1.3735e-06     0.9000039809385217 
1.376e-06      0.9000033774853082 
1.3785e-06     0.9000030654123617 
1.381e-06      0.900003005501108 
1.3835e-06     0.9000025559955076 
1.386e-06      0.9000022442670249 
1.3885e-06     0.900002861537084 
1.391e-06      1.075986232859559e-05 
1.3935e-06     1.097652513263507e-05 
1.396e-06      1.032110911055465e-05 
1.3985e-06     9.863938080382716e-06 
1.401e-06      9.972297099301223e-06 
1.4035e-06     1.009841947678768e-05 
1.406e-06      9.887593158004177e-06 
1.4085e-06     9.779278615487082e-06 
1.411e-06      0.900004489112294 
1.4135e-06     0.9000050773874064 
1.416e-06      0.900005085853572 
1.4185e-06     0.9000051296410619 
1.421e-06      0.9000053712622734 
1.4235e-06     0.9000059501776535 
1.426e-06      0.9000068985780537 
1.4285e-06     1.412486367977092e-05 
1.431e-06      1.601659809978817e-05 
1.4335e-06     1.333536909721996e-05 
1.436e-06      5.715314712962531e-05 
1.4385e-06     0.8999837007945675 
1.441e-06      0.8999905317941728 
1.4435e-06     -1.475680298915239e-06 
1.446e-06      -2.933421639317755e-07 
1.4485e-06     9.740934118294539e-08 
1.451e-06      5.14431922747246e-07 
1.4535e-06     7.697383002554274e-07 
1.456e-06      0.8999947268635078 
1.4585e-06     0.8999951194308141 
1.461e-06      0.8999956308377386 
1.4635e-06     -3.049494918125614e-06 
1.466e-06      -1.71566130630963e-05 
1.4685e-06     0.9000137755503003 
1.471e-06      1.863099786468699e-05 
1.4735e-06     1.861615789333918e-05 
1.476e-06      1.837978108973492e-05 
1.4785e-06     0.9000129105801663 
1.481e-06      0.900013961220647 
1.4835e-06     0.9000148766418826 
1.486e-06      0.9000167021568629 
1.4885e-06     0.9000159058007322 
1.491e-06      5.12106502177698e-07 
1.4935e-06     3.370436999199119e-05 
1.496e-06      0.8999717902299723 
1.4985e-06     0.8999842082650512 
1.501e-06      0.899986117994135 
1.5035e-06     0.8999871706891379 
1.506e-06      -5.081845609079914e-06 
1.5085e-06     -4.401666303207861e-06 
1.511e-06      -3.14894874619736e-06 
1.5135e-06     -2.44086149361042e-06 
1.516e-06      -1.951037653150468e-06 
1.5185e-06     -1.728068595769078e-06 
1.521e-06      -1.506546261457759e-06 
1.5235e-06     0.8999927011877228 
1.526e-06      0.8999928288519966 
1.5285e-06     0.8999929483350005 
1.531e-06      0.8999931461686937 
1.5335e-06     0.8999932722541522 
1.536e-06      0.8999932964491199 
1.5385e-06     0.8999933406228604 
1.541e-06      0.8999933206037336 
1.5435e-06     -8.671707344782253e-07 
1.546e-06      -9.705680064605035e-07 
1.5485e-06     -1.052646124332078e-06 
1.551e-06      -1.108922391632021e-06 
1.5535e-06     -1.138626401659486e-06 
1.556e-06      -1.147878518601077e-06 
1.5585e-06     -1.124814278232291e-06 
1.561e-06      -1.070978452437511e-06 
1.5635e-06     -1.000172084663638e-06 
1.566e-06      -8.639560154502928e-07 
1.5685e-06     -7.990018390848364e-07 
1.571e-06      -7.198992992496403e-07 
1.5735e-06     0.8999933237289761 
1.576e-06      0.899993275439388 
1.5785e-06     0.8999931834842039 
1.581e-06      0.8999929707176402 
1.5835e-06     0.8999928937749884 
1.586e-06      0.8999927831655714 
1.5885e-06     0.8999925772333116 
1.591e-06      0.8999923451997482 
1.5935e-06     0.899992232002735 
1.596e-06      -2.595087235662527e-06 
1.5985e-06     -3.048525076445458e-06 
1.601e-06      -3.787530216495266e-06 
1.6035e-06     -4.786676491239005e-06 
1.606e-06      -6.744353656603793e-06 
1.6085e-06     -8.357467802007819e-06 
1.611e-06      0.8999845350545568 
1.6135e-06     0.8999770917689285 
1.616e-06      0.8999821681998759 
1.6185e-06     0.8999635610149862 
1.621e-06      1.575166378050016e-05 
1.6235e-06     2.161852788912934e-05 
1.626e-06      0.9000157073471937 
1.6285e-06     0.9000142929586147 
1.631e-06      0.9000134382931455 
1.6335e-06     0.9000130207599424 
1.636e-06      0.9000129706789618 
1.6385e-06     1.887138571317793e-05 
1.641e-06      1.893706361409342e-05 
1.6435e-06     1.901587868716559e-05 
1.646e-06      0.9000111735988992 
1.6485e-06     0.8999940850310316 
1.651e-06      2.10455912681335e-06 
1.6535e-06     0.899994833915195 
1.656e-06      0.8999945124526879 
1.6585e-06     0.8999942501247942 
1.661e-06      2.542729663231484e-07 
1.6635e-06     2.331547397913242e-08 
1.666e-06      -1.017570143297366e-06 
1.6685e-06     -3.397063108415051e-06 
1.671e-06      -1.114334403239754e-05 
1.6735e-06     0.8999695996009863 
1.676e-06      0.9000020163444653 
1.6785e-06     1.637983316788406e-05 
1.681e-06      1.47196149458451e-05 
1.6835e-06     1.305631876355576e-05 
1.686e-06      1.172679634874794e-05 
1.6885e-06     1.120598530087464e-05 
1.691e-06      0.9000051651952509 
1.6935e-06     0.9000050995345574 
1.696e-06      0.9000051693288651 
1.6985e-06     0.9000047821839918 
1.701e-06      0.9000041466740046 
1.7035e-06     0.9000039647183878 
1.706e-06      1.011081421978072e-05 
1.7085e-06     9.944417858732301e-06 
1.711e-06      9.842602369127448e-06 
1.7135e-06     1.014419801758018e-05 
1.716e-06      1.082339353601186e-05 
1.7185e-06     1.079419111550943e-05 
1.721e-06      9.904824115301262e-06 
1.7235e-06     8.800176801431365e-06 
1.726e-06      0.9000024329581909 
1.7285e-06     0.9000028420899517 
1.731e-06      0.9000033978309326 
1.7335e-06     0.9000037489246805 
1.736e-06      0.9000039419927949 
1.7385e-06     0.9000035288352881 
1.741e-06      0.9000034537928022 
1.7435e-06     0.9000031381387443 
1.746e-06      0.9000031681588786 
1.7485e-06     0.9000026455170816 
1.751e-06      0.9000023146188911 
1.7535e-06     0.9000026000061466 
1.756e-06      1.041233123529357e-05 
1.7585e-06     1.094138815908015e-05 
1.761e-06      1.052867610723527e-05 
1.7635e-06     9.911952981494474e-06 
1.766e-06      9.8910425555662e-06 
1.7685e-06     1.008045129989633e-05 
1.771e-06      1.001923737826137e-05 
1.7735e-06     9.712717524094363e-06 
1.776e-06      1.016054529964331e-05 
1.7785e-06     0.9000048390228198 
1.781e-06      0.9000051210890673 
1.7835e-06     0.90000512971182 
1.786e-06      0.900005280483246 
1.7885e-06     0.9000057496297135 
1.791e-06      0.9000065699154007 
1.7935e-06     1.367277070363344e-05 
1.796e-06      1.558012588709645e-05 
1.7985e-06     1.564082545605625e-05 
1.801e-06      3.823349957714471e-05 
1.8035e-06     -3.04879153739207e-05 
1.806e-06      0.8999894661476747 
1.8085e-06     -1.923964423174881e-06 
1.811e-06      -4.988890394485892e-07 
1.8135e-06     -3.666222173305256e-09 
1.816e-06      3.884225540228203e-07 
1.8185e-06     6.940418701542522e-07 
1.821e-06      0.8999946017012218 
1.8235e-06     0.8999949545540709 
1.826e-06      0.8999955914687888 
1.8285e-06     1.422229147412983e-06 
1.831e-06      -4.55252043106203e-05 
1.8335e-06     0.9000139943056111 
1.836e-06      0.9000133839818832 
1.8385e-06     1.845761647229541e-05 
1.841e-06      1.857907981086761e-05 
1.8435e-06     0.9000130357687814 
1.846e-06      0.9000136902664795 
1.8485e-06     0.9000147735479663 
1.851e-06      0.9000162821750366 
1.8535e-06     0.9000166614955716 
1.856e-06      8.201158595047266e-06 
1.8585e-06     1.519204482613697e-05 
1.861e-06      -2.122384127465174e-05 
1.8635e-06     0.8999814650629074 
1.866e-06      0.8999855988082994 
1.8685e-06     0.8999863367130144 
1.871e-06      0.8999886545946687 
1.8735e-06     -5.036164072195135e-06 
1.876e-06      -3.301997697423455e-06 
1.8785e-06     -3.001905156340522e-06 
1.881e-06      -2.246352906107604e-06 
1.8835e-06     -1.7692230714021e-06 
1.886e-06      -1.403550012072408e-06 
1.8885e-06     0.8999926063086093 
1.891e-06      0.899992809678791 
1.8935e-06     0.8999929207217101 
1.896e-06      0.8999930897184819 
1.8985e-06     0.8999932356093048 
1.901e-06      0.8999933163899974 
1.9035e-06     0.899993363923267 
1.906e-06      0.8999933375177936 
1.9085e-06     -8.384442898626879e-07 
1.911e-06      -9.504883869695928e-07 
1.9135e-06     -1.027120656116803e-06 
1.916e-06      -1.094183217542293e-06 
1.9185e-06     -1.131564797958869e-06 
1.921e-06      -1.14815928862316e-06 
1.9235e-06     -1.134276960356483e-06 
1.926e-06      -1.094426043461434e-06 
1.9285e-06     -1.036728927609782e-06 
1.931e-06      -9.336729767169729e-07 
1.9335e-06     -8.306903353744552e-07 
1.936e-06      -7.010458971441155e-07 
1.9385e-06     0.8999933693649274 
1.941e-06      0.8999933064820991 
1.9435e-06     0.899993221786724 
1.946e-06      0.8999930659928231 
1.9485e-06     0.8999929813454497 
1.951e-06      0.8999928121139165 
1.9535e-06     0.8999926397443556 
1.956e-06      0.8999924656009003 
1.9585e-06     0.8999923798266358 
1.961e-06      -2.357523498206936e-06 
1.9635e-06     -2.978123595498858e-06 
1.966e-06      -3.354329395998023e-06 
1.9685e-06     -5.324185187010582e-06 
1.971e-06      -5.910003096745887e-06 
1.9735e-06     -8.10622114502273e-06 
1.976e-06      0.8999851729064767 
1.9785e-06     0.8999801422119037 
1.981e-06      0.8999653170710463 
1.9835e-06     0.8999947767155168 
1.986e-06      0.8999733589565472 
1.9885e-06     2.095159490241092e-05 
1.991e-06      2.125595849697419e-05 
1.9935e-06     0.900014637597207 
1.996e-06      0.9000134040112054 
1.9985e-06     0.9000131296496963 
2.001e-06      0.9000129638682169 
2.0035e-06     0.9000131416544884 
2.006e-06      1.901232679974375e-05 
2.0085e-06     1.918093542413683e-05 
2.011e-06      0.9000137687786239 
2.0135e-06     0.9000354787911059 
2.016e-06      2.575548275969777e-06 
2.0185e-06     1.433017025995876e-06 
2.021e-06      0.8999946200366621 
2.0235e-06     0.8999943473050076 
2.026e-06      0.8999939853489901 
2.0285e-06     1.072524879041729e-07 
2.031e-06      -4.80199547460074e-07 
2.0335e-06     -2.288794211520205e-06 
2.036e-06      -7.770979930495271e-06 
2.0385e-06     0.8999772643629442 
2.041e-06      0.9000060495616505 
2.0435e-06     0.9000123749970259 
2.046e-06      1.536723001846625e-05 
2.0485e-06     1.345621818778845e-05 
2.051e-06      1.215614785421326e-05 
2.0535e-06     1.127317254500988e-05 
2.056e-06      0.9000052344565904 
2.0585e-06     0.9000051090173886 
2.061e-06      0.9000051478030398 
2.0635e-06     0.9000048325018293 
2.066e-06      0.9000043245894005 
2.0685e-06     0.9000039366381477 
2.071e-06      9.873666198165442e-06 
2.0735e-06     1.003837893342277e-05 
2.076e-06      9.869254645433242e-06 
2.0785e-06     9.964559222730336e-06 
2.081e-06      1.065922329447348e-05 
2.0835e-06     1.085918135469071e-05 
2.086e-06      1.031156627895647e-05 
2.0885e-06     9.0081501471411e-06 
2.091e-06      8.453313692967688e-06 
2.0935e-06     0.900002719708127 
2.096e-06      0.9000032530894458 
2.0985e-06     0.9000036537598819 
2.101e-06      0.9000038933577594 
2.1035e-06     0.9000035299701874 
2.106e-06      0.9000035026949393 
2.1085e-06     0.9000032166832959 
2.111e-06      0.9000033156461194 
2.1135e-06     0.9000027839043024 
2.116e-06      0.9000023991851748 
2.1185e-06     0.9000023351064073 
2.121e-06      0.9000034595949863 
2.1235e-06     1.084349939458002e-05 
2.126e-06      1.073239357394353e-05 
2.1285e-06     9.996172764535399e-06 
2.131e-06      9.854308648249561e-06 
2.1335e-06     9.995413280969472e-06 
2.136e-06      1.014299682915621e-05 
2.1385e-06     9.707499237792362e-06 
2.141e-06      9.98609480705577e-06 
2.1435e-06     0.9000048727630876 
2.146e-06      0.9000051648064206 
2.1485e-06     0.9000051150724607 
2.151e-06      0.9000052178346881 
2.1535e-06     0.9000055940498455 
2.156e-06      0.9000062641488693 
2.1585e-06     1.332637381573798e-05 
2.161e-06      1.506409437548011e-05 
2.1635e-06     1.643257709127102e-05 
2.166e-06      -4.271456864910383e-06 
2.1685e-06     -2.458002378999687e-05 
2.171e-06      0.8999878125244956 
2.1735e-06     0.8999915025444288 
2.176e-06      -7.796331153255443e-07 
2.1785e-06     -2.790251762546279e-08 
2.181e-06      2.687727860438139e-07 
2.1835e-06     6.108847126083308e-07 
2.186e-06      9.280952362595996e-07 
2.1885e-06     0.8999948661581502 
2.191e-06      0.8999953050290054 
2.1935e-06     0.8999956737805771 
2.196e-06      -1.199653174530294e-05 
2.1985e-06     -5.856236249883693e-06 
2.201e-06      0.9000134885477725 
2.2035e-06     1.874458093493698e-05 
2.206e-06      1.858933857968511e-05 
2.2085e-06     1.867180209608456e-05 
2.211e-06      0.9000134594678783 
2.2135e-06     0.9000143975504253 
2.216e-06      0.9000158856633624 
2.2185e-06     0.9000172511253677 
2.221e-06      0.9000101348264317 
2.2235e-06     3.677973235040567e-05 
2.226e-06      4.590172817575655e-05 
2.2285e-06     0.899978625538815 
2.231e-06      0.8999848230780371 
2.2335e-06     0.8999862255014679 
2.236e-06      0.8999880354163514 
2.2385e-06     -4.771617003194926e-06 
2.241e-06      -3.655957763956894e-06 
2.2435e-06     -3.109127700171673e-06 
2.246e-06      -2.50792116363171e-06 
2.2485e-06     -1.513637559122832e-06 
2.251e-06      -1.528113295070156e-06 
2.2535e-06     0.8999926638620976 
2.256e-06      0.8999927561993609 
2.2585e-06     0.8999929031054115 
2.261e-06      0.89999300987076 
2.2635e-06     0.8999932021126753 
2.266e-06      0.8999932737910205 
2.2685e-06     0.8999933684956336 
2.271e-06      0.8999933441444071 
2.2735e-06     0.8999933530986347 
2.276e-06      -9.214862730498802e-07 
2.2785e-06     -1.002550619335622e-06 
2.281e-06      -1.0763275045305e-06 
2.2835e-06     -1.122840728326045e-06 
2.286e-06      -1.12099933295171e-06 
2.2885e-06     -1.142010097439417e-06 
2.291e-06      -1.106349370191207e-06 
2.2935e-06     -1.041715857911372e-06 
2.296e-06      -9.631626172222034e-07 
2.2985e-06     -8.587487217422369e-07 
2.301e-06      -7.345373856208983e-07 
2.3035e-06     -6.395580162483856e-07 
2.306e-06      0.8999933239373751 
2.3085e-06     0.8999932433748253 
2.311e-06      0.8999931163166168 
2.3135e-06     0.8999929381192421 
2.316e-06      0.8999928707859527 
2.3185e-06     0.8999926938735227 
2.321e-06      0.8999924557340078 
2.3235e-06     0.8999924557676512 
2.326e-06      -1.945667670902133e-06 
2.3285e-06     -2.81106817027964e-06 
2.331e-06      -3.144632940717032e-06 
2.3335e-06     -4.6839544261166e-06 
2.336e-06      -5.233544564095702e-06 
2.3385e-06     -7.901475866007355e-06 
2.341e-06      0.8999859512416588 
2.3435e-06     0.8999826763435143 
2.346e-06      0.8999694742137658 
2.3485e-06     0.9000365119766663 
2.351e-06      0.8999652652614877 
2.3535e-06     1.9960676386552e-05 
2.356e-06      2.147404832107672e-05 
2.3585e-06     0.9000150660082921 
2.361e-06      0.9000136267353297 
2.3635e-06     0.9000132366223597 
2.366e-06      0.9000129538473581 
2.3685e-06     0.9000130684152676 
2.371e-06      1.896030379079238e-05 
2.3735e-06     1.920051159764971e-05 
2.376e-06      1.825322570170115e-05 
2.3785e-06     0.8999863745966811 
2.381e-06      0.9000048453337791 
2.3835e-06     1.871994002650158e-06 
2.386e-06      0.8999946947532812 
2.3885e-06     0.8999944139039751 
2.391e-06      0.8999941493588761 
2.3935e-06     1.429254356664406e-07 
2.396e-06      -3.145046357992835e-07 
2.3985e-06     -1.588294179455635e-06 
2.401e-06      -5.161085843700888e-06 
2.4035e-06     -1.971398619590867e-05 
2.406e-06      0.900007961167514 
2.4085e-06     0.9000028078620217 
2.411e-06      1.585964309178647e-05 
2.4135e-06     1.386372987173391e-05 
2.416e-06      1.222321349508815e-05 
2.4185e-06     1.143424055618968e-05 
2.421e-06      0.9000052912592909 
2.4235e-06     0.900005074781813 
2.426e-06      0.9000050952647595 
2.4285e-06     0.9000048721576811 
2.431e-06      0.9000045173513446 
2.4335e-06     0.9000039316854973 
2.436e-06      0.900004252591542 
2.4385e-06     1.008450447750549e-05 
2.441e-06      9.953335741992807e-06 
2.4435e-06     9.883644283166611e-06 
2.446e-06      1.045580135951723e-05 
2.4485e-06     1.095824224824716e-05 
2.451e-06      1.065780592621857e-05 
2.4535e-06     9.299117536102396e-06 
2.456e-06      8.538172944289107e-06 
2.4585e-06     0.9000025911969993 
2.461e-06      0.9000030941659077 
2.4635e-06     0.9000035442506144 
2.466e-06      0.900003862054687 
2.4685e-06     0.9000039848341654 
2.471e-06      0.9000035345766353 
2.4735e-06     0.9000038102847664 
2.476e-06      0.9000034521936998 
2.4785e-06     0.900002914542782 
2.481e-06      0.9000024964121308 
2.4835e-06     0.9000022141686623 
2.486e-06      0.9000030376128484 
2.4885e-06     1.086911854292064e-05 
2.491e-06      1.091579365810555e-05 
2.4935e-06     1.022493544717281e-05 
2.496e-06      9.844767211133683e-06 
2.4985e-06     9.998576216926209e-06 
2.501e-06      1.010432173660524e-05 
2.5035e-06     9.750461790232088e-06 
2.506e-06      9.842307155000278e-06 
2.5085e-06     0.9000047014819481 
2.511e-06      0.9000051458753492 
2.5135e-06     0.9000050990075176 
2.516e-06      0.9000051489041883 
2.5185e-06     0.9000054273973719 
2.521e-06      0.9000060273847275 
2.5235e-06     0.9000070926027715 
2.526e-06      1.443138125977569e-05 
2.5285e-06     1.622629546939555e-05 
2.531e-06      9.806958580525636e-06 
2.5335e-06     5.302656296171013e-05 
2.536e-06      0.8999859147530651 
2.5385e-06     0.8999908398899569 
2.541e-06      -1.273380510898976e-06 
2.5435e-06     -1.594530673856997e-07 
2.546e-06      1.838634335552975e-07 
2.5485e-06     5.612173451488935e-07 
2.551e-06      8.151621447258315e-07 
2.5535e-06     0.8999947660559614 
2.556e-06      0.8999952065770737 
2.5585e-06     0.8999957395034093 
2.561e-06      -1.121871152090983e-05 
2.5635e-06     -1.065881206866774e-05 
2.566e-06      0.9000136718910946 
2.5685e-06     1.875445930117887e-05 
2.571e-06      1.85934994156072e-05 
2.5735e-06     1.860330193413142e-05 
2.576e-06      0.9000132510779137 
2.5785e-06     0.9000138104079181 
2.581e-06      0.9000153754069058 
2.5835e-06     0.9000169231797965 
