
time (s)       VT("/I0/I7/I5/net7") (V)


2.6e-08        6.37195407087379e-06 
2.85e-08       -2.733898310314521e-07 
3.1e-08        9.188563455568645e-06 
3.35e-08       0.8999941524281297 
3.6e-08        0.8999973852754464 
3.85e-08       0.8999973982149885 
4.1e-08        0.899997517145519 
4.35e-08       0.8999976435025858 
4.6e-08        0.8999975771376635 
4.85e-08       3.877616933312358e-06 
5.1e-08        0.89999773774793 
5.35e-08       4.044134636482964e-06 
5.600000000000001e-08 0.8999978538623349 
5.85e-08       4.033158301073779e-06 
6.1e-08        0.8999978697479641 
6.350000000000001e-08 0.8999978614358186 
6.600000000000001e-08 4.05539499795053e-06 
6.850000000000001e-08 4.186476205042983e-06 
7.1e-08        4.188143754503604e-06 
7.35e-08       0.899997938556122 
7.599999999999999e-08 4.145561257856151e-06 
7.849999999999999e-08 4.042672753162723e-06 
8.1e-08        0.8999979106709676 
8.35e-08       0.8999978697551668 
8.6e-08        0.8999978417629207 
8.85e-08       3.90719926119411e-06 
9.100000000000001e-08 3.814786622132913e-06 
9.350000000000001e-08 3.855311739664789e-06 
9.600000000000001e-08 3.835726307780127e-06 
9.850000000000002e-08 3.877183867851509e-06 
1.01e-07       3.922573208368549e-06 
1.035e-07      0.899997884483982 
1.06e-07       0.8999979472882719 
1.085e-07      0.8999979884161605 
1.11e-07       4.182777757565171e-06 
1.135e-07      4.188212540620183e-06 
1.16e-07       4.12591381992492e-06 
1.185e-07      4.056815372617535e-06 
1.21e-07       4.048292123374642e-06 
1.235e-07      4.062698993575013e-06 
1.26e-07       0.8999978936247521 
1.285e-07      0.8999978563794221 
1.31e-07       4.105673528758757e-06 
1.335e-07      0.8999977470028521 
1.36e-07       4.017855655765198e-06 
1.385e-07      3.991675011324249e-06 
1.41e-07       4.06115332650262e-06 
1.435e-07      0.899997422521524 
1.46e-07       0.8999974958410065 
1.485e-07      0.8999974454583741 
1.51e-07       0.899994072079694 
1.535e-07      0.8999966452526916 
1.56e-07       0.9000098708733933 
1.585e-07      6.436892635603468e-06 
1.61e-07       6.471725783537891e-06 
1.635e-07      5.830107436807509e-06 
1.66e-07       5.344798218384712e-06 
1.685e-07      0.8999991618265542 
1.71e-07       0.8999991007182947 
1.735e-07      0.8999991308298334 
1.76e-07       5.385475915472118e-06 
1.785e-07      0.8999995352909373 
1.81e-07       0.9000000902520883 
1.835e-07      0.9000006346679043 
1.86e-07       2.15869630975242e-06 
1.885e-07      4.65112087297305e-06 
1.91e-07       4.327126864435546e-06 
1.935e-07      0.8999982418484522 
1.96e-07       0.8999982276350802 
1.985e-07      4.286972047831114e-06 
2.01e-07       4.474495022861172e-06 
2.035e-07      4.624841755396801e-06 
2.06e-07       0.8999980353655104 
2.085e-07      0.8999971376401908 
2.11e-07       -7.127304444709736e-06 
2.135e-07      0.8999976629045396 
2.16e-07       5.695277998007525e-06 
2.185e-07      4.895833824876026e-06 
2.21e-07       0.8999984990609039 
2.235e-07      4.488899302282838e-06 
2.26e-07       4.380897587807247e-06 
2.285e-07      0.8999983546953721 
2.31e-07       0.8999984111725584 
2.335e-07      0.8999984316499162 
2.36e-07       0.8999983053238324 
2.385e-07      4.25662366775795e-06 
2.41e-07       0.8999982591663805 
2.435e-07      4.458822768657082e-06 
2.46e-07       4.4088375370517e-06 
2.485e-07      0.8999983072039918 
2.51e-07       4.413481910500532e-06 
2.535e-07      0.8999983552090211 
2.56e-07       3.822492651525502e-06 
2.585e-07      0.8999972527329033 
2.61e-07       0.8999973092366919 
2.635e-07      3.464294260004426e-06 
2.66e-07       4.104222183180432e-06 
2.685e-07      4.071968521003886e-06 
2.71e-07       0.8999981995203539 
2.735e-07      0.8999982583958903 
2.76e-07       0.899998568709301 
2.785e-07      0.8999985259721494 
2.81e-07       0.8999980859472915 
2.835e-07      0.8999981622118738 
2.86e-07       0.8999978397676992 
2.885e-07      3.496344743480658e-06 
2.91e-07       0.899997271853985 
2.935e-07      0.8999975667663197 
2.96e-07       0.8999981964898459 
2.985e-07      0.8999983982184037 
3.01e-07       0.8999982746223518 
3.035e-07      0.899998337739408 
3.06e-07       0.8999984065927648 
3.085e-07      4.419069074221631e-06 
3.11e-07       4.251565324868515e-06 
3.135e-07      4.315111244937849e-06 
3.16e-07       0.8999983360363315 
3.185e-07      4.414213445029864e-06 
3.21e-07       0.8999983608525265 
3.235e-07      0.8999983630843401 
3.26e-07       4.459687651897087e-06 
3.285e-07      4.521433197424778e-06 
3.31e-07       0.8999986580083637 
3.335e-07      5.408833361160888e-06 
3.36e-07       6.063202291525249e-06 
3.385e-07      -3.93821980613711e-06 
3.41e-07       0.8999954406683673 
3.435e-07      0.8999980098847413 
3.46e-07       0.8999981043048998 
3.485e-07      4.487103428216526e-06 
3.51e-07       4.328196360311278e-06 
3.535e-07      4.301273478649915e-06 
3.56e-07       4.276655759717553e-06 
3.585e-07      0.8999977325124859 
3.61e-07       0.899997940605644 
3.635e-07      5.106417192275184e-06 
3.66e-07       0.8999994077312919 
3.685e-07      0.8999995803644841 
3.71e-07       0.8999995820431855 
3.735e-07      0.8999992752760457 
3.76e-07       0.8999990787521821 
3.785e-07      5.078373667715858e-06 
3.81e-07       0.8999991071867423 
3.835e-07      5.334482790414606e-06 
3.86e-07       5.535297061775142e-06 
3.885e-07      0.9000001448677964 
3.91e-07       6.723170434327755e-06 
3.935e-07      0.8999964803098217 
3.96e-07       -7.943152115175164e-06 
3.985e-07      0.8999911381424396 
4.01e-07       3.39728759575452e-06 
4.035e-07      4.069939319993387e-06 
4.06e-07       0.8999973434124742 
4.085e-07      4.054895108592015e-06 
4.11e-07       3.924417991403673e-06 
4.135e-07      0.8999977770665977 
4.16e-07       3.952117474648368e-06 
4.185e-07      4.061370064791167e-06 
4.21e-07       4.12396969412842e-06 
4.235e-07      4.032377749248908e-06 
4.26e-07       0.899997867708331 
4.285e-07      0.8999978711799762 
4.31e-07       0.8999978832468895 
4.335e-07      0.8999979006827105 
4.36e-07       4.178228837721421e-06 
4.385e-07      0.8999980081169049 
4.41e-07       4.108784951298722e-06 
4.435e-07      4.065603996421877e-06 
4.46e-07       0.8999978999416193 
4.485e-07      0.8999978849849848 
4.51e-07       0.89999781202186 
4.535e-07      3.846979869860471e-06 
4.56e-07       3.81958042607029e-06 
4.585e-07      3.87562738710873e-06 
4.61e-07       3.82466719694755e-06 
4.635e-07      3.865700604934731e-06 
4.66e-07       3.942068055009234e-06 
4.685e-07      3.959746623152772e-06 
4.71e-07       0.8999979174946401 
4.735e-07      4.103376637723697e-06 
4.76e-07       4.192803889685089e-06 
4.785000000000001e-07 4.185989596477584e-06 
4.81e-07       4.155496942581029e-06 
4.835e-07      4.038982366047308e-06 
4.86e-07       4.048680657275824e-06 
4.885000000000001e-07 0.8999978451683561 
4.91e-07       0.8999978922559463 
4.935e-07      4.073750398640638e-06 
4.96e-07       0.8999979089754229 
4.985000000000001e-07 3.972636160894942e-06 
5.010000000000001e-07 3.980278367190494e-06 
5.035e-07      0.8999977505140817 
5.060000000000001e-07 4.010301106687584e-06 
5.085000000000001e-07 0.8999975519578531 
5.110000000000001e-07 0.8999974754546577 
5.135e-07      3.923229550340944e-06 
5.16e-07       0.8999957528027653 
5.185000000000001e-07 0.899988424010033 
5.210000000000001e-07 0.8999925736191069 
5.235e-07      0.9000021803793873 
5.26e-07       6.648078736671102e-06 
5.285000000000001e-07 6.004353695637072e-06 
5.310000000000001e-07 5.41426105704848e-06 
5.335000000000001e-07 0.8999991391768015 
5.36e-07       0.8999991081029476 
5.385e-07      0.899999112683583 
5.410000000000001e-07 5.334134310502763e-06 
5.435000000000001e-07 5.501226089080799e-06 
5.46e-07       0.8999997583467999 
5.485e-07      6.176628436629431e-06 
5.510000000000001e-07 0.899985827656657 
5.535000000000001e-07 4.842031365465255e-06 
5.560000000000001e-07 0.8999977570668534 
5.585e-07      4.190017967116183e-06 
5.61e-07       4.250409498725059e-06 
5.635000000000001e-07 4.312995546202513e-06 
5.660000000000001e-07 4.383228235253924e-06 
5.685e-07      0.8999980350997463 
5.71e-07       4.739777741487398e-06 
5.735000000000001e-07 0.8999975561946019 
5.760000000000001e-07 -3.769904951631972e-06 
5.785000000000001e-07 0.9000018337812815 
5.81e-07       6.041445155397668e-06 
5.835000000000001e-07 0.8999989013368662 
5.860000000000001e-07 0.8999985718665684 
5.885000000000001e-07 0.8999984057812772 
5.91e-07       0.8999983585230039 
5.935e-07      4.464809230039634e-06 
5.960000000000001e-07 4.429154819475561e-06 
5.985000000000001e-07 0.8999984409290169 
6.01e-07       4.385705609930537e-06 
6.035e-07      0.8999982361159591 
6.060000000000001e-07 0.8999982261730749 
6.085000000000001e-07 4.492368969283549e-06 
6.110000000000001e-07 0.899998367909956 
6.135e-07      4.389064020165497e-06 
6.16e-07       4.371081375569604e-06 
6.185000000000001e-07 4.433279323332915e-06 
6.210000000000001e-07 3.995744834954266e-06 
6.235e-07      0.8999973946819126 
6.26e-07       0.8999972856959269 
6.285000000000001e-07 3.692448891744493e-06 
6.310000000000001e-07 4.017004851327576e-06 
6.335000000000001e-07 4.289782444621771e-06 
6.36e-07       0.899998434060061 
6.385000000000001e-07 0.899998542959687 
6.410000000000001e-07 0.8999982819196123 
6.435000000000001e-07 0.8999985392359233 
6.46e-07       0.8999981572711013 
6.485e-07      0.8999979329444688 
6.510000000000001e-07 0.8999979427785063 
6.535000000000001e-07 3.611274410420627e-06 
6.560000000000001e-07 0.8999972927688008 
6.585e-07      0.8999974292670283 
6.610000000000001e-07 0.8999979969472101 
6.635000000000001e-07 0.8999983961709843 
6.660000000000001e-07 0.8999982908261986 
6.685e-07      0.8999983324909927 
6.71e-07       4.420924984335642e-06 
6.735000000000001e-07 4.481616718315978e-06 
6.760000000000001e-07 0.8999982173872635 
6.785e-07      4.286294550991732e-06 
6.81e-07       0.8999983460650807 
6.835000000000001e-07 0.8999984315690298 
6.860000000000001e-07 4.430374430310435e-06 
6.885000000000001e-07 4.467530400167919e-06 
6.91e-07       0.8999983655555912 
6.935e-07      4.482744694110651e-06 
6.960000000000001e-07 0.8999986049517437 
6.985000000000001e-07 5.188928276969644e-06 
7.01e-07       6.175302067316052e-06 
7.035e-07      -1.759516752902209e-06 
7.060000000000001e-07 -9.767279713172204e-06 
7.085000000000001e-07 0.8999977024255782 
7.110000000000001e-07 4.756876017841089e-06 
7.135e-07      0.8999980406351823 
7.160000000000001e-07 0.8999979654347616 
7.185000000000001e-07 4.320898466271743e-06 
7.210000000000001e-07 4.284518759097171e-06 
7.235e-07      4.306401210485828e-06 
7.26e-07       0.8999980449727853 
7.285000000000001e-07 4.99554224164092e-06 
7.310000000000001e-07 0.8999992055666005 
7.335e-07      1.727293460684339e-05 
7.36e-07       0.8999997100572898 
7.385000000000001e-07 5.464086339843228e-06 
7.410000000000001e-07 5.243598399699638e-06 
7.435000000000001e-07 5.09195443003812e-06 
7.46e-07       0.8999990861131018 
7.485e-07      0.8999991311041385 
7.510000000000001e-07 0.8999993097414872 
7.535000000000001e-07 6.056417608737482e-06 
7.56e-07       6.65909929768971e-06 
7.585e-07      0.8999998764501485 
7.610000000000001e-07 0.9000066119135096 
7.635000000000001e-07 0.8999898953237847 
7.660000000000001e-07 0.8999962616697951 
7.685e-07      0.8999974683115773 
7.710000000000001e-07 0.8999973250491341 
7.735000000000001e-07 0.8999975968263922 
7.760000000000001e-07 0.8999975135567995 
7.785e-07      4.028340729306423e-06 
7.81e-07       0.8999977263815107 
7.835000000000001e-07 0.899997779851237 
7.860000000000001e-07 4.132527889301111e-06 
7.885000000000001e-07 4.093460286811308e-06 
7.91e-07       0.8999978826198485 
7.935000000000001e-07 4.05400750216992e-06 
7.960000000000001e-07 0.8999979559755541 
7.985000000000001e-07 0.8999978941493033 
8.01e-07       4.167972669510186e-06 
8.035e-07      4.233320607184308e-06 
8.060000000000001e-07 4.190428607688417e-06 
8.085000000000001e-07 4.087896131158734e-06 
8.11e-07       0.8999979109108673 
8.135e-07      3.987739484603755e-06 
8.160000000000001e-07 0.8999978306708835 
8.185000000000001e-07 3.860827649547361e-06 
8.210000000000001e-07 3.825879905649941e-06 
8.235e-07      3.808185134572366e-06 
8.26e-07       3.817880117953226e-06 
8.285000000000001e-07 3.901337295406665e-06 
8.310000000000001e-07 3.933120225761699e-06 
8.335e-07      3.944718390895203e-06 
8.36e-07       0.899997905145055 
8.385000000000001e-07 4.091381659029153e-06 
8.410000000000001e-07 0.8999979568517722 
8.435000000000001e-07 4.220671339306776e-06 
8.46e-07       4.176596488126171e-06 
8.485000000000001e-07 0.8999978823565212 
8.510000000000001e-07 0.8999979508105467 
8.535000000000001e-07 0.8999978750530999 
8.56e-07       0.8999978652971828 
8.585e-07      4.089754524439668e-06 
8.610000000000001e-07 4.140502487180405e-06 
8.635000000000001e-07 4.008692816468308e-06 
8.660000000000001e-07 3.961660591412209e-06 
8.685e-07      0.8999977834465508 
8.710000000000001e-07 3.867883490544047e-06 
8.735000000000001e-07 0.8999976443707344 
8.760000000000001e-07 0.8999974097203476 
8.785e-07      4.048561166178934e-06 
8.81e-07       2.715651184803788e-06 
8.835000000000001e-07 -6.662283710844868e-06 
8.860000000000001e-07 1.131640799133138e-05 
8.885e-07      0.8999974008095059 
8.91e-07       6.697794849814088e-06 
8.935000000000001e-07 0.9000000374446263 
8.960000000000001e-07 5.494559200765244e-06 
8.985000000000001e-07 0.8999992356095721 
9.01e-07       5.200725600205508e-06 
9.035000000000001e-07 0.8999991016193293 
9.060000000000001e-07 0.899999175543961 
9.085000000000001e-07 0.8999993651887589 
9.11e-07       0.8999997011190247 
9.135e-07      0.9000003642274167 
9.160000000000001e-07 0.8999980460533715 
9.185000000000001e-07 0.8999984479109751 
9.210000000000001e-07 0.8999978959977407 
9.235e-07      4.267514590372585e-06 
9.260000000000001e-07 0.8999981915007105 
9.285000000000001e-07 4.270761362952096e-06 
9.310000000000001e-07 4.395513900911191e-06 
9.335e-07      4.500929477036028e-06 
9.36e-07       4.718200558103115e-06 
9.385000000000001e-07 0.8999978807023372 
9.410000000000001e-07 0.8999948598494996 
9.435000000000001e-07 0.9000060456666207 
9.46e-07       9.594796595195838e-06 
9.485000000000001e-07 5.315977697208223e-06 
9.510000000000001e-07 4.732159567844215e-06 
9.535000000000001e-07 4.463826338496523e-06 
9.56e-07       0.8999983571967324 
9.585e-07      4.462666566987632e-06 
9.61e-07       4.441745658726629e-06 
9.635e-07      4.430291389943725e-06 
9.659999999999999e-07 4.367216935402579e-06 
9.684999999999999e-07 0.8999982680865708 
9.710000000000001e-07 0.8999982318973981 
9.735000000000001e-07 4.451920964653253e-06 
9.760000000000001e-07 0.8999983973724027 
9.785e-07      4.410308648076801e-06 
9.81e-07       4.353828605999404e-06 
9.835e-07      0.8999984115230054 
9.860000000000002e-07 0.8999980953749188 
9.885000000000001e-07 0.8999975138472243 
9.910000000000001e-07 0.8999972694865731 
9.935000000000001e-07 0.8999973633442864 
9.960000000000001e-07 3.92310469438079e-06 
9.985000000000001e-07 4.223013675405353e-06 
1.001e-06      0.8999984052635186 
1.0035e-06     0.8999985222377783 
1.006e-06      0.8999982597101718 
1.0085e-06     0.8999982394408971 
1.011e-06      0.8999984781787185 
1.0135e-06     0.8999983100256509 
1.016e-06      0.8999980513380456 
1.0185e-06     3.723933607335108e-06 
1.021e-06      3.34227497951521e-06 
1.0235e-06     3.325199849030756e-06 
1.026e-06      0.8999978147503024 
1.0285e-06     0.8999983679352428 
1.031e-06      4.386829545855671e-06 
1.0335e-06     4.379622835376116e-06 
1.036e-06      4.390972853597676e-06 
1.0385e-06     4.476331407429606e-06 
1.041e-06      0.8999982458746592 
1.0435e-06     4.264177366350489e-06 
1.046e-06      0.8999983374979104 
1.0485e-06     4.457633968031816e-06 
1.051e-06      0.8999983962586512 
1.0535e-06     0.8999983517554581 
1.056e-06      4.389236784382246e-06 
1.0585e-06     0.8999984029379081 
1.061e-06      0.8999985419822931 
1.0635e-06     4.985587921935776e-06 
1.066e-06      0.8999996851410067 
1.0685e-06     3.683584030989307e-06 
1.071e-06      -5.753117948743206e-06 
1.0735e-06     0.899997295246999 
1.076e-06      4.694155562274995e-06 
1.0785e-06     4.582904077525799e-06 
1.081e-06      4.435162770769537e-06 
1.0835e-06     0.8999980398023156 
1.086e-06      0.8999981739995226 
1.0885e-06     4.281565313765879e-06 
1.091e-06      0.8999979911729428 
1.0935e-06     4.678680384721001e-06 
1.096e-06      5.858514832888978e-06 
1.0985e-06     0.8999941024490867 
1.101e-06      9.394768037465876e-06 
1.1035e-06     0.8999994205768114 
1.106e-06      0.8999991964903709 
1.1085e-06     0.8999990963756241 
1.111e-06      0.8999990837959004 
1.1135e-06     0.8999991522969446 
1.116e-06      5.350268201734408e-06 
1.1185e-06     0.8999997558994153 
1.121e-06      0.9000005460843765 
1.1235e-06     6.138456210345908e-06 
1.126e-06      2.985998521237933e-07 
1.1285e-06     0.9000027948863256 
1.131e-06      0.8999950601968422 
1.1335e-06     3.899663450384067e-06 
1.136e-06      0.8999974122764881 
1.1385e-06     3.952034297449059e-06 
1.141e-06      0.899997688458534 
1.1435e-06     0.8999977281297824 
1.146e-06      3.979783746453576e-06 
1.1485e-06     3.958379525208189e-06 
1.151e-06      0.8999978942382995 
1.1535e-06     4.049839500546839e-06 
1.156e-06      4.032463438707651e-06 
1.1585e-06     0.8999978799493826 
1.161e-06      0.8999979262931288 
1.1635e-06     0.8999978735439425 
1.166e-06      4.146105553570445e-06 
1.1685e-06     4.187532332229766e-06 
1.171e-06      4.201609123020496e-06 
1.1735e-06     4.094972801061374e-06 
1.176e-06      4.073289615247432e-06 
1.1785e-06     0.8999978785279711 
1.181e-06      0.8999978425037539 
1.1835e-06     3.87583371688291e-06 
1.186e-06      3.8319896911418e-06 
1.1885e-06     3.809960113176043e-06 
1.191e-06      3.880001774210217e-06 
1.1935e-06     3.895069987359337e-06 
1.196e-06      3.882898008938927e-06 
1.1985e-06     3.929136349636853e-06 
1.201e-06      0.8999978883389438 
1.2035e-06     0.8999979654620297 
1.206e-06      0.8999979892217531 
1.2085e-06     4.196933687050341e-06 
1.211e-06      4.192911147348239e-06 
1.2135e-06     0.8999979048268097 
1.216e-06      4.057415725087619e-06 
1.2185e-06     0.8999979623104554 
1.221e-06      4.058787694517766e-06 
1.2235e-06     0.8999978568779536 
1.226e-06      0.8999978442152805 
1.2285e-06     4.07568460444242e-06 
1.231e-06      0.8999978202273123 
1.2335e-06     4.047574536650956e-06 
1.236e-06      3.953144262070723e-06 
1.2385e-06     4.073435537034237e-06 
1.241e-06      0.8999973523060866 
1.2435e-06     0.8999975170336448 
1.246e-06      0.8999973828559797 
1.2485e-06     -2.379404555260708e-06 
1.251e-06      0.9000049247589227 
1.2535e-06     0.8999999069070661 
1.256e-06      6.786066867226773e-06 
1.2585e-06     0.9000003403729494 
1.261e-06      5.75652673791222e-06 
1.2635e-06     5.317070102779145e-06 
1.266e-06      0.8999991502305151 
1.2685e-06     0.899999098038021 
1.271e-06      0.8999991461485123 
1.2735e-06     5.340750575632816e-06 
1.276e-06      5.736925969721535e-06 
1.2785e-06     0.9000002147821332 
1.281e-06      0.8999994549551782 
1.2835e-06     5.174145861568092e-06 
1.286e-06      4.558670668164801e-06 
1.2885e-06     4.306542010886136e-06 
1.291e-06      4.184385873658098e-06 
1.2935e-06     0.8999982075345943 
1.296e-06      4.348543150752285e-06 
1.2985e-06     4.456132427917032e-06 
1.301e-06      4.648235769308314e-06 
1.3035e-06     0.899998013340361 
1.306e-06      0.8999966055234337 
1.3085e-06     0.8999896288638536 
1.311e-06      0.9000012529894293 
1.3135e-06     5.551072617720577e-06 
1.316e-06      4.833474396290969e-06 
1.3185e-06     4.543314590784009e-06 
1.321e-06      4.40215502912859e-06 
1.3235e-06     4.375241564076395e-06 
1.326e-06      4.453520887857517e-06 
1.3285e-06     0.8999984159272034 
1.331e-06      0.8999984126564312 
1.3335e-06     0.8999982721932225 
1.336e-06      4.24827235400905e-06 
1.3385e-06     0.8999983300292604 
1.341e-06      4.44532183204643e-06 
1.3435e-06     4.401355473775213e-06 
1.346e-06      0.8999983057247396 
1.3485e-06     0.8999983793325953 
1.351e-06      0.8999983068292635 
1.3535e-06     3.722388451834813e-06 
1.356e-06      0.8999972654599085 
1.3585e-06     0.8999973251022736 
1.361e-06      3.816263410221374e-06 
1.3635e-06     4.146797185332232e-06 
1.366e-06      4.394007301496524e-06 
1.3685e-06     0.8999985051007205 
1.371e-06      0.899998562724277 
1.3735e-06     0.8999985651072698 
1.376e-06      0.8999982354148213 
1.3785e-06     0.8999980564790618 
1.381e-06      0.8999981248795323 
1.3835e-06     3.829795064518179e-06 
1.386e-06      3.439275140180235e-06 
1.3885e-06     3.302387779030194e-06 
1.391e-06      0.8999976493853076 
1.3935e-06     0.8999983128592463 
1.396e-06      0.8999983734156615 
1.3985e-06     0.8999983067736618 
1.401e-06      0.8999983409340901 
1.4035e-06     0.8999984132143531 
1.406e-06      4.39624425888812e-06 
1.4085e-06     4.24830282731806e-06 
1.411e-06      0.899998269272818 
1.4135e-06     4.448478131511268e-06 
1.416e-06      0.8999984122568944 
1.4185e-06     0.8999983550268357 
1.421e-06      0.8999983382112027 
1.4235e-06     4.478506464771195e-06 
1.426e-06      4.548685353393849e-06 
1.4285e-06     4.835988903368156e-06 
1.431e-06      5.52044121877575e-06 
1.4335e-06     5.970188358508044e-06 
1.436e-06      9.827494622613425e-06 
1.4385e-06     0.899996244003749 
1.441e-06      0.8999980298465214 
1.4435e-06     0.8999980887669428 
1.446e-06      0.8999980360056278 
1.4485e-06     4.354133179394407e-06 
1.451e-06      4.299256404734089e-06 
1.4535e-06     4.27702181982913e-06 
1.456e-06      0.8999977247761264 
1.4585e-06     4.636849478192633e-06 
1.461e-06      5.236358648567863e-06 
1.4635e-06     5.55349783162657e-06 
1.466e-06      0.9000022716419194 
1.4685e-06     0.8999995235763676 
1.471e-06      0.8999991811818044 
1.4735e-06     5.183444732375394e-06 
1.476e-06      5.067175491458515e-06 
1.4785e-06     0.8999990591452801 
1.481e-06      0.8999992597759696 
1.4835e-06     0.8999994864527422 
1.486e-06      6.326812871884039e-06 
1.4885e-06     6.706940737637109e-06 
1.491e-06      0.8999941852253664 
1.4935e-06     1.188652581273182e-07 
1.496e-06      0.8999927024771534 
1.4985e-06     0.8999974614062508 
1.501e-06      4.045268743747269e-06 
1.5035e-06     0.8999974193556264 
1.506e-06      0.8999976961814068 
1.5085e-06     3.960959727759521e-06 
1.511e-06      4.039692477177687e-06 
1.5135e-06     4.051631451493816e-06 
1.516e-06      4.060860532062332e-06 
1.5185e-06     0.8999978392400304 
1.521e-06      4.033424250510834e-06 
1.5235e-06     0.8999978750081464 
1.526e-06      0.8999978736413836 
1.5285e-06     4.039654065724499e-06 
1.531e-06      0.8999979041940769 
1.5335e-06     4.189371252451167e-06 
1.536e-06      0.8999979465371775 
1.5385e-06     4.102599209666291e-06 
1.541e-06      4.055797161171678e-06 
1.5435e-06     0.8999978912373695 
1.546e-06      0.8999978423321517 
1.5485e-06     0.8999978083060578 
1.551e-06      3.841714696242445e-06 
1.5535e-06     3.816788381411305e-06 
1.556e-06      3.809218015786178e-06 
1.5585e-06     3.829186950988095e-06 
1.561e-06      3.872581218493617e-06 
1.5635e-06     3.914009895579383e-06 
1.566e-06      4.005011043400216e-06 
1.5685e-06     0.8999979292905562 
1.571e-06      4.09993293552371e-06 
1.5735e-06     4.196153764523677e-06 
1.576e-06      4.186800181506118e-06 
1.5785e-06     4.137272696569029e-06 
1.581e-06      4.030747446004187e-06 
1.5835e-06     4.048369941826547e-06 
1.586e-06      4.062617238871134e-06 
1.5885e-06     0.8999980305327496 
1.591e-06      0.8999978619676866 
1.5935e-06     0.8999978988991922 
1.596e-06      3.958559411686804e-06 
1.5985e-06     0.8999977488840121 
1.601e-06      4.049339125296053e-06 
1.6035e-06     4.040132984786866e-06 
1.606e-06      0.8999974966055098 
1.6085e-06     0.8999975142738339 
1.611e-06      3.896146933398965e-06 
1.6135e-06     0.8999951182880588 
1.616e-06      0.8999902364464852 
1.6185e-06     0.9000056702092536 
1.621e-06      5.852023534722393e-06 
1.6235e-06     6.588201458686019e-06 
1.626e-06      5.908868018881224e-06 
1.6285e-06     0.8999993288477334 
1.631e-06      0.8999991748996622 
1.6335e-06     0.8999991030047619 
1.636e-06      0.8999991194117344 
1.6385e-06     5.356108055724014e-06 
1.641e-06      5.549580259066163e-06 
1.6435e-06     0.8999999871355222 
1.646e-06      5.93321351583972e-06 
1.6485e-06     5.871647748741105e-08 
1.651e-06      4.606797099112662e-06 
1.6535e-06     4.357886506501297e-06 
1.656e-06      4.222232074426352e-06 
1.6585e-06     0.8999979534270879 
1.661e-06      4.320701790793996e-06 
1.6635e-06     0.8999980301401839 
1.666e-06      0.8999980737911623 
1.6685e-06     4.616306024352677e-06 
1.671e-06      0.8999973619430303 
1.6735e-06     -6.451262543416437e-06 
1.676e-06      0.9000011671025566 
1.6785e-06     5.864118038191376e-06 
1.681e-06      0.8999988147752982 
1.6835e-06     0.8999985352554073 
1.686e-06      4.465292001378179e-06 
1.6885e-06     0.8999983712741457 
1.691e-06      0.8999983529164388 
1.6935e-06     4.415442926729615e-06 
1.696e-06      0.8999984418873371 
1.6985e-06     0.8999983393531062 
1.701e-06      0.8999982243526158 
1.7035e-06     0.8999982395977507 
1.706e-06      4.474481468286835e-06 
1.7085e-06     4.389313557167353e-06 
1.711e-06      4.378790214642903e-06 
1.7135e-06     4.392954853334345e-06 
1.716e-06      0.899998368991466 
1.7185e-06     3.901662826886988e-06 
1.721e-06      0.8999973576345082 
1.7235e-06     0.8999972993296372 
1.726e-06      3.708413936443006e-06 
1.7285e-06     4.060718135614415e-06 
1.731e-06      4.335070312546651e-06 
1.7335e-06     0.899998469780001 
1.736e-06      0.8999985509287621 
1.7385e-06     0.8999982614166674 
1.741e-06      0.8999982289577914 
1.7435e-06     0.8999981137245079 
1.746e-06      0.8999981989244166 
1.7485e-06     0.8999978917307214 
1.751e-06      3.554000275894453e-06 
1.7535e-06     0.8999972811696498 
1.756e-06      0.8999974774943468 
1.7585e-06     0.8999980968923902 
1.761e-06      0.8999984185542901 
1.7635e-06     0.8999982823088623 
1.766e-06      0.899998343675116 
1.7685e-06     4.433179759964153e-06 
1.771e-06      4.44854105471333e-06 
1.7735e-06     0.8999982087506545 
1.776e-06      4.297384611770611e-06 
1.7785e-06     0.8999983408646149 
1.781e-06      0.8999984250965196 
1.7835e-06     4.446959633291551e-06 
1.786e-06      0.8999983519444119 
1.7885e-06     4.408361278374475e-06 
1.791e-06      4.5016686847281e-06 
1.7935e-06     0.8999986221540904 
1.796e-06      5.29440698780538e-06 
1.7985e-06     6.142019458143344e-06 
1.801e-06      1.04949785678794e-05 
1.8035e-06     -6.623196147971383e-06 
1.806e-06      0.8999978927655203 
1.8085e-06     0.8999981107732463 
1.811e-06      0.8999980221559809 
1.8135e-06     4.344095009239718e-06 
1.816e-06      4.310389968694355e-06 
1.8185e-06     4.280233018969933e-06 
1.821e-06      0.8999979770533681 
1.8235e-06     0.8999978036518594 
1.826e-06      5.118933750532145e-06 
1.8285e-06     0.899999283998448 
1.831e-06      -1.481686941999984e-06 
1.8335e-06     0.8999996417815073 
1.836e-06      5.421715373911492e-06 
1.8385e-06     0.8999990935955183 
1.841e-06      0.8999990768771616 
1.8435e-06     0.8999990937588485 
1.846e-06      0.8999992119505894 
1.8485e-06     5.578512854453473e-06 
1.851e-06      0.9000000277764038 
1.8535e-06     6.700981646059089e-06 
1.856e-06      0.899998493501834 
1.8585e-06     4.459467645958902e-06 
1.861e-06      -1.182481107470708e-05 
1.8635e-06     0.8999966438283069 
1.866e-06      4.035234944517571e-06 
1.8685e-06     3.626152384265027e-06 
1.871e-06      4.036585384041516e-06 
1.8735e-06     0.8999975502241592 
1.876e-06      0.8999977759938789 
1.8785e-06     3.947951251617808e-06 
1.881e-06      0.8999977967821529 
1.8835e-06     4.039467994417795e-06 
1.886e-06      4.075550500203008e-06 
1.8885e-06     0.8999978623868287 
1.891e-06      4.05848488517802e-06 
1.8935e-06     0.8999978952873824 
1.896e-06      0.8999978881640563 
1.8985e-06     0.8999979346720078 
1.901e-06      0.8999979475006065 
1.9035e-06     4.178806247474554e-06 
1.906e-06      4.077476946453347e-06 
1.9085e-06     0.8999979082349761 
1.911e-06      3.942702130114884e-06 
1.9135e-06     0.8999978253626094 
1.916e-06      3.854118861865052e-06 
1.9185e-06     3.822409968188801e-06 
1.921e-06      3.877537901034531e-06 
1.9235e-06     3.820766603515082e-06 
1.926e-06      3.906045951066264e-06 
1.9285e-06     3.940617938594603e-06 
1.931e-06      3.952448898870344e-06 
1.9335e-06     0.8999979132316791 
1.936e-06      4.104054147080328e-06 
1.9385e-06     4.170133675195582e-06 
1.941e-06      4.187992545673159e-06 
1.9435e-06     4.16527918996159e-06 
1.946e-06      4.154148122873948e-06 
1.9485e-06     4.064209975541028e-06 
1.951e-06      0.8999978759793783 
1.9535e-06     0.8999978682914759 
1.956e-06      4.082953212965983e-06 
1.9585e-06     0.8999979136859145 
1.961e-06      3.987508862283766e-06 
1.9635e-06     3.967725894624628e-06 
1.966e-06      0.8999977780353978 
1.9685e-06     0.8999975064633176 
1.971e-06      3.990546905661315e-06 
1.9735e-06     0.8999974464517096 
1.976e-06      3.968662056843538e-06 
1.9785e-06     0.899996202354935 
1.981e-06      0.8999882041105401 
1.9835e-06     0.8999977578589886 
1.986e-06      0.8999995951710229 
1.9885e-06     6.683616456698188e-06 
1.991e-06      0.8999999527884842 
1.9935e-06     5.552652695272865e-06 
1.996e-06      5.238980763688073e-06 
1.9985e-06     0.8999991192110276 
2.001e-06      0.8999991083468716 
2.0035e-06     0.8999991965845733 
2.006e-06      0.899999402375832 
2.0085e-06     0.8999996946119655 
2.011e-06      6.322943873355832e-06 
2.0135e-06     0.9000006636260008 
2.016e-06      4.807258103086877e-06 
2.0185e-06     0.8999977948339628 
2.021e-06      0.8999976362410637 
2.0235e-06     0.8999981800929781 
2.026e-06      4.283221788245302e-06 
2.0285e-06     4.425633006609588e-06 
2.031e-06      4.542971054722543e-06 
2.0335e-06     0.8999980881831318 
2.036e-06      0.8999977387725762 
2.0385e-06     -1.421780229535636e-06 
2.041e-06      7.731431166610381e-06 
2.0435e-06     9.895952516126238e-06 
2.046e-06      5.207964016683472e-06 
2.0485e-06     4.688215506539211e-06 
2.051e-06      4.477321208408575e-06 
2.0535e-06     4.38576998514142e-06 
2.056e-06      4.470407242013996e-06 
2.0585e-06     0.8999983856865127 
2.061e-06      4.442978486707331e-06 
2.0635e-06     4.372515284221974e-06 
2.066e-06      0.8999982505294104 
2.0685e-06     0.8999982135320517 
2.071e-06      4.35072092220772e-06 
2.0735e-06     0.8999983847944516 
2.076e-06      4.40073803161395e-06 
2.0785e-06     4.361266463481165e-06 
2.081e-06      0.899998391035121 
2.0835e-06     0.8999979505702129 
2.086e-06      0.8999974420506971 
2.0885e-06     0.8999972780342421 
2.091e-06      0.8999973817545335 
2.0935e-06     3.97640231927041e-06 
2.096e-06      4.256721542071543e-06 
2.0985e-06     0.899998428476375 
2.101e-06      0.8999985331568693 
2.1035e-06     0.8999982620640739 
2.106e-06      0.8999982550439342 
2.1085e-06     0.8999981574914723 
2.111e-06      0.8999982785847309 
2.1135e-06     0.8999980032375806 
2.116e-06      3.667492384738655e-06 
2.1185e-06     0.8999973045302065 
2.121e-06      3.343210316117865e-06 
2.1235e-06     0.8999978957934438 
2.126e-06      0.8999983796382605 
2.1285e-06     4.365564180384984e-06 
2.131e-06      4.390603152801961e-06 
2.1335e-06     4.404055194416923e-06 
2.136e-06      4.494287992809019e-06 
2.1385e-06     0.8999982291113652 
2.141e-06      0.8999982336616658 
2.1435e-06     0.8999983479645883 
2.146e-06      0.8999984363334173 
2.1485e-06     4.42875556999055e-06 
2.151e-06      0.8999983578619051 
2.1535e-06     4.394303695656688e-06 
2.156e-06      4.526187006860631e-06 
2.1585e-06     0.8999985771836385 
2.161e-06      0.8999989063326993 
2.1635e-06     0.8999999265759218 
2.166e-06      0.8999944271589193 
2.1685e-06     -1.009413953719311e-05 
2.171e-06      0.8999975098937502 
2.1735e-06     4.6584171715178e-06 
2.176e-06      0.8999980296541437 
2.1785e-06     4.404226827184303e-06 
2.181e-06      0.8999980400866484 
2.1835e-06     4.290473625092779e-06 
2.186e-06      4.295713081853195e-06 
2.1885e-06     4.442542612854423e-06 
2.191e-06      4.757988917751065e-06 
2.1935e-06     6.011524899991243e-06 
2.196e-06      -3.464074550101833e-06 
2.1985e-06     9.705765862339175e-06 
2.201e-06      5.494834165251839e-06 
2.2035e-06     0.8999991881205639 
2.206e-06      5.151354954660789e-06 
2.2085e-06     0.899999089131162 
2.211e-06      0.8999991692131583 
2.2135e-06     0.8999993395915646 
2.216e-06      0.8999998478214496 
2.2185e-06     6.631862890021808e-06 
2.221e-06      5.521328985129723e-06 
2.2235e-06     8.054926860592041e-06 
2.226e-06      0.8999968290546418 
2.2285e-06     0.8999957142550269 
2.231e-06      0.8999974448252533 
2.2335e-06     0.8999973703230688 
2.236e-06      3.940420795837058e-06 
2.2385e-06     0.899997672580422 
2.241e-06      0.8999977453981053 
2.2435e-06     0.8999977278758803 
2.246e-06      0.8999977624111221 
2.2485e-06     4.127716776378675e-06 
2.251e-06      4.059977468558812e-06 
2.2535e-06     0.8999978898669878 
2.256e-06      4.056611490389416e-06 
2.2585e-06     0.8999978737618521 
2.261e-06      0.8999978835755621 
2.2635e-06     4.156830497946822e-06 
2.266e-06      4.125765185816221e-06 
2.2685e-06     4.180442534056566e-06 
2.271e-06      4.091589712422807e-06 
2.2735e-06     4.062160394138879e-06 
2.276e-06      0.8999978695552255 
2.2785e-06     0.8999978366728808 
2.281e-06      3.868281163056596e-06 
2.2835e-06     3.829772477327172e-06 
2.286e-06      3.891223949517707e-06 
2.2885e-06     3.814733806352576e-06 
2.291e-06      3.845349903588882e-06 
2.2935e-06     3.8886808577632e-06 
2.296e-06      3.936880473710033e-06 
2.2985e-06     0.899997896931899 
2.301e-06      0.8999979745951958 
2.3035e-06     0.8999979949155509 
2.306e-06      4.196612384301089e-06 
2.3085e-06     4.180433425503987e-06 
2.311e-06      0.8999978934779002 
2.3135e-06     4.035948892670319e-06 
2.316e-06      0.8999979650555709 
2.3185e-06     0.8999978704319431 
2.321e-06      4.047100410003663e-06 
2.3235e-06     0.899997911639152 
2.326e-06      4.062903889139357e-06 
2.3285e-06     0.8999977411222927 
2.331e-06      4.063119005131821e-06 
2.3335e-06     3.91325736378217e-06 
2.336e-06      0.8999976710360232 
2.3385e-06     3.750104532108105e-06 
2.341e-06      4.091032075038511e-06 
2.3435e-06     0.8999969937180464 
2.346e-06      -4.304051974227979e-06 
2.3485e-06     0.9000077447134962 
2.351e-06      0.8999957807208137 
2.3535e-06     6.713214001635511e-06 
2.356e-06      0.9000001875002851 
2.3585e-06     0.8999995738901414 
2.361e-06      0.8999992014821733 
2.3635e-06     5.213524895237766e-06 
2.366e-06      5.169081469790434e-06 
2.3685e-06     0.8999991627103605 
2.371e-06      5.456895727942492e-06 
2.3735e-06     0.8999996376857241 
2.376e-06      0.9000003490668109 
2.3785e-06     -5.418651286693002e-07 
2.381e-06      0.8999984293136929 
2.3835e-06     4.565483809842053e-06 
2.386e-06      4.291209379026166e-06 
2.3885e-06     4.234966296279941e-06 
2.391e-06      4.217025515259721e-06 
2.3935e-06     4.371503227555775e-06 
2.396e-06      0.8999980456461785 
2.3985e-06     4.687508696084978e-06 
2.401e-06      4.540388889201953e-06 
2.4035e-06     0.8999957829205726 
2.406e-06      0.899997295864685 
2.4085e-06     9.107387785711888e-06 
2.411e-06      5.431112104797884e-06 
2.4135e-06     0.8999986533747798 
2.416e-06      4.47957338815109e-06 
2.4185e-06     0.8999983612475281 
2.421e-06      4.447367290093827e-06 
2.4235e-06     4.440891450061908e-06 
2.426e-06      0.8999984204602856 
2.4285e-06     0.8999983355874185 
2.431e-06      4.304631983321484e-06 
2.4335e-06     0.8999982144395202 
2.436e-06      0.899998361393611 
2.4385e-06     0.8999984059557378 
2.441e-06      4.400685768637696e-06 
2.4435e-06     0.8999982768120851 
2.446e-06      0.8999984039995587 
2.4485e-06     0.8999982073994081 
2.451e-06      0.8999975909636364 
2.4535e-06     0.8999972618809261 
2.456e-06      0.8999973450518166 
2.4585e-06     3.870438959333598e-06 
2.461e-06      4.185479013949963e-06 
2.4635e-06     0.8999983807608577 
2.466e-06      0.899998518412258 
2.4685e-06     0.8999985666469231 
2.471e-06      0.8999982717433916 
2.4735e-06     0.8999984958780866 
2.476e-06      0.8999983395803848 
2.4785e-06     0.8999980980512111 
2.481e-06      3.775420574199454e-06 
2.4835e-06     3.383362336565262e-06 
2.486e-06      3.305843796512709e-06 
2.4885e-06     0.8999977457703006 
2.491e-06      0.8999983522834548 
2.4935e-06     4.408477903885333e-06 
2.496e-06      0.899998306563433 
2.4985e-06     4.410953993996457e-06 
2.501e-06      0.8999984192587293 
2.5035e-06     4.293516156704997e-06 
2.506e-06      4.25444398074572e-06 
2.5085e-06     0.8999983220989157 
2.511e-06      4.457888953280613e-06 
2.5135e-06     0.8999984080459725 
2.516e-06      0.8999983540911747 
2.5185e-06     0.8999983383495999 
2.521e-06      4.494988538986323e-06 
2.5235e-06     4.578607204827535e-06 
2.526e-06      4.908499041199203e-06 
2.5285e-06     0.8999994594360483 
2.531e-06      5.059222561273871e-06 
2.5335e-06     6.678393049906912e-06 
2.536e-06      0.8999970480598516 
2.5385e-06     4.60000076330204e-06 
2.541e-06      0.8999980763860438 
2.5435e-06     0.8999980243767797 
2.546e-06      4.350428854225063e-06 
2.5485e-06     4.293176476636043e-06 
2.551e-06      4.281304047266515e-06 
2.5535e-06     0.8999977657061643 
2.556e-06      0.8999980586900097 
2.5585e-06     5.632248643008343e-06 
2.561e-06      3.995325008983349e-06 
2.5635e-06     0.9000037041346327 
2.566e-06      0.899999470312927 
2.5685e-06     0.8999992209924836 
2.571e-06      0.8999991018184579 
2.5735e-06     5.13654887126879e-06 
2.576e-06      0.8999991309708829 
2.5785e-06     0.8999992255731101 
2.581e-06      0.8999996734798024 
2.5835e-06     6.42589776130795e-06 
