
time (s)       VT("/I0/I5/I5/net7") (V)


2.6e-08        1.106050434919361e-05 
2.85e-08       -3.469769330272933e-06 
3.1e-08        0.9000129530330038 
3.35e-08       0.8999842041007542 
3.6e-08        0.8999930649360559 
3.85e-08       8.030366549736724e-07 
4.1e-08        0.8999951983648972 
4.35e-08       0.8999958224325398 
4.6e-08        0.8999959410824319 
4.85e-08       2.713759628097112e-06 
5.1e-08        0.8999966201052714 
5.35e-08       0.8999968857502764 
5.600000000000001e-08 3.434089735239702e-06 
5.85e-08       3.418352116231176e-06 
6.1e-08        3.464513595875208e-06 
6.350000000000001e-08 3.437928507632214e-06 
6.600000000000001e-08 0.8999971514294356 
6.850000000000001e-08 0.8999972106155884 
7.1e-08        3.585470732180165e-06 
7.35e-08       3.600536018098644e-06 
7.599999999999999e-08 3.550925328993835e-06 
7.849999999999999e-08 3.478182338744696e-06 
8.1e-08        3.468463210511682e-06 
8.35e-08       3.388786450589328e-06 
8.6e-08        3.327783928535343e-06 
8.85e-08       3.30367806624679e-06 
9.100000000000001e-08 3.222969254692081e-06 
9.350000000000001e-08 3.264480875058284e-06 
9.600000000000001e-08 3.247699877426814e-06 
9.850000000000002e-08 3.294888383448831e-06 
1.01e-07       3.364559144599814e-06 
1.035e-07      3.445893427948205e-06 
1.06e-07       3.550984967365091e-06 
1.085e-07      0.899997311077113 
1.11e-07       3.594126514622858e-06 
1.135e-07      3.595975316576146e-06 
1.16e-07       3.564484665513537e-06 
1.185e-07      3.516966060994393e-06 
1.21e-07       0.899997124549792 
1.235e-07      0.8999971134616783 
1.26e-07       3.541110099534748e-06 
1.285e-07      3.416592937889085e-06 
1.31e-07       3.508844719531173e-06 
1.335e-07      3.06069299432963e-06 
1.36e-07       0.899996551297367 
1.385e-07      2.676690590375031e-06 
1.41e-07       2.57868189522327e-06 
1.435e-07      0.8999949364521961 
1.46e-07       0.8999945717630055 
1.485e-07      0.8999931546802163 
1.51e-07       -1.341368318141051e-05 
1.535e-07      0.8999991544812628 
1.56e-07       0.9000280346894763 
1.585e-07      1.105122403915339e-05 
1.61e-07       1.223054103323988e-05 
1.635e-07      1.08914434201515e-05 
1.66e-07       0.900003671679265 
1.685e-07      0.9000033604200317 
1.71e-07       9.052518346363699e-06 
1.735e-07      0.9000031907054237 
1.76e-07       9.53833223383337e-06 
1.785e-07      1.01550218915708e-05 
1.81e-07       0.9000052231747206 
1.835e-07      0.9000044411371371 
1.86e-07       -9.029677906239476e-06 
1.885e-07      4.852200031632114e-06 
1.91e-07       4.124357400207127e-06 
1.935e-07      3.879211049566019e-06 
1.96e-07       0.8999972981504789 
1.985e-07      3.831270666717261e-06 
2.01e-07       3.975574431499988e-06 
2.035e-07      0.8999968648279746 
2.06e-07       2.623580397700932e-06 
2.085e-07      0.8999922893613621 
2.11e-07       0.8999777142921002 
2.135e-07      0.8999986804242317 
2.16e-07       9.380093676808882e-06 
2.185e-07      7.510780825441444e-06 
2.21e-07       0.9000005422035049 
2.235e-07      5.880826518263268e-06 
2.26e-07       5.629764686408266e-06 
2.285e-07      5.533422298305381e-06 
2.31e-07       0.8999997442171617 
2.335e-07      0.8999998122403866 
2.36e-07       5.412006922890042e-06 
2.385e-07      0.8999992574001542 
2.41e-07       0.8999993023250139 
2.435e-07      0.8999996414899791 
2.46e-07       0.8999995112122916 
2.485e-07      5.346553585015353e-06 
2.51e-07       5.585553705453698e-06 
2.535e-07      0.9000000349123051 
2.56e-07       0.8999996768010535 
2.585e-07      0.8999986308959621 
2.61e-07       0.8999981289253102 
2.635e-07      0.8999979848403564 
2.66e-07       0.8999986767905304 
2.685e-07      0.8999986963233902 
2.71e-07       0.8999989162717594 
2.735e-07      0.8999990588892893 
2.76e-07       0.8999994912786972 
2.785e-07      0.8999994079035022 
2.81e-07       0.8999987493997786 
2.835e-07      0.8999988009150846 
2.86e-07       0.8999983570859671 
2.885e-07      0.8999979770772882 
2.91e-07       4.166970560100627e-06 
2.935e-07      0.8999994355652741 
2.96e-07       0.8999999711361987 
2.985e-07      0.8999997854100004 
3.01e-07       0.8999993942952377 
3.035e-07      5.373151936160138e-06 
3.06e-07       5.47483529065238e-06 
3.085e-07      5.321307617243662e-06 
3.11e-07       0.8999992207349655 
3.135e-07      5.318938704908e-06 
3.16e-07       0.8999996383994676 
3.185e-07      0.8999997572409502 
3.21e-07       5.536303937677898e-06 
3.235e-07      0.8999997407738016 
3.26e-07       5.811788619895855e-06 
3.285e-07      6.26132460456775e-06 
3.31e-07       7.160961820872632e-06 
3.335e-07      8.792931054991764e-06 
3.36e-07       0.9000044964021375 
3.385e-07      -1.443035290008646e-05 
3.41e-07       0.8999881224080436 
3.435e-07      0.8999955118708899 
3.46e-07       0.8999967210879969 
3.485e-07      0.899997086786363 
3.51e-07       3.843360149907282e-06 
3.535e-07      0.8999973154882971 
3.56e-07       3.953323824608014e-06 
3.585e-07      0.8999974680420725 
3.61e-07       0.8999977865081359 
3.635e-07      5.672262124621534e-06 
3.66e-07       5.760812079222502e-06 
3.685e-07      0.899997761566222 
3.71e-07       0.9000043207537173 
3.735e-07      0.9000035617737348 
3.76e-07       0.9000030136598437 
3.785e-07      8.775021648572915e-06 
3.81e-07       0.90000317821284 
3.835e-07      0.9000036422151996 
3.86e-07       1.017876494399108e-05 
3.885e-07      0.9000059782854308 
3.91e-07       1.216558552558907e-05 
3.935e-07      3.034670552263892e-07 
3.96e-07       -2.125145159990741e-05 
3.985e-07      0.8999781090398619 
4.01e-07       0.8999919515339134 
4.035e-07      1.047556480719696e-06 
4.06e-07       0.8999947061184504 
4.085e-07      2.450999546459727e-06 
4.11e-07       0.8999959464599478 
4.135e-07      3.055777055078665e-06 
4.16e-07       2.994770149779716e-06 
4.185e-07      0.8999969319127418 
4.21e-07       3.602504561558804e-06 
4.235e-07      3.413277675350574e-06 
4.26e-07       3.458239849616534e-06 
4.285e-07      3.470034285492649e-06 
4.31e-07       0.8999971317923204 
4.335e-07      0.8999972163819704 
4.36e-07       3.591938871614222e-06 
4.385e-07      3.603382371683901e-06 
4.41e-07       3.569351682625527e-06 
4.435e-07      3.505837094736099e-06 
4.46e-07       3.476881437254573e-06 
4.485e-07      3.412332806696837e-06 
4.51e-07       3.313269034459476e-06 
4.535e-07      3.261112326993897e-06 
4.56e-07       3.228178327821648e-06 
4.585e-07      3.261379225703106e-06 
4.61e-07       3.234049309137187e-06 
4.635e-07      3.28006715816154e-06 
4.66e-07       3.368269579676154e-06 
4.685e-07      3.42407604301321e-06 
4.71e-07       3.513724216668979e-06 
4.735e-07      0.8999972986729954 
4.76e-07       3.570253535084428e-06 
4.785000000000001e-07 3.596789635232467e-06 
4.81e-07       3.579596910740255e-06 
4.835e-07      3.476470755758905e-06 
4.86e-07       0.8999971346437431 
4.885000000000001e-07 0.8999970392891461 
4.91e-07       0.8999971321013648 
4.935e-07      3.459574585652416e-06 
4.96e-07       0.899997089911224 
4.985000000000001e-07 3.122784092112671e-06 
5.010000000000001e-07 2.992566494949721e-06 
5.035e-07      0.8999963991007434 
5.060000000000001e-07 2.567785820583906e-06 
5.085000000000001e-07 0.8999953925008989 
5.110000000000001e-07 0.8999946400832534 
5.135e-07      0.8999935717220847 
5.16e-07       0.8999880742932223 
5.185000000000001e-07 -2.421339114157921e-05 
5.210000000000001e-07 0.8999852857500629 
5.235e-07      0.9000064413871008 
5.26e-07       1.249473279329546e-05 
5.285000000000001e-07 1.13133826055559e-05 
5.310000000000001e-07 9.85803973546662e-06 
5.335000000000001e-07 0.900003294372465 
5.36e-07       9.086935307162099e-06 
5.385e-07      0.9000031461198499 
5.410000000000001e-07 9.425702249831186e-06 
5.435000000000001e-07 9.748987139994184e-06 
5.46e-07       0.9000047242252025 
5.485e-07      0.9000054738061727 
5.510000000000001e-07 0.8999670667280272 
5.535000000000001e-07 5.203344365057661e-06 
5.560000000000001e-07 4.289501380907651e-06 
5.585e-07      3.819623953204712e-06 
5.61e-07       0.8999973009342684 
5.635000000000001e-07 3.895775542630498e-06 
5.660000000000001e-07 3.862305731115177e-06 
5.685e-07      0.8999970181680749 
5.71e-07       3.308667736301209e-06 
5.735000000000001e-07 0.8999937597504407 
5.760000000000001e-07 0.899980714174431 
5.785000000000001e-07 0.9000006836800326 
5.81e-07       9.912592738696212e-06 
5.835000000000001e-07 8.021772716948805e-06 
5.860000000000001e-07 0.9000008119420936 
5.885000000000001e-07 5.990218604118594e-06 
5.91e-07       0.8999998413306225 
5.935e-07      5.55012477895094e-06 
5.960000000000001e-07 0.8999997327606492 
5.985000000000001e-07 0.8999998235105926 
6.01e-07       5.528147408105696e-06 
6.035e-07      0.8999993254717403 
6.060000000000001e-07 0.8999992403276856 
6.085000000000001e-07 0.8999996931837401 
6.110000000000001e-07 0.8999995300360011 
6.135e-07      5.345044418841215e-06 
6.16e-07       5.423660771702804e-06 
6.185000000000001e-07 0.8999999499103595 
6.210000000000001e-07 0.899999787122706 
6.235e-07      0.8999990505917382 
6.26e-07       0.8999982344212835 
6.285000000000001e-07 4.240390634818641e-06 
6.310000000000001e-07 0.8999985590163967 
6.335000000000001e-07 0.8999989898747512 
6.36e-07       0.8999992624370088 
6.385000000000001e-07 0.8999994418058788 
6.410000000000001e-07 0.8999990937019993 
6.435000000000001e-07 0.899999434886674 
6.46e-07       0.8999988418451622 
6.485e-07      0.8999985564348547 
6.510000000000001e-07 0.8999984817228479 
6.535000000000001e-07 0.8999980882855848 
6.560000000000001e-07 4.055938521677478e-06 
6.585e-07      0.89999913787028 
6.610000000000001e-07 0.899999835713427 
6.635000000000001e-07 0.8999998990964285 
6.660000000000001e-07 0.8999994452389298 
6.685e-07      5.358908697193639e-06 
6.71e-07       5.447141550705086e-06 
6.735000000000001e-07 5.448516080134786e-06 
6.760000000000001e-07 0.8999992278248812 
6.785e-07      5.222672035879846e-06 
6.81e-07       0.8999996276064993 
6.835000000000001e-07 0.89999979943834 
6.860000000000001e-07 5.555142805152871e-06 
6.885000000000001e-07 0.8999997287046649 
6.91e-07       5.727101153472231e-06 
6.935e-07      6.101423485232167e-06 
6.960000000000001e-07 6.890933148357004e-06 
6.985000000000001e-07 8.277097691487565e-06 
7.01e-07       0.90000466401938 
7.035e-07      -6.082453981057484e-06 
7.060000000000001e-07 -3.320059657496182e-05 
7.085000000000001e-07 0.8999942798914892 
7.110000000000001e-07 3.493101797117638e-06 
7.135e-07      0.8999969852560206 
7.160000000000001e-07 3.813644669726739e-06 
7.185000000000001e-07 0.8999972915043952 
7.210000000000001e-07 3.947414761421966e-06 
7.235e-07      4.061763710252675e-06 
7.26e-07       0.8999976095085719 
7.285000000000001e-07 5.439403407821194e-06 
7.310000000000001e-07 6.487606067572648e-06 
7.335e-07      3.700791165756118e-05 
7.36e-07       0.9000046181178791 
7.385000000000001e-07 0.9000037332676201 
7.410000000000001e-07 0.9000032643435816 
7.435000000000001e-07 8.809145155214222e-06 
7.46e-07       0.9000031005284779 
7.485e-07      0.9000032748163345 
7.510000000000001e-07 9.899023195564641e-06 
7.535000000000001e-07 0.9000055404586516 
7.56e-07       1.24145491345724e-05 
7.585e-07      0.9000027680833208 
7.610000000000001e-07 2.823127200916764e-05 
7.635000000000001e-07 0.8999837621641757 
7.660000000000001e-07 0.8999894064829989 
7.685e-07      2.864959024454184e-07 
7.710000000000001e-07 0.8999945020449251 
7.735000000000001e-07 2.167394080794984e-06 
7.760000000000001e-07 0.899995668566 
7.785e-07      0.8999964168752275 
7.81e-07       2.957751674099573e-06 
7.835000000000001e-07 0.8999967585524464 
7.860000000000001e-07 3.60880740620333e-06 
7.885000000000001e-07 3.55206321245109e-06 
7.91e-07       3.503984216457276e-06 
7.935000000000001e-07 3.477471567002651e-06 
7.960000000000001e-07 0.8999971690101701 
7.985000000000001e-07 0.8999971817095898 
8.01e-07       0.8999972501372016 
8.035e-07      3.601341706953674e-06 
8.060000000000001e-07 3.57493229913119e-06 
8.085000000000001e-07 3.536095653484896e-06 
8.11e-07       0.8999972124444532 
8.135e-07      0.8999971626634066 
8.160000000000001e-07 3.334962439456735e-06 
8.185000000000001e-07 3.27606364329143e-06 
8.210000000000001e-07 3.235224671511611e-06 
8.235e-07      3.21585367657643e-06 
8.26e-07       3.226121167671265e-06 
8.285000000000001e-07 3.305126410716129e-06 
8.310000000000001e-07 3.352398467591751e-06 
8.335e-07      3.39977535202433e-06 
8.36e-07       3.484918441643589e-06 
8.385000000000001e-07 0.8999972903464046 
8.410000000000001e-07 0.8999973447189558 
8.435000000000001e-07 3.590944052201267e-06 
8.46e-07       3.584825229393943e-06 
8.485000000000001e-07 3.522922190157799e-06 
8.510000000000001e-07 3.533522914410619e-06 
8.535000000000001e-07 0.8999971204756345 
8.56e-07       0.899997072841202 
8.585e-07      3.511524097644815e-06 
8.610000000000001e-07 0.8999971200267791 
8.635000000000001e-07 3.238936818383302e-06 
8.660000000000001e-07 2.994984459091171e-06 
8.685e-07      0.8999965340896776 
8.710000000000001e-07 2.227451061988354e-06 
8.735000000000001e-07 2.355876674695015e-06 
8.760000000000001e-07 0.8999946754157396 
8.785e-07      0.8999942078215252 
8.81e-07       0.8999905690754516 
8.835000000000001e-07 -2.467998676135788e-05 
8.860000000000001e-07 0.9000092685038018 
8.885e-07      0.8999965709874185 
8.91e-07       1.223710177941519e-05 
8.935000000000001e-07 0.9000058144768724 
8.960000000000001e-07 1.010380856369972e-05 
8.985000000000001e-07 0.900003619691759 
9.01e-07       9.157113701923958e-06 
9.035000000000001e-07 0.9000031199369343 
9.060000000000001e-07 0.9000033061634758 
9.085000000000001e-07 9.763762717424815e-06 
9.11e-07       0.9000046113191624 
9.135e-07      0.9000055584505863 
9.160000000000001e-07 0.9000059025879789 
9.185000000000001e-07 1.292802327052736e-06 
9.210000000000001e-07 4.553947967871763e-06 
9.235e-07      3.982136148965169e-06 
9.260000000000001e-07 0.8999973106445774 
9.285000000000001e-07 3.816472970259256e-06 
9.310000000000001e-07 3.949018314660033e-06 
9.335e-07      0.8999970712355372 
9.36e-07       3.56629037227023e-06 
9.385000000000001e-07 0.8999949969961336 
9.410000000000001e-07 0.8999867408147632 
9.435000000000001e-07 0.9000191046940322 
9.46e-07       1.878654179832507e-05 
9.485000000000001e-07 8.585939139182875e-06 
9.510000000000001e-07 0.900001025263729 
9.535000000000001e-07 6.030211879022744e-06 
9.56e-07       5.685461862599638e-06 
9.585e-07      5.565476040837017e-06 
9.61e-07       5.553087738199839e-06 
9.635e-07      0.8999997842687202 
9.659999999999999e-07 5.453316242531336e-06 
9.684999999999999e-07 0.8999994203490644 
9.710000000000001e-07 0.8999992415932141 
9.735000000000001e-07 5.390453025424671e-06 
9.760000000000001e-07 0.8999995988357402 
9.785e-07      5.369135836409172e-06 
9.81e-07       5.357109466444947e-06 
9.835e-07      5.769298985795101e-06 
9.860000000000002e-07 0.8999999061272549 
9.885000000000001e-07 0.8999993393442471 
9.910000000000001e-07 0.8999983412011971 
9.935000000000001e-07 0.8999979852815411 
9.960000000000001e-07 0.8999984299137742 
9.985000000000001e-07 0.8999988691030975 
1.001e-06      0.8999991988363185 
1.0035e-06     0.8999994019265758 
1.006e-06      0.89999906440903 
1.0085e-06     0.8999990336545293 
1.011e-06      0.8999993250613505 
1.0135e-06     0.8999990357923903 
1.016e-06      0.8999986122188554 
1.0185e-06     0.8999982055774784 
1.021e-06      0.8999978674594615 
1.0235e-06     4.427276535178192e-06 
1.026e-06      0.8999996702856387 
1.0285e-06     0.8999999941814882 
1.031e-06      0.8999995544679442 
1.0335e-06     0.8999994335783775 
1.036e-06      5.382050209858211e-06 
1.0385e-06     5.484128068367032e-06 
1.041e-06      0.8999992788825106 
1.0435e-06     0.899999287412248 
1.046e-06      0.8999996044961398 
1.0485e-06     0.8999998220591579 
1.051e-06      5.573660851537686e-06 
1.0535e-06     0.8999997033410099 
1.056e-06      0.8999998166688393 
1.0585e-06     5.954677727479864e-06 
1.061e-06      0.9000006982826479 
1.0635e-06     7.773144795387457e-06 
1.066e-06      0.9000037932647452 
1.0685e-06     2.659533560234406e-06 
1.071e-06      -1.758198975942554e-05 
1.0735e-06     0.8999928238961439 
1.076e-06      0.8999962068814082 
1.0785e-06     0.8999968840397695 
1.081e-06      3.853225114964566e-06 
1.0835e-06     0.8999972621914573 
1.086e-06      3.932712780754022e-06 
1.0885e-06     3.997443063897146e-06 
1.091e-06      0.8999974840960207 
1.0935e-06     4.880171731719473e-06 
1.096e-06      6.555332706388975e-06 
1.0985e-06     -1.328400648190101e-05 
1.101e-06      0.9000113002864198 
1.1035e-06     0.9000039283939547 
1.106e-06      0.9000033580236155 
1.1085e-06     9.016261651186245e-06 
1.111e-06      0.9000030865821103 
1.1135e-06     0.900003337621773 
1.116e-06      0.9000037054518759 
1.1185e-06     0.9000050818962203 
1.121e-06      1.236387103693575e-05 
1.1235e-06     1.031664515131843e-05 
1.126e-06      1.706701990430396e-06 
1.1285e-06     0.9000144106738436 
1.131e-06      0.8999863339780535 
1.1335e-06     0.8999933620062526 
1.136e-06      0.8999945069614355 
1.1385e-06     0.8999954211540087 
1.141e-06      0.8999959739311822 
1.1435e-06     0.8999963109986425 
1.146e-06      2.971669789733549e-06 
1.1485e-06     0.8999966647553899 
1.151e-06      3.54788227507507e-06 
1.1535e-06     3.433621224905313e-06 
1.156e-06      3.422659287575045e-06 
1.1585e-06     0.8999971222219246 
1.161e-06      3.472304331504539e-06 
1.1635e-06     0.8999971312811347 
1.166e-06      0.8999972404474214 
1.1685e-06     3.603489653683198e-06 
1.171e-06      3.612608184304541e-06 
1.1735e-06     3.554469515984546e-06 
1.176e-06      3.480022386775031e-06 
1.1785e-06     3.437230356706773e-06 
1.181e-06      3.355687257560344e-06 
1.1835e-06     3.293872801993268e-06 
1.186e-06      3.242929439517987e-06 
1.1885e-06     3.217826747966488e-06 
1.191e-06      3.269846780904244e-06 
1.1935e-06     3.293194937810387e-06 
1.196e-06      3.307200346672985e-06 
1.1985e-06     3.375597697292287e-06 
1.201e-06      3.456029791392666e-06 
1.2035e-06     3.572758789601094e-06 
1.206e-06      0.8999973340206362 
1.2085e-06     3.604489225496522e-06 
1.211e-06      3.580030668342529e-06 
1.2135e-06     3.558501270087469e-06 
1.216e-06      3.517005528055855e-06 
1.2185e-06     0.8999971296215149 
1.221e-06      0.8999970978317003 
1.2235e-06     3.419533414908127e-06 
1.226e-06      3.376582151425818e-06 
1.2285e-06     3.424188818127766e-06 
1.231e-06      3.278739367461618e-06 
1.2335e-06     0.8999965713193577 
1.236e-06      2.542938460942922e-06 
1.2385e-06     2.544605732234375e-06 
1.241e-06      0.8999947123298244 
1.2435e-06     0.8999944794770696 
1.246e-06      0.899992787241672 
1.2485e-06     -1.688683488276708e-05 
1.251e-06      0.9000178253908721 
1.2535e-06     0.9000057903312212 
1.256e-06      1.195833780564353e-05 
1.2585e-06     1.204442084001533e-05 
1.261e-06      1.07238474610835e-05 
1.2635e-06     0.9000035905424435 
1.266e-06      9.25378668911107e-06 
1.2685e-06     0.9000031218888472 
1.271e-06      0.9000032308513544 
1.2735e-06     9.415890977080608e-06 
1.276e-06      0.9000043372440896 
1.2785e-06     0.9000053885439629 
1.281e-06      0.9000009480552391 
1.2835e-06     -2.229339407821384e-07 
1.286e-06      4.680571245041483e-06 
1.2885e-06     4.074539540317774e-06 
1.291e-06      0.8999972887748705 
1.2935e-06     3.839760601853513e-06 
1.296e-06      3.903258008087866e-06 
1.2985e-06     3.95035183295614e-06 
1.301e-06      3.676816043036812e-06 
1.3035e-06     2.337886480380626e-06 
1.306e-06      0.8999908967767739 
1.3085e-06     0.8999804576181935 
1.311e-06      1.308863362653586e-05 
1.3135e-06     9.104718083262575e-06 
1.316e-06      7.312834472599273e-06 
1.3185e-06     0.90000043625384 
1.321e-06      5.745892610607281e-06 
1.3235e-06     5.588713391421925e-06 
1.326e-06      5.531754543953976e-06 
1.3285e-06     0.8999997470593246 
1.331e-06      0.8999997715396305 
1.3335e-06     5.327048895281549e-06 
1.336e-06      0.899999228090367 
1.3385e-06     0.899999444034763 
1.341e-06      0.89999962747234 
1.3435e-06     0.8999994885193684 
1.346e-06      5.355700519014221e-06 
1.3485e-06     5.64735730047793e-06 
1.351e-06      0.9000000378101448 
1.3535e-06     0.8999995308793638 
1.356e-06      0.8999985034294244 
1.3585e-06     0.8999980813983176 
1.361e-06      0.899998306671551 
1.3635e-06     0.8999987415608454 
1.366e-06      0.8999991446091844 
1.3685e-06     0.8999993713592649 
1.371e-06      0.8999994794647469 
1.3735e-06     0.8999994842324527 
1.376e-06      0.8999989732047803 
1.3785e-06     0.8999987130788258 
1.381e-06      0.8999987373411046 
1.3835e-06     0.8999983234696628 
1.386e-06      0.8999979255245765 
1.3885e-06     4.212891266946283e-06 
1.391e-06      0.8999995678093837 
1.3935e-06     0.9000000443538491 
1.396e-06      0.8999997081034616 
1.3985e-06     0.8999994432127302 
1.401e-06      5.379257354355834e-06 
1.4035e-06     5.479795578048033e-06 
1.406e-06      0.899999463719822 
1.4085e-06     0.8999992301077163 
1.411e-06      0.8999994419927805 
1.4135e-06     0.8999997743604695 
1.416e-06      5.559084267694864e-06 
1.4185e-06     0.8999997023569875 
1.421e-06      0.8999997593901664 
1.4235e-06     5.861667133590597e-06 
1.426e-06      6.365481617424762e-06 
1.4285e-06     7.322409060853557e-06 
1.431e-06      0.9000030318093607 
1.4335e-06     8.627265585293358e-06 
1.436e-06      1.751449372151096e-05 
1.4385e-06     0.8999900021779375 
1.441e-06      0.8999957068277104 
1.4435e-06     0.8999967710064034 
1.446e-06      3.925348136147776e-06 
1.4485e-06     3.887167746441888e-06 
1.451e-06      0.8999973382260413 
1.4535e-06     3.96417939233878e-06 
1.456e-06      0.8999974969357207 
1.4585e-06     0.8999978573675109 
1.461e-06      5.796210589818437e-06 
1.4635e-06     4.166162974976471e-06 
1.466e-06      0.9000053098476837 
1.4685e-06     0.9000041782611331 
1.471e-06      0.9000033038679469 
1.4735e-06     0.9000031369871708 
1.476e-06      8.762501532010566e-06 
1.4785e-06     0.9000030240935691 
1.481e-06      0.900003719968838 
1.4835e-06     1.03699454331816e-05 
1.486e-06      0.9000062467631075 
1.4885e-06     1.198144360458467e-05 
1.491e-06      -2.5494279277744e-06 
1.4935e-06     -6.177282427982716e-06 
1.496e-06      0.8999812075320911 
1.4985e-06     0.8999930158490309 
1.501e-06      1.159898196907199e-06 
1.5035e-06     0.8999949531553383 
1.506e-06      0.8999959015558368 
1.5085e-06     0.8999960650750177 
1.511e-06      3.053182248933169e-06 
1.5135e-06     3.255722886091753e-06 
1.516e-06      0.8999969393783985 
1.5185e-06     3.38212354247625e-06 
1.521e-06      3.417727742031363e-06 
1.5235e-06     3.483692565195465e-06 
1.526e-06      3.480549054676608e-06 
1.5285e-06     0.8999971351633562 
1.531e-06      0.899997222562545 
1.5335e-06     3.599411896983745e-06 
1.536e-06      3.581357325783792e-06 
1.5385e-06     3.563237654844753e-06 
1.541e-06      3.49568730034256e-06 
1.5435e-06     3.462120193261884e-06 
1.546e-06      3.376148890615419e-06 
1.5485e-06     3.304904142249639e-06 
1.551e-06      3.253759147929974e-06 
1.5535e-06     3.224742755187705e-06 
1.556e-06      3.216849738056911e-06 
1.5585e-06     3.238997422073655e-06 
1.561e-06      3.292992110235092e-06 
1.5635e-06     3.351808439313859e-06 
1.566e-06      3.447702252644715e-06 
1.5685e-06     3.528686072317973e-06 
1.571e-06      0.8999973006196583 
1.5735e-06     3.570142322451789e-06 
1.576e-06      3.584197243056187e-06 
1.5785e-06     3.570009383900637e-06 
1.581e-06      3.457455182309189e-06 
1.5835e-06     0.8999971296079902 
1.586e-06      0.899997118802211 
1.5885e-06     0.8999970558108009 
1.591e-06      3.435850640275346e-06 
1.5935e-06     0.8999970564518235 
1.596e-06      3.074983049763502e-06 
1.5985e-06     3.016279708064518e-06 
1.601e-06      0.8999963299494815 
1.6035e-06     2.583320183290178e-06 
1.606e-06      0.8999951842128214 
1.6085e-06     0.8999946203189175 
1.611e-06      0.8999933338883541 
1.6135e-06     0.8999864733596766 
1.616e-06      -1.587083165251735e-05 
1.6185e-06     0.9000118475561185 
1.621e-06      9.528880363117283e-06 
1.6235e-06     1.245252656105076e-05 
1.626e-06      1.109063024142941e-05 
1.6285e-06     9.954061541869853e-06 
1.631e-06      0.9000034060053095 
1.6335e-06     9.063842128748814e-06 
1.636e-06      0.9000031614704631 
1.6385e-06     9.472331633590821e-06 
1.641e-06      9.853717769184858e-06 
1.6435e-06     0.9000050974881169 
1.646e-06      0.9000050076742044 
1.6485e-06     -1.46936691564605e-05 
1.651e-06      4.792341811830383e-06 
1.6535e-06     4.182127077759249e-06 
1.656e-06      3.861624162948744e-06 
1.6585e-06     0.899997290867499 
1.661e-06      3.891758210065163e-06 
1.6635e-06     3.970634142323495e-06 
1.666e-06      0.8999969166568038 
1.6685e-06     2.870352486800739e-06 
1.671e-06      0.8999930629658967 
1.6735e-06     0.8999768739237908 
1.676e-06      0.9000104767627609 
1.6785e-06     9.64538417225926e-06 
1.681e-06      7.757352380255433e-06 
1.6835e-06     0.9000006755828894 
1.686e-06      5.848377349491102e-06 
1.6885e-06     0.8999998117943183 
1.691e-06      5.53461599414725e-06 
1.6935e-06     0.8999997363845857 
1.696e-06      0.8999998297663119 
1.6985e-06     5.447466832277414e-06 
1.701e-06      0.8999992868239436 
1.7035e-06     0.8999992650529083 
1.706e-06      0.8999996656641703 
1.7085e-06     0.8999994920500538 
1.711e-06      5.340469847414943e-06 
1.7135e-06     5.510093942510619e-06 
1.716e-06      0.8999999898931241 
1.7185e-06     0.8999996779208054 
1.721e-06      0.8999988683377755 
1.7235e-06     0.8999981560348631 
1.726e-06      0.8999981879886504 
1.7285e-06     0.8999986131781493 
1.731e-06      0.8999990450106294 
1.7335e-06     0.8999993101571979 
1.736e-06      0.8999994570271057 
1.7385e-06     0.8999990670806208 
1.741e-06      0.8999990116284941 
1.7435e-06     0.8999987822414849 
1.746e-06      0.8999988624498261 
1.7485e-06     0.8999984190216948 
1.751e-06      0.8999980313867267 
1.7535e-06     4.107715016361204e-06 
1.756e-06      0.8999992570220474 
1.7585e-06     0.8999999105002527 
1.761e-06      0.8999998540470859 
1.7635e-06     0.8999994186788245 
1.766e-06      5.370993863685504e-06 
1.7685e-06     5.466905388422117e-06 
1.771e-06      5.381827798974386e-06 
1.7735e-06     0.899999214808051 
1.776e-06      5.270797803488041e-06 
1.7785e-06     0.8999996231344771 
1.781e-06      0.8999997775204327 
1.7835e-06     5.551677897689118e-06 
1.786e-06      0.8999997354042447 
1.7885e-06     5.768264484108905e-06 
1.791e-06      6.181866317292417e-06 
1.7935e-06     6.999668271895378e-06 
1.796e-06      8.535285420650743e-06 
1.7985e-06     0.9000046319437212 
1.801e-06      2.379300037864492e-05 
1.8035e-06     -2.755634006147059e-05 
1.806e-06      0.8999949406260085 
1.8085e-06     0.8999966392447156 
1.811e-06      0.8999970621173642 
1.8135e-06     3.852634436212663e-06 
1.816e-06      0.8999972999005763 
1.8185e-06     3.949795349479227e-06 
1.821e-06      0.8999974180205835 
1.8235e-06     0.8999976495497103 
1.826e-06      5.674256249382394e-06 
1.8285e-06     6.144517648145353e-06 
1.831e-06      -8.660768888978145e-06 
1.8335e-06     0.900004459150952 
1.836e-06      0.900003656897751 
1.8385e-06     0.9000030559307649 
1.841e-06      8.962326020855894e-06 
1.8435e-06     0.900003128958842 
1.846e-06      0.9000035462644099 
1.8485e-06     1.030219791671659e-05 
1.851e-06      0.9000057313876167 
1.8535e-06     1.229555888664587e-05 
1.856e-06      4.065179874604955e-06 
1.8585e-06     1.4401449515684e-05 
1.861e-06      0.899972967000553 
1.8635e-06     0.8999905608683478 
1.866e-06      7.800353349029877e-07 
1.8685e-06     0.8999944958480313 
1.871e-06      2.346715984630796e-06 
1.8735e-06     0.8999957858411043 
1.876e-06      3.037651822367489e-06 
1.8785e-06     2.952148302205964e-06 
1.881e-06      0.8999968082819488 
1.8835e-06     3.386827626807758e-06 
1.886e-06      3.513558918662045e-06 
1.8885e-06     3.440119786649966e-06 
1.891e-06      3.493995512447297e-06 
1.8935e-06     0.8999971303427815 
1.896e-06      0.8999971973468562 
1.8985e-06     3.587212855907616e-06 
1.901e-06      3.60256256747557e-06 
1.9035e-06     3.575877782406274e-06 
1.906e-06      3.523765573250393e-06 
1.9085e-06     3.491666302063559e-06 
1.911e-06      0.8999971432957066 
1.9135e-06     3.325357505494286e-06 
1.916e-06      3.268064232737907e-06 
1.9185e-06     3.231310737764823e-06 
1.921e-06      3.265946522297759e-06 
1.9235e-06     3.229754978949077e-06 
1.926e-06      3.310342079253966e-06 
1.9285e-06     3.361671497802993e-06 
1.931e-06      3.412641612341694e-06 
1.9335e-06     3.499500587812034e-06 
1.936e-06      0.8999973092448744 
1.9385e-06     3.584202541457999e-06 
1.941e-06      3.596843493402386e-06 
1.9435e-06     3.580024968128494e-06 
1.946e-06      3.519908051940453e-06 
1.9485e-06     0.8999971661815367 
1.951e-06      0.8999971190488978 
1.9535e-06     0.8999970763694312 
1.956e-06      3.488568179041679e-06 
1.9585e-06     0.8999971104490593 
1.961e-06      3.174338404902847e-06 
1.9635e-06     2.986761217529333e-06 
1.966e-06      0.899996495442743 
1.9685e-06     2.085016207145507e-06 
1.971e-06      0.8999955514884342 
1.9735e-06     0.8999946649715237 
1.976e-06      0.899993860704155 
1.9785e-06     0.899989321562125 
1.981e-06      -2.784620948730759e-05 
1.9835e-06     0.8999955989525448 
1.986e-06      0.9000004893942647 
1.9885e-06     1.237467918632231e-05 
1.991e-06      0.9000055880175857 
1.9935e-06     1.021276836635193e-05 
1.996e-06      0.9000033656954624 
1.9985e-06     9.130811729379525e-06 
2.001e-06      0.9000031375366442 
2.0035e-06     0.9000033613210078 
2.006e-06      9.856007436897054e-06 
2.0085e-06     0.9000045771815703 
2.011e-06      0.9000057779329342 
2.0135e-06     0.9000081103187115 
2.016e-06      5.187421002898713e-06 
2.0185e-06     4.375150338702017e-06 
2.021e-06      3.952467571667962e-06 
2.0235e-06     0.8999973055243596 
2.026e-06      3.819309097864263e-06 
2.0285e-06     3.984607863148278e-06 
2.031e-06      0.899997105286895 
2.0335e-06     3.36149672795189e-06 
2.036e-06      0.8999944425936239 
2.0385e-06     -1.387610296263848e-05 
2.041e-06      0.9000029205096289 
2.0435e-06     2.002862888911595e-05 
2.046e-06      8.324249446057799e-06 
2.0485e-06     0.9000009024608385 
2.051e-06      6.076529517634883e-06 
2.0535e-06     0.8999998069219366 
2.056e-06      5.555626619240595e-06 
2.0585e-06     5.55709846831569e-06 
2.061e-06      0.8999998055892318 
2.0635e-06     5.462188781784141e-06 
2.066e-06      0.899999369764793 
2.0685e-06     0.8999992197409035 
2.071e-06      0.8999994470838946 
2.0735e-06     0.8999995700100775 
2.076e-06      5.35760987795115e-06 
2.0785e-06     5.381209698922752e-06 
2.081e-06      5.810668305192929e-06 
2.0835e-06     0.8999997853688526 
2.086e-06      0.8999991741801353 
2.0885e-06     0.8999982724004324 
2.091e-06      0.8999979845657187 
2.0935e-06     0.8999984945495375 
2.096e-06      0.8999989343501681 
2.0985e-06     0.8999992389005873 
2.101e-06      0.8999994227709474 
2.1035e-06     0.8999990680490007 
2.106e-06      0.8999990514059476 
2.1085e-06     0.89999884657331 
2.111e-06      0.8999989813033233 
2.1135e-06     0.8999985539042169 
2.116e-06      0.8999981456203026 
2.1185e-06     4.004874247247538e-06 
2.121e-06      4.488531636830195e-06 
2.1235e-06     0.8999997443191916 
2.126e-06      0.8999999451267016 
2.1285e-06     0.8999994707790343 
2.131e-06      0.8999994488129112 
2.1335e-06     5.412277278527207e-06 
2.136e-06      5.480556638661427e-06 
2.1385e-06     0.8999992482546727 
2.141e-06      5.185019716752306e-06 
2.1435e-06     0.8999996568903064 
2.146e-06      0.8999998151459936 
2.1485e-06     5.564224158543009e-06 
2.151e-06      0.8999997253436196 
2.1535e-06     0.8999998538341309 
2.156e-06      6.013534440518285e-06 
2.1585e-06     6.757202683656199e-06 
2.161e-06      8.027478485364943e-06 
2.1635e-06     0.9000042322931265 
2.166e-06      -4.776942534245734e-06 
2.1685e-06     -3.091088417182379e-05 
2.171e-06      0.8999935624977397 
2.1735e-06     3.12929114494161e-06 
2.176e-06      0.8999969734813514 
2.1785e-06     3.921834269995857e-06 
2.181e-06      0.8999972758044759 
2.1835e-06     3.948422033427215e-06 
2.186e-06      4.030016454671257e-06 
2.1885e-06     0.8999976134911232 
2.191e-06      5.017110584673787e-06 
2.1935e-06     6.60896743052596e-06 
2.196e-06      -1.099157596014333e-05 
2.1985e-06     0.9000124484943143 
2.201e-06      0.9000038134724545 
2.2035e-06     0.9000033368196353 
2.206e-06      8.991485077683259e-06 
2.2085e-06     0.900003108987978 
2.211e-06      0.9000033969144922 
2.2135e-06     1.000406651817081e-05 
2.216e-06      0.9000053142954924 
2.2185e-06     1.252118269111661e-05 
2.221e-06      8.714609568009606e-06 
2.2235e-06     2.078006712118189e-05 
2.226e-06      0.9000008769553856 
2.2285e-06     0.8999879473004608 
2.231e-06      -3.959796793994287e-08 
2.2335e-06     0.8999945078934383 
2.236e-06      0.8999954114113324 
2.2385e-06     0.8999959812466289 
2.241e-06      0.899996381792827 
2.2435e-06     2.952389022529131e-06 
2.246e-06      0.8999967037990722 
2.2485e-06     3.585380739090697e-06 
2.251e-06      3.464205426818123e-06 
2.2535e-06     3.528078541773637e-06 
2.256e-06      3.482077077711043e-06 
2.2585e-06     0.899997124580783 
2.261e-06      0.8999971553963799 
2.2635e-06     0.8999972454358914 
2.266e-06      3.589413468177618e-06 
2.2685e-06     3.598078465750318e-06 
2.271e-06      3.545612744192116e-06 
2.2735e-06     3.463922986245201e-06 
2.276e-06      3.422629291676983e-06 
2.2785e-06     3.345959609950518e-06 
2.281e-06      3.284898739052893e-06 
2.2835e-06     3.239621618987179e-06 
2.286e-06      3.279832829515613e-06 
2.2885e-06     3.222698468617268e-06 
2.291e-06      3.257011444561651e-06 
2.2935e-06     3.315886456839786e-06 
2.296e-06      3.387627129262683e-06 
2.2985e-06     3.470437017808297e-06 
2.301e-06      3.589138368869965e-06 
2.3035e-06     0.899997338828244 
2.306e-06      3.599472806774079e-06 
2.3085e-06     3.581575461247374e-06 
2.311e-06      3.540680699039382e-06 
2.3135e-06     3.466383533890301e-06 
2.316e-06      0.8999971365807985 
2.3185e-06     0.8999970893515135 
2.321e-06      3.416146967254525e-06 
2.3235e-06     3.590210575030236e-06 
2.326e-06      3.388465215279291e-06 
2.3285e-06     3.030483760529351e-06 
2.331e-06      0.8999965610970904 
2.3335e-06     2.402952157394961e-06 
2.336e-06      2.474807999732818e-06 
2.3385e-06     0.8999946870024916 
2.341e-06      1.071535013314742e-06 
2.3435e-06     0.8999916385612985 
2.346e-06      -2.075519333288969e-05 
2.3485e-06     0.900022431861607 
2.351e-06      0.8999941943255938 
2.3535e-06     1.207576304341939e-05 
2.356e-06      1.188377831176055e-05 
2.3585e-06     1.057021817940763e-05 
2.361e-06      0.900003510880742 
2.3635e-06     9.198797078404752e-06 
2.366e-06      0.9000031141466527 
2.3685e-06     0.9000032747121108 
2.371e-06      9.6945548291187e-06 
2.3735e-06     0.9000044618502168 
2.376e-06      0.9000055658844202 
2.3785e-06     0.8999885673939778 
2.381e-06      1.214639688693938e-06 
2.3835e-06     4.661063704059102e-06 
2.386e-06      4.032832661697787e-06 
2.3885e-06     0.8999973165150575 
2.391e-06      3.759916075500747e-06 
2.3935e-06     3.926551911083922e-06 
2.396e-06      3.944994733850884e-06 
2.3985e-06     3.637500847509632e-06 
2.401e-06      0.8999954890018622 
2.4035e-06     0.899988933969855 
2.406e-06      0.900000107324422 
2.4085e-06     1.713068548063603e-05 
2.411e-06      8.843165374346485e-06 
2.4135e-06     7.143733045080793e-06 
2.416e-06      6.100394172711561e-06 
2.4185e-06     5.718381286382036e-06 
2.421e-06      5.567305312972271e-06 
2.4235e-06     5.509329861440237e-06 
2.426e-06      0.8999997616961426 
2.4285e-06     5.470573792019866e-06 
2.431e-06      0.8999994678823081 
2.4335e-06     0.8999992137807216 
2.436e-06      0.8999995103731918 
2.4385e-06     0.8999996179056071 
2.441e-06      5.370459150436681e-06 
2.4435e-06     5.335664904176615e-06 
2.446e-06      5.713801634075659e-06 
2.4485e-06     0.8999999782645921 
2.451e-06      0.8999994735318174 
2.4535e-06     0.8999984405779036 
2.456e-06      0.8999980189722253 
2.4585e-06     0.8999983663493863 
2.461e-06      0.8999988064112341 
2.4635e-06     0.8999991565081278 
2.466e-06      0.8999993944178371 
2.4685e-06     0.8999994869574431 
2.471e-06      0.8999990770392811 
2.4735e-06     0.899999355704094 
2.476e-06      0.8999990862923214 
2.4785e-06     0.8999986742260393 
2.481e-06      0.899998260546481 
2.4835e-06     0.8999978754757095 
2.486e-06      4.308793139802384e-06 
2.4885e-06     0.8999996862560057 
2.491e-06      0.9000000321384768 
2.4935e-06     0.8999996389780731 
2.496e-06      0.8999994332842562 
2.4985e-06     5.393931405595448e-06 
2.501e-06      5.480637705858141e-06 
2.5035e-06     0.8999993129922449 
2.506e-06      0.8999992544010725 
2.5085e-06     0.8999995649422616 
2.511e-06      0.8999998117820143 
2.5135e-06     5.5577493385439e-06 
2.516e-06      0.8999997041050692 
2.5185e-06     0.8999997769889392 
2.521e-06      5.895968149357508e-06 
2.5235e-06     6.475957548286354e-06 
2.526e-06      7.540616881747569e-06 
2.5285e-06     0.900003370638955 
2.531e-06      6.185170422435674e-06 
2.5335e-06     1.309134153468046e-05 
2.536e-06      0.8999919770645997 
2.5385e-06     0.899995910177055 
2.541e-06      0.8999968302911485 
2.5435e-06     3.921738149418444e-06 
2.546e-06      0.8999972492586672 
2.5485e-06     3.937693768872613e-06 
2.551e-06      3.982053495283118e-06 
2.5535e-06     0.8999975325857893 
2.556e-06      4.903580179794443e-06 
2.5585e-06     6.272594104123144e-06 
2.561e-06      -7.132478089241223e-07 
2.5635e-06     0.9000098955719438 
2.566e-06      0.9000040491684809 
2.5685e-06     0.9000034221312998 
2.571e-06      9.028678479985194e-06 
2.5735e-06     0.9000030632688696 
2.576e-06      0.9000032630018759 
2.5785e-06     0.9000036064468102 
2.581e-06      0.9000048682905403 
2.5835e-06     0.9000065294008149 
