
time (s)       VT("/out") (V)


2.735e-08      0.5415447371046797 
2.985e-08      0.5555611670158065 
3.235e-08      0.5636007827788649 
3.485e-08      0.5680268675829671 
3.735e-08      0.5786539629567998 
3.985e-08      0.5838247824328164 
4.235000000000001e-08 0.5970645792563601 
4.485e-08      0.5996345469461358 
4.735e-08      0.6098521720894846 
4.985e-08      0.6137527390248146 
5.235e-08      0.6252446183953033 
5.485e-08      0.627856295154846 
5.735000000000001e-08 0.6362003964515603 
5.985e-08      0.6396577956150178 
6.235e-08      0.6499021526418787 
6.485e-08      0.6486744518460373 
6.735e-08      0.6537576397412946 
6.985000000000001e-08 0.6574623484977896 
7.235e-08      0.6646678461097145 
7.485e-08      0.6645169901804141 
7.735e-08      0.669620938533656 
7.985e-08      0.6715758420439195 
8.235000000000001e-08 0.6727984344422701 
8.485e-08      0.6966814811529136 
8.735000000000001e-08 0.676320939334638 
8.985e-08      0.6786093990242748 
9.235e-08      0.6798434442270059 
9.485000000000001e-08 0.6798434442270059 
9.735000000000001e-08 0.6793111543046088 
9.985000000000001e-08 0.678082191780822 
1.0235e-07     0.678082191780822 
1.0485e-07     0.6539380730725369 
1.0735e-07     0.674559686888454 
1.0985e-07     0.672274906876879 
1.1235e-07     0.6672296013836289 
1.1485e-07     0.6669944233741459 
1.1735e-07     0.6600113229098524 
1.1985e-07     0.6599541830409675 
1.2235e-07     0.6531144353623413 
1.2485e-07     0.6446183953033269 
1.2735e-07     0.6458735112083017 
1.2985e-07     0.6385110059896132 
1.3235e-07     0.6301898450288753 
1.3485e-07     0.6266856018331648 
1.3735e-07     0.6164383561643836 
1.3985e-07     0.613864724376034 
1.4235e-07     0.6038171476260616 
1.4485e-07     0.599740744285957 
1.4735e-07     0.5882583170254404 
1.4985e-07     0.5851174155167687 
1.5235e-07     0.5737563912057939 
1.5485e-07     0.5679750167514066 
1.5735e-07     0.5442519079448186 
1.5985e-07     0.5491616487589567 
1.6235e-07     0.5428454738770732 
1.6485e-07     0.5237887541522919 
1.6735e-07     0.5209833111432292 
1.6985e-07     0.5145794225798873 
1.7235e-07     0.4954480992510927 
1.7485e-07     0.4927713299025138 
1.7735e-07     0.4864245568498303 
1.7985e-07     0.4674788060795801 
1.8235e-07     0.4639588204500362 
1.8485e-07     0.434620597290228 
1.8735e-07     0.446513295215096 
1.8985e-07     0.4341201733366337 
1.9235e-07     0.4182505630189997 
1.9485e-07     0.41607456322544 
1.9735e-07     0.402576301221644 
1.9985e-07     0.3927592954990216 
2.0235e-07     0.3879013815817006 
2.0485e-07     0.3744395531600387 
2.0735e-07     0.3645792563600783 
2.0985e-07     0.3596783153718545 
2.1235e-07     0.3482880928952389 
2.1485e-07     0.3258919859901093 
2.1735e-07     0.333803396808274 
2.1985e-07     0.3214781072044999 
2.2235e-07     0.316172236468779 
2.2485e-07     0.3046966731898239 
2.2735e-07     0.3021007310734118 
2.2985e-07     0.2902042703536327 
2.3235e-07     0.2861850948539563 
2.3485e-07     0.2747553816046967 
2.3735e-07     0.2739078933877341 
2.3985e-07     0.2653662816757788 
2.4235e-07     0.2615651967300405 
2.4485e-07     0.2583553829021513 
2.4735e-07     0.2465753424657534 
2.4985e-07     0.2462521883555655 
2.5235e-07     0.2424928862164638 
2.5485e-07     0.235508876611524 
2.5735e-07     0.2354419130361043 
2.5985e-07     0.2303672980418095 
2.6235e-07     0.2283695667282498 
2.6485e-07     0.22720156555773 
2.6735e-07     0.2031518784900046 
2.6985e-07     0.223679060665362 
2.7235e-07     0.2219178082191781 
2.7485e-07     0.221401263136177 
2.7735e-07     0.2201565557729941 
2.7985e-07     0.2206134676438939 
2.8235e-07     0.2219178082191781 
2.8485e-07     0.2219178082191781 
2.8735e-07     0.2456675014703718 
2.8985e-07     0.225440313111546 
2.9235e-07     0.2277927515911026 
2.9485e-07     0.2310701224781311 
2.9735e-07     0.2330398147153793 
2.9985e-07     0.2400176110924006 
3.0235e-07     0.2400913904989106 
3.0485e-07     0.245173417881827 
3.0735e-07     0.2553816046966732 
3.0985e-07     0.2541764811938509 
3.1235e-07     0.2597848117913944 
3.1485e-07     0.2682983291690911 
3.1735e-07     0.272083962255052 
3.1985e-07     0.2835616438356164 
3.2235e-07     0.2844196147354954 
3.2485e-07     0.2944941523224261 
3.2735e-07     0.2984855234550087 
3.2985e-07     0.3099804305283758 
3.3235e-07     0.3143573852422888 
3.3485e-07     0.3250101002525422 
3.3735e-07     0.330241632331607 
3.3985e-07     0.3499561342622183 
3.4235e-07     0.3508870601920148 
3.4485e-07     0.3571358617719725 
3.4735e-07     0.3698630136986301 
3.4985e-07     0.3793035317453397 
3.5235e-07     0.3835332445873406 
3.5485e-07     0.3980430528375734 
3.5735e-07     0.4074975602200994 
3.5985e-07     0.4135061996115337 
3.6235e-07     0.4309493792315455 
3.6485e-07     0.4354127103441648 
3.6735e-07     0.4417315403364242 
3.6985e-07     0.4728269327437343 
3.7235e-07     0.4660224916465418 
3.7485e-07     0.4798941314069513 
3.7735e-07     0.4817131826862166 
3.7985e-07     0.4941636110420164 
3.8235e-07     0.5119594204821263 
3.8485e-07     0.5103910133490717 
3.8735e-07     0.5235594520844074 
3.8985e-07     0.5380947509905901 
3.9235e-07     0.5380433300054649 
3.9485e-07     0.5504843802704786 
3.9735e-07     0.5723438047733826 
3.9985e-07     0.5662421854168252 
4.0235e-07     0.5763222101171732 
4.0485e-07     0.5820762999327084 
4.0735e-07     0.5944928231061835 
4.0985e-07     0.5979108598732761 
4.1235e-07     0.6080409768732556 
4.1485e-07     0.6120072939292325 
4.1735e-07     0.6234833659491195 
4.1985e-07     0.625614539133314 
4.2235e-07     0.6344186127382253 
4.2485e-07     0.6383760963020647 
4.2735e-07     0.6416193148941924 
4.2985e-07     0.6534246575342466 
4.3235e-07     0.6537434153318971 
4.3485e-07     0.6557160276951955 
4.3735e-07     0.6645505987268741 
4.3985e-07     0.6645258488044199 
4.4235e-07     0.6696044041611366 
4.4485e-07     0.6698027135976425 
4.4735e-07     0.6727984344422701 
4.4985e-07     0.696830028399461 
4.5235e-07     0.676320939334638 
4.5485e-07     0.678082191780822 
4.5735e-07     0.6786400668883863 
4.5985e-07     0.6798434442270059 
4.6235e-07     0.6798434442270059 
4.6485e-07     0.6792751780100746 
4.6735e-07     0.678082191780822 
4.6985e-07     0.6537389194801212 
4.7235e-07     0.674559686888454 
4.7485e-07     0.6722754141688474 
4.773500000000001e-07 0.6690193824070707 
4.798500000000001e-07 0.6670363948067228 
4.8235e-07     0.6599990226051448 
4.8485e-07     0.659963223127536 
4.8735e-07     0.6548968624104432 
4.898500000000001e-07 0.6528941872158893 
4.9235e-07     0.6410958904109589 
4.9485e-07     0.640793309339879 
4.9735e-07     0.6320042606460805 
4.998500000000001e-07 0.6297100726002712 
5.0235e-07     0.6181996086105676 
5.0485e-07     0.6157088431035289 
5.073500000000001e-07 0.6056597927342369 
5.098500000000001e-07 0.6015601118713698 
5.123500000000001e-07 0.5900195694716243 
5.1485e-07     0.5874200516148261 
5.1735e-07     0.5755412766141491 
5.198500000000001e-07 0.5709085479011301 
5.223500000000001e-07 0.5480938055903279 
5.2485e-07     0.5489320125010959 
5.2735e-07     0.5451421390429544 
5.298500000000001e-07 0.5309775935866621 
5.323500000000001e-07 0.5226520739449744 
5.348500000000001e-07 0.5169213640506551 
5.3735e-07     0.5005386724821174 
5.3985e-07     0.4943208030585626 
5.423500000000001e-07 0.4887421687084679 
5.448500000000001e-07 0.4744876446056791 
5.4735e-07     0.4642210435260545 
5.4985e-07     0.4598729896590958 
5.523500000000001e-07 0.4284076340846628 
5.548500000000001e-07 0.4359534480182444 
5.573500000000001e-07 0.4289327300175239 
5.5985e-07     0.4110815687622 
5.6235e-07     0.4059679436133005 
5.648500000000001e-07 0.3897599696515527 
5.673500000000001e-07 0.390177902470265 
5.6985e-07     0.3778105401804003 
5.7235e-07     0.3726174638543341 
5.748500000000001e-07 0.3547373977028073 
5.773500000000001e-07 0.3495963520404129 
5.7985e-07     0.3443098816956897 
5.8235e-07     0.3188121972048661 
5.848500000000001e-07 0.3237920512015766 
5.873500000000001e-07 0.3197079870650543 
5.898500000000001e-07 0.3064579256360078 
5.9235e-07     0.303857046529266 
5.9485e-07     0.2932742444383836 
5.973500000000001e-07 0.2884672880426796 
5.998500000000001e-07 0.2782778864970646 
6.0235e-07     0.27567226466874 
6.0485e-07     0.2656175037491989 
6.073500000000001e-07 0.2634596591533461 
6.098500000000001e-07 0.2583469101957092 
6.123500000000001e-07 0.2478389446544184 
6.1485e-07     0.2474852876401951 
6.1735e-07     0.2442558582539358 
6.198500000000001e-07 0.2373428212913441 
6.223500000000001e-07 0.2354409024913635 
6.2485e-07     0.2321493589923234 
6.2735e-07     0.2301533969942245 
6.298500000000001e-07 0.22720156555773 
6.323500000000001e-07 0.2029715572769255 
6.3485e-07     0.223679060665362 
6.3735e-07     0.2219178082191781 
6.398500000000001e-07 0.2214052528744039 
6.423500000000001e-07 0.2201565557729941 
6.448500000000001e-07 0.2201565557729941 
6.4735e-07     0.2206862524901299 
6.4985e-07     0.2219178082191781 
6.523500000000001e-07 0.2441504300903934 
6.548500000000001e-07 0.225440313111546 
6.5735e-07     0.227786659097809 
6.5985e-07     0.2289628180039139 
6.623500000000001e-07 0.2328896862454694 
6.648500000000001e-07 0.2347992678339712 
6.673500000000001e-07 0.2435042862060804 
6.6985e-07     0.2451456323033479 
6.7235e-07     0.2471257145938067 
6.748500000000001e-07 0.2589041095890411 
6.773500000000001e-07 0.2592462846574838 
6.7985e-07     0.2680660670686605 
6.8235e-07     0.2682099824998944 
6.848500000000001e-07 0.2755838057908123 
6.873500000000001e-07 0.2870841487279844 
6.898500000000001e-07 0.2896925976557814 
6.9235e-07     0.2998841369489419 
6.9485e-07     0.3036847278506924 
6.973500000000001e-07 0.3199632452245934 
6.998500000000001e-07 0.3226706184817507 
7.0235e-07     0.3284732631218918 
7.0485e-07     0.3417728314542907 
7.073500000000001e-07 0.3442755376761108 
7.098500000000001e-07 0.3582833584749995 
7.1235e-07     0.3672380639814498 
7.1485e-07     0.3724580196173316 
7.173500000000001e-07 0.3864571355675033 
7.198500000000001e-07 0.3978366479224519 
7.223500000000001e-07 0.4006344580317674 
7.2485e-07     0.4146299884310488 
7.2735e-07     0.4254833556150923 
7.298500000000001e-07 0.433797279207605 
7.323500000000001e-07 0.4394337921062638 
7.3485e-07     0.4677853352400142 
7.3735e-07     0.4639908235356774 
7.398500000000001e-07 0.4699495668908583 
7.423500000000001e-07 0.4872572496944781 
7.448500000000001e-07 0.4918076718631064 
7.4735e-07     0.4980629770825816 
7.4985e-07     0.5190337405358849 
7.523500000000001e-07 0.5204557337176122 
7.548500000000001e-07 0.527464232191819 
7.5735e-07     0.5453803444745672 
7.5985e-07     0.5481332229480522 
7.623500000000001e-07 0.5544220071253227 
7.648500000000001e-07 0.5772325833213869 
7.673500000000001e-07 0.5764783500168018 
7.6985e-07     0.5802850329236539 
7.723500000000001e-07 0.5917808219178082 
7.748500000000001e-07 0.5961443971670966 
7.773500000000001e-07 0.6062271189896007 
7.7985e-07     0.610234776279361 
7.8235e-07     0.6217221135029354 
7.848500000000001e-07 0.6243246641676514 
7.873500000000001e-07 0.6326130133783823 
7.8985e-07     0.6345702972929933 
7.9235e-07     0.641946683073899 
7.948500000000001e-07 0.6504847925308841 
7.973500000000001e-07 0.6524194213455473 
7.998500000000001e-07 0.6557056388756068 
8.0235e-07     0.6627548401254607 
8.0485e-07     0.6627593306804502 
8.073500000000001e-07 0.6678223973980677 
8.098500000000001e-07 0.6692759295499021 
8.1235e-07     0.6715867757804476 
8.1485e-07     0.6972054440806695 
8.173500000000001e-07 0.676320939334638 
8.198500000000001e-07 0.678082191780822 
8.223500000000001e-07 0.6786356363690726 
8.2485e-07     0.6798434442270059 
8.2735e-07     0.6798434442270059 
8.298500000000001e-07 0.6792835727334635 
8.323500000000001e-07 0.678082191780822 
8.3485e-07     0.678082191780822 
8.3735e-07     0.6540280708858116 
8.398500000000001e-07 0.6740561771293608 
8.423500000000001e-07 0.6710371819960862 
8.448500000000001e-07 0.6672082924116091 
8.4735e-07     0.6652322080256313 
8.498500000000001e-07 0.6581114996810526 
8.523500000000001e-07 0.6561860277102975 
8.548500000000001e-07 0.6528897663019865 
8.5735e-07     0.6440596563740079 
8.5985e-07     0.6420566476486226 
8.623500000000001e-07 0.6388655735690227 
8.648500000000001e-07 0.6283768341052918 
8.6735e-07     0.6243845305140043 
8.6985e-07     0.6129158512720156 
8.723500000000001e-07 0.6121056729530209 
8.748500000000001e-07 0.6019833697981183 
8.773500000000001e-07 0.5962223455589616 
8.7985e-07     0.5847358121330725 
8.8235e-07     0.5770737457941975 
8.848500000000001e-07 0.5732672838338341 
8.873500000000001e-07 0.549386848287849 
8.8985e-07     0.5557287018668281 
8.9235e-07     0.5436112880774049 
8.948500000000001e-07 0.5309249695838886 
8.973500000000001e-07 0.5287730452086462 
8.998500000000001e-07 0.5173387320574416 
9.0235e-07     0.5007273780679659 
9.048500000000001e-07 0.5005763353610074 
9.073500000000001e-07 0.487095622288141 
9.098500000000001e-07 0.4772994129158513 
9.1235e-07     0.4723230656620141 
9.1485e-07     0.4570529730084185 
9.173500000000001e-07 0.4334811217857324 
9.198500000000001e-07 0.4379663344274115 
9.223500000000001e-07 0.4324260370216892 
9.2485e-07     0.4181474582883092 
9.273500000000001e-07 0.407967680137572 
9.298500000000001e-07 0.4019233404848415 
9.323500000000001e-07 0.3826764036586982 
9.3485e-07     0.3801392285510868 
9.3735e-07     0.3737660254971935 
9.398500000000001e-07 0.3610567514677104 
9.423500000000001e-07 0.3516080666720721 
9.4485e-07     0.3478252493320605 
9.4735e-07     0.3239454690568948 
9.498500000000001e-07 0.3302998514381385 
9.523500000000001e-07 0.3183345205037819 
9.548500000000001e-07 0.3055993251927594 
9.5735e-07     0.3056292950905187 
9.5985e-07     0.2955877343042507 
9.6235e-07     0.2915004066621588 
9.6485e-07     0.2800391389432485 
9.673499999999999e-07 0.2774689327624197 
9.698499999999999e-07 0.2724815586840344 
9.723500000000001e-07 0.2620385845554047 
9.748500000000001e-07 0.2580151474712196 
9.773500000000001e-07 0.2496928580454809 
9.7985e-07     0.2495705688538608 
9.8235e-07     0.2439203484286987 
9.8485e-07     0.2373660126674691 
9.873500000000002e-07 0.2372123874635476 
9.898500000000001e-07 0.2321782230869285 
9.923500000000001e-07 0.2307240704500979 
9.948500000000001e-07 0.2283572137283098 
9.973500000000001e-07 0.225440313111546 
9.9985e-07     0.2033016696506907 
1.00235e-06    0.2219178082191781 
1.00485e-06    0.2214124491249209 
1.00735e-06    0.2201565557729941 
1.00985e-06    0.2201565557729941 
1.01235e-06    0.2206760118835245 
1.01485e-06    0.2219178082191781 
1.01735e-06    0.2219178082191781 
1.01985e-06    0.2455073716880419 
1.02235e-06    0.225440313111546 
1.02485e-06    0.227786729944583 
1.02735e-06    0.2328618487159714 
1.02985e-06    0.2348178741992752 
1.03235e-06    0.2418304263990946 
1.03485e-06    0.2418355904771294 
1.03735e-06    0.2474721172551995 
1.03985e-06    0.2558765818993302 
1.04235e-06    0.2579831465418891 
1.04485e-06    0.2612052822991341 
1.04735e-06    0.2716856664075442 
1.04985e-06    0.2738730190205662 
1.05235e-06    0.2853228962818004 
1.05485e-06    0.2879609487518793 
1.05735e-06    0.2980628214579971 
1.05985e-06    0.3020389224310042 
1.06235e-06    0.3135029354207437 
1.06485e-06    0.3178378736396424 
1.06735e-06    0.3301305466026173 
1.06985e-06    0.348281669453862 
1.07235e-06    0.3430981935572708 
1.07485e-06    0.3544717676610348 
1.07735e-06    0.3690016406429939 
1.07985e-06    0.3689546401093637 
1.08235e-06    0.3813934165109354 
1.08485e-06    0.3992635740526212 
1.08735e-06    0.3971489010146406 
1.08985e-06    0.4095790136033451 
1.09235e-06    0.4254024153914019 
1.09485e-06    0.427600289218949 
1.09735e-06    0.4411377835082538 
1.09985e-06    0.4654949235165791 
1.10235e-06    0.4558737335479683 
1.10485e-06    0.471092750239761 
1.10735e-06    0.4819031367968284 
1.10985e-06    0.4902239682226187 
1.11235e-06    0.495788019278924 
1.11485e-06    0.5125205978634163 
1.11735e-06    0.5201932966054275 
1.11985e-06    0.5239510041161324 
1.12235e-06    0.5382958433288827 
1.12485e-06    0.5464224409397048 
1.12735e-06    0.5521142546174805 
1.12985e-06    0.565362035225049 
1.13235e-06    0.568553541581644 
1.13485e-06    0.5799005943856612 
1.13735e-06    0.585530533384243 
1.13985e-06    0.601788741505682 
1.14235e-06    0.6044187209917649 
1.14485e-06    0.6084217645265018 
1.14735e-06    0.6199608610567515 
1.14985e-06    0.6204771497187923 
1.15235e-06    0.6278407328423589 
1.15485e-06    0.6379858456867278 
1.15735e-06    0.639677807203529 
1.15985e-06    0.6499021526418787 
1.16235e-06    0.6486694790809375 
1.16485e-06    0.6555471220344474 
1.16735e-06    0.6624804775625933 
1.16985e-06    0.6627354832055925 
1.17235e-06    0.6657534246575342 
1.17485e-06    0.6696227715819867 
1.17735e-06    0.671577995425033 
1.17985e-06    0.6727984344422701 
1.18235e-06    0.6966819991230651 
1.18485e-06    0.678082191780822 
1.18735e-06    0.6786288761938126 
1.18985e-06    0.6798434442270059 
1.19235e-06    0.6798434442270059 
1.19485e-06    0.6792957455141728 
1.19735e-06    0.678082191780822 
1.19985e-06    0.678082191780822 
1.20235e-06    0.6539561271553063 
1.20485e-06    0.674559686888454 
1.20735e-06    0.6722759661083247 
1.20985e-06    0.6672245107867144 
1.21235e-06    0.6652282082644383 
1.21485e-06    0.6600052000626155 
1.21735e-06    0.6581961533162791 
1.21985e-06    0.6530298912793654 
1.22235e-06    0.6446183953033269 
1.22485e-06    0.6458956267450675 
1.22735e-06    0.6385183526546764 
1.22985e-06    0.6284231438434821 
1.23235e-06    0.6266118178716439 
1.23485e-06    0.6164383561643836 
1.23735e-06    0.6138577477034186 
1.23985e-06    0.6037671521386497 
1.24235e-06    0.5992397747244647 
1.24485e-06    0.5864970645792563 
1.24735e-06    0.5838906543125298 
1.24985e-06    0.5719283825877839 
1.25235e-06    0.5511978163967871 
1.25485e-06    0.559247546111353 
1.25735e-06    0.546875138100834 
1.25985e-06    0.5416756557146196 
1.26235e-06    0.5238351921977269 
1.26485e-06    0.5186601082553337 
1.26735e-06    0.5134056746396983 
1.26985e-06    0.4936894624572993 
1.27235e-06    0.490466167114213 
1.27485e-06    0.4764542753392751 
1.27735e-06    0.4746399158333596 
1.27985e-06    0.4621590503132818 
1.28235e-06    0.4333999045586133 
1.28485e-06    0.4442401525535203 
1.28735e-06    0.4308038854551326 
1.28985e-06    0.4202991030478608 
1.29235e-06    0.4148552340850828 
1.29485e-06    0.4008491068087861 
1.29735e-06    0.3897554095287373 
1.29985e-06    0.3867084434011158 
1.30235e-06    0.3727199092102862 
1.30485e-06    0.3620367532396309 
1.30735e-06    0.3584595312521207 
1.30985e-06    0.3444199024711356 
1.31235e-06    0.326260636962823 
1.31485e-06    0.3320415239127405 
1.31735e-06    0.3214290758479889 
1.31985e-06    0.3161822664994349 
1.32235e-06    0.3029354207436399 
1.32485e-06    0.300372524488622 
1.32735e-06    0.2901562997678981 
1.32985e-06    0.2861999276040381 
1.33235e-06    0.2747553816046967 
1.33485e-06    0.2721480738763075 
1.33735e-06    0.2638158528468879 
1.33985e-06    0.2603459115700764 
1.34235e-06    0.2500978473581214 
1.34485e-06    0.2513185176031695 
1.34735e-06    0.2462404600834993 
1.34985e-06    0.2425035968224018 
1.35235e-06    0.2354154399696447 
1.35485e-06    0.2354493412521474 
1.35735e-06    0.2303640302314475 
1.35985e-06    0.2283640412546003 
1.36235e-06    0.22720156555773 
1.36485e-06    0.2032480214533404 
1.36735e-06    0.223679060665362 
1.36985e-06    0.2214346456128912 
1.37235e-06    0.2201565557729941 
1.37485e-06    0.2201565557729941 
1.37735e-06    0.2206590366021043 
1.37985e-06    0.2219178082191781 
1.38235e-06    0.2219178082191781 
1.38485e-06    0.2456000055884469 
1.38735e-06    0.225440313111546 
1.38985e-06    0.2277965048151523 
1.39235e-06    0.2328540011040108 
1.39485e-06    0.2330488627276702 
1.39735e-06    0.2400333850905388 
1.39985e-06    0.2400875772746075 
1.40235e-06    0.2469371804370225 
1.40485e-06    0.2553816046966732 
1.40735e-06    0.2541721511287163 
1.40985e-06    0.2615512620664621 
1.41235e-06    0.2698769878796637 
1.41485e-06    0.2733383886686162 
1.41735e-06    0.2835616438356164 
1.41985e-06    0.2861978970026905 
1.42235e-06    0.2962776968983007 
1.42485e-06    0.3002650861069923 
1.42735e-06    0.3117416829745597 
1.42985e-06    0.3148758840043313 
1.43235e-06    0.3262720815859811 
1.43485e-06    0.3319822183468206 
1.43735e-06    0.3499474495942725 
1.43985e-06    0.3508923593605777 
1.44235e-06    0.357153354381187 
1.44485e-06    0.3763255264592446 
1.44735e-06    0.379033190571426 
1.44985e-06    0.3853327449196855 
1.45235e-06    0.4045677301996499 
1.45485e-06    0.4072237681203008 
1.45735e-06    0.4134978301034383 
1.45985e-06    0.4326819834644068 
1.46235e-06    0.4359820678420743 
1.46485e-06    0.4648176706204535 
1.46735e-06    0.4535924409217322 
1.46985e-06    0.4660579112797395 
1.47235e-06    0.4817577332769811 
1.47485e-06    0.4840067907118837 
1.47735e-06    0.4974820704134408 
1.47985e-06    0.5072407045009785 
1.48235e-06    0.5121678534088064 
1.48485e-06    0.5256215264307178 
1.48735e-06    0.5354207436399218 
1.48985e-06    0.5403192713161896 
1.49235e-06    0.5517354435478767 
1.49485e-06    0.5740186580221727 
1.49735e-06    0.5662565697216508 
1.49985e-06    0.5785950076418661 
1.50235e-06    0.5838407972482832 
1.50485e-06    0.5953033268101761 
1.50735e-06    0.597900795446804 
1.50985e-06    0.6098288842077352 
1.51235e-06    0.613774419560554 
1.51485e-06    0.6252446183953033 
1.51735e-06    0.6260989785703223 
1.51985e-06    0.6346935803573722 
1.52235e-06    0.638392108614947 
1.52485e-06    0.6416059924082117 
1.52735e-06    0.6534246575342466 
1.52985e-06    0.653754623029024 
1.53235e-06    0.6574723661958365 
1.53485e-06    0.6645876516409782 
1.53735e-06    0.6645260506119284 
1.53985e-06    0.6696118420311048 
1.54235e-06    0.6715729928785444 
1.54485e-06    0.6727984344422701 
1.54735e-06    0.6967609531279494 
1.54985e-06    0.676320939334638 
1.55235e-06    0.678082191780822 
1.55485e-06    0.6786414064460153 
1.55735e-06    0.6798434442270059 
1.55985e-06    0.6793550067818462 
1.56235e-06    0.678082191780822 
1.56485e-06    0.678082191780822 
1.56735e-06    0.6538703311946259 
1.56985e-06    0.674559686888454 
1.57235e-06    0.6722754084155484 
1.57485e-06    0.6689965446798144 
1.57735e-06    0.6670012806691493 
1.57985e-06    0.6600216341232735 
1.58235e-06    0.659955959068448 
1.58485e-06    0.654890032110066 
1.58735e-06    0.6446183953033269 
1.58985e-06    0.6458695646526016 
1.59235e-06    0.6402753879965742 
1.59485e-06    0.6317632300063408 
1.59735e-06    0.6279213354333919 
1.59985e-06    0.6164383561643836 
1.60235e-06    0.6156413869756542 
1.60485e-06    0.6056038107210633 
1.60735e-06    0.6015216111318581 
1.60985e-06    0.5900195694716243 
1.61235e-06    0.5856487116531284 
1.61485e-06    0.5749936419845643 
1.61735e-06    0.5697157159775883 
1.61985e-06    0.5442638502601896 
1.62235e-06    0.549212807587716 
1.62485e-06    0.5428609025451396 
1.62735e-06    0.53013698630137 
1.62985e-06    0.520673255214594 
1.63235e-06    0.5163828239435214 
1.63485e-06    0.5019569471624267 
1.63735e-06    0.4924805709965176 
1.63985e-06    0.4864225849738395 
1.64235e-06    0.4692035585761968 
1.64485e-06    0.4645298569633435 
1.64735e-06    0.4581125836079973 
1.64985e-06    0.4266446970332733 
1.65235e-06    0.4341569493308869 
1.65485e-06    0.4200683415761936 
1.65735e-06    0.4183552179114742 
1.65985e-06    0.4059303008554214 
1.66235e-06    0.3880093289367806 
1.66485e-06    0.3896826962040676 
1.66735e-06    0.3765264566262394 
1.66985e-06    0.3619634421129674 
1.67235e-06    0.3619680555642042 
1.67485e-06    0.3495417614243643 
1.67735e-06    0.3275750612387519 
1.67985e-06    0.333819713085207 
1.68235e-06    0.323766052635713 
1.68485e-06    0.3179345682868952 
1.68735e-06    0.3056699522574289 
1.68985e-06    0.3020854645435984 
1.69235e-06    0.2919871933652791 
1.69485e-06    0.2879446186491044 
1.69735e-06    0.2765166340508807 
1.69985e-06    0.2744207335512972 
1.70235e-06    0.2656010229339749 
1.70485e-06    0.2615897589120691 
1.70735e-06    0.2583459902227822 
1.70985e-06    0.2465753424657534 
1.71235e-06    0.2462633718603006 
1.71485e-06    0.2442528462584205 
1.71735e-06    0.2355424310652883 
1.71985e-06    0.2354399736324674 
1.72235e-06    0.2303752158809521 
1.72485e-06    0.2301386819127114 
1.72735e-06    0.22720156555773 
1.72985e-06    0.2030907205041248 
1.73235e-06    0.223679060665362 
1.73485e-06    0.2219178082191781 
1.73735e-06    0.2214030588248379 
1.73985e-06    0.2201565557729941 
1.74235e-06    0.2201565557729941 
1.74485e-06    0.2206928371997672 
1.74735e-06    0.2219178082191781 
1.74985e-06    0.2457403719674235 
1.75235e-06    0.225440313111546 
1.75485e-06    0.2277940950980174 
1.75735e-06    0.2310618728359545 
1.75985e-06    0.2330044268440261 
1.76235e-06    0.2400075433607805 
1.76485e-06    0.2400802990810825 
1.76735e-06    0.2451519993701553 
1.76985e-06    0.2471200965950212 
1.77235e-06    0.2589041095890411 
1.77485e-06    0.2592602450073349 
1.77735e-06    0.268092367192282 
1.77985e-06    0.2702990941263216 
1.78235e-06    0.2818003913894325 
1.78485e-06    0.2843593729830547 
1.78735e-06    0.2944216980256591 
1.78985e-06    0.2984464026694683 
1.79235e-06    0.3099804305283758 
1.79485e-06    0.3125850261040496 
1.79735e-06    0.324471798297051 
1.79985e-06    0.329015248005432 
1.80235e-06    0.3416829745596869 
1.80485e-06    0.3511256562353285 
1.80735e-06    0.3548696465221537 
1.80985e-06    0.3691702776086958 
1.81235e-06    0.377342100324222 
1.81485e-06    0.3830298271653171 
1.81735e-06    0.3996863612723145 
1.81985e-06    0.4056613207900707 
1.82235e-06    0.4112137960253813 
1.82485e-06    0.4256055444950023 
1.82735e-06    0.4356807726232488 
1.82985e-06    0.4399672523741862 
1.83235e-06    0.4710688652084827 
1.83485e-06    0.4641921925411424 
1.83735e-06    0.4711241863722263 
1.83985e-06    0.4890213576966834 
1.84235e-06    0.4941106354534104 
1.84485e-06    0.5102064956735959 
1.84735e-06    0.509878819764406 
1.84985e-06    0.5222982392795736 
1.85235e-06    0.5273859551951718 
1.85485e-06    0.5454397911989245 
1.85735e-06    0.5504232656787837 
1.85985e-06    0.5556405953779089 
1.86235e-06    0.5754106757120286 
1.86485e-06    0.5763048450159844 
1.86735e-06    0.5803032507740716 
1.86985e-06    0.5935420743639922 
1.87235e-06    0.5961590328487119 
1.87485e-06    0.6067624440225546 
1.87735e-06    0.6115510215122432 
1.87985e-06    0.6217221135029354 
1.88235e-06    0.6243440087267458 
1.88485e-06    0.6343978474705898 
1.88735e-06    0.6365044258381379 
1.88985e-06    0.6416183246988242 
1.89235e-06    0.6523375929924654 
1.89485e-06    0.6524685769877089 
1.89735e-06    0.6557109290388345 
1.89985e-06    0.6627836441507512 
1.90235e-06    0.6645273451192373 
1.90485e-06    0.6678225234340993 
1.90735e-06    0.6697869822832699 
1.90985e-06    0.6727984344422701 
1.91235e-06    0.6969390677092796 
1.91485e-06    0.676320939334638 
1.91735e-06    0.678082191780822 
1.91985e-06    0.67863850960748 
1.92235e-06    0.6798434442270059 
1.92485e-06    0.6798434442270059 
1.92735e-06    0.6792792419675288 
1.92985e-06    0.678082191780822 
1.93235e-06    0.6553039595150082 
1.93485e-06    0.674559686888454 
1.93735e-06    0.6722804665142139 
1.93985e-06    0.6710371819960862 
1.94235e-06    0.6672000512011232 
1.94485e-06    0.6652448944517383 
1.94735e-06    0.6566219553494206 
1.94985e-06    0.6549149601211469 
1.95235e-06    0.6528928628535096 
1.95485e-06    0.6410958904109589 
1.95735e-06    0.6408051585421928 
1.95985e-06    0.6320335856447452 
1.96235e-06    0.6318088129080449 
1.96485e-06    0.6244239625196825 
1.96735e-06    0.6129158512720156 
1.96985e-06    0.610363996668675 
1.97235e-06    0.600174603417635 
1.97485e-06    0.5963134444948005 
1.97735e-06    0.5801746088432185 
1.97985e-06    0.5773370564165189 
1.98235e-06    0.5714900459541147 
1.98485e-06    0.5493542573992859 
1.98735e-06    0.5557799680282163 
1.98985e-06    0.5417944042878252 
1.99235e-06    0.5329416940309383 
1.99485e-06    0.5275462882156778 
1.99735e-06    0.5135341079769332 
1.99985e-06    0.5025607810540641 
2.00235e-06    0.4993752044591705 
2.00485e-06    0.4853602210771889 
2.00735e-06    0.4746168578863696 
2.00985e-06    0.4661125783071871 
2.01235e-06    0.4604776642415794 
2.01485e-06    0.4316255111267239 
2.01735e-06    0.4361537652223427 
2.01985e-06    0.4301325477116444 
2.02235e-06    0.4128629645689507 
2.02485e-06    0.4082576369689163 
2.02735e-06    0.4019277955862824 
2.02985e-06    0.3809610448209929 
2.03235e-06    0.379608706994996 
2.03485e-06    0.3725421568128393 
2.03735e-06    0.3547322919144383 
2.03985e-06    0.3518756049869652 
2.04235e-06    0.3455040485630732 
2.04485e-06    0.322692905891589 
2.04735e-06    0.3236010035011185 
2.04985e-06    0.3197310516002395 
2.05235e-06    0.3082191780821918 
2.05485e-06    0.3038639431907583 
2.05735e-06    0.2937773224102004 
2.05985e-06    0.2897183350929668 
2.06235e-06    0.2782778864970646 
2.06485e-06    0.2756826685531281 
2.06735e-06    0.2674411809912835 
2.06985e-06    0.2654193744604009 
2.07235e-06    0.2580133220537115 
2.07485e-06    0.2496773440594791 
2.07735e-06    0.2475372887445714 
2.07985e-06    0.2442630319790998 
2.08235e-06    0.2373461192107105 
2.08485e-06    0.2372032626437927 
2.08735e-06    0.2321575362505353 
2.08985e-06    0.2307240704500979 
2.09235e-06    0.2283558476551803 
2.09485e-06    0.20269481628857 
2.09735e-06    0.223679060665362 
2.09985e-06    0.2219178082191781 
2.10235e-06    0.2214079742032884 
2.10485e-06    0.2201565557729941 
2.10735e-06    0.2201565557729941 
2.10985e-06    0.2206810070661614 
2.11235e-06    0.2219178082191781 
2.11485e-06    0.2219178082191781 
2.11735e-06    0.2454849724261082 
2.11985e-06    0.2260135489543165 
2.12235e-06    0.2289628180039139 
2.12485e-06    0.2328679516713147 
2.12735e-06    0.2348102299992412 
2.12985e-06    0.2419036101743779 
2.13235e-06    0.2438746629508909 
2.13485e-06    0.2471255960141106 
2.13735e-06    0.2559294555912613 
2.13985e-06    0.2580106300295707 
2.14235e-06    0.2611521443448964 
2.14485e-06    0.2716963768522175 
2.14735e-06    0.275625659964807 
2.14985e-06    0.2870841487279844 
2.15235e-06    0.2879622247264667 
2.15485e-06    0.2980977777253341 
2.15735e-06    0.3037853461636878 
2.15985e-06    0.3152641878669276 
2.16235e-06    0.322925258049294 
2.16485e-06    0.3266896561824364 
2.16735e-06    0.3413739397796041 
2.16985e-06    0.3443259899840918 
2.17235e-06    0.3583586397648608 
2.17485e-06    0.3663405088062623 
2.17735e-06    0.3712248701208542 
2.17985e-06    0.3826789265206492 
2.18235e-06    0.3992578973186032 
2.18485e-06    0.3994198599395452 
2.18735e-06    0.4128872281673702 
2.18985e-06    0.4227005870841487 
2.19235e-06    0.4275994807804342 
2.19485e-06    0.4428486405011127 
2.19735e-06    0.4660352139369266 
2.19985e-06    0.4621658286591229 
2.20235e-06    0.4676426499678272 
2.20485e-06    0.4820107180208465 
2.20735e-06    0.4920728944211433 
2.20985e-06    0.4980732968633905 
2.21235e-06    0.5173140623051046 
2.21485e-06    0.5199476756769533 
2.21735e-06    0.52622979970095 
2.21985e-06    0.5389432485322897 
2.22235e-06    0.5483927432980238 
2.22485e-06    0.5521327632822011 
2.22735e-06    0.5672033539934241 
2.22985e-06    0.5697562918567932 
2.23235e-06    0.5817404047279319 
2.23485e-06    0.5944437064112483 
2.23735e-06    0.5943769385805086 
2.23985e-06    0.604461527056173 
2.24235e-06    0.6084549850358857 
2.24485e-06    0.6199608610567515 
2.24735e-06    0.6225405824325388 
2.24985e-06    0.6275082729435082 
2.25235e-06    0.6380023112780727 
2.25485e-06    0.6419369737332724 
2.25735e-06    0.6504628218175914 
2.25985e-06    0.650422955556493 
2.26235e-06    0.6560351007400923 
2.26485e-06    0.6627370938177884 
2.26735e-06    0.6627512931502609 
2.26985e-06    0.6678014647776129 
2.27235e-06    0.6692759295499021 
2.27485e-06    0.6715818039368171 
2.27735e-06    0.674559686888454 
2.27985e-06    0.6966588439908502 
2.28235e-06    0.678082191780822 
2.28485e-06    0.6786305300975672 
2.28735e-06    0.6798434442270059 
2.28985e-06    0.6798434442270059 
2.29235e-06    0.6792898527549336 
2.29485e-06    0.678082191780822 
2.29735e-06    0.678082191780822 
2.29985e-06    0.6540177589478632 
2.30235e-06    0.674559686888454 
2.30485e-06    0.6722810038835009 
2.30735e-06    0.6672156810262413 
2.30985e-06    0.665227776208749 
2.31235e-06    0.6581867905859372 
2.31485e-06    0.658210803996823 
2.31735e-06    0.6525829133291006 
2.31985e-06    0.6441538772746473 
2.32235e-06    0.6420849209541198 
2.32485e-06    0.6388116503559247 
2.32735e-06    0.6284066006536037 
2.32985e-06    0.6261384668980384 
2.33235e-06    0.6146771037181996 
2.33485e-06    0.6120933169946604 
2.33735e-06    0.6020065459376456 
2.33985e-06    0.5979735551298481 
2.34235e-06    0.5864970645792563 
2.34485e-06    0.5821701431704978 
2.34735e-06    0.5698550625837093 
2.34985e-06    0.5516352688024256 
2.35235e-06    0.5569679070753197 
2.35485e-06    0.5456153181278743 
2.35735e-06    0.5310100485177981 
2.35985e-06    0.5310570593518655 
2.36235e-06    0.5186338160738819 
2.36485e-06    0.5007298488873169 
2.36735e-06    0.5028671923617342 
2.36985e-06    0.4904393128023752 
2.37235e-06    0.4746426815807858 
2.37485e-06    0.4723191314431228 
2.37735e-06    0.458762342673173 
2.37985e-06    0.4338659758095591 
2.38235e-06    0.4442804691545687 
2.38485e-06    0.4290593691791428 
2.38735e-06    0.41827513066038 
2.38985e-06    0.4098359959723538 
2.39235e-06    0.404226462148648 
2.39485e-06    0.3878788174384949 
2.39735e-06    0.3798680562596726 
2.39985e-06    0.3760629430572927 
2.40235e-06    0.3619170419734971 
2.40485e-06    0.3535566735931502 
2.40735e-06    0.3478415293760104 
2.40985e-06    0.3244826787695922 
2.41235e-06    0.3315207533776918 
2.41485e-06    0.3201784698832368 
2.41735e-06    0.3144751887392257 
2.41985e-06    0.2983248998232193 
2.42235e-06    0.2956273702445967 
2.42485e-06    0.2915370880971981 
2.42735e-06    0.2800391389432485 
2.42985e-06    0.279541912527322 
2.43235e-06    0.2721642082928915 
2.43485e-06    0.2620536618257482 
2.43735e-06    0.2603255796497383 
2.43985e-06    0.2500978473581214 
2.44235e-06    0.2513210104547056 
2.44485e-06    0.2444562074347857 
2.44735e-06    0.2374789041017392 
2.44985e-06    0.2372291717260419 
2.45235e-06    0.2342465753424658 
2.45485e-06    0.230351075440789 
2.45735e-06    0.2283581029067746 
2.45985e-06    0.22720156555773 
2.46235e-06    0.2032485630084319 
2.46485e-06    0.2219178082191781 
2.46735e-06    0.2214206182710017 
2.46985e-06    0.2201565557729941 
2.47235e-06    0.2201565557729941 
2.47485e-06    0.2206682491892995 
2.47735e-06    0.2219178082191781 
2.47985e-06    0.2219178082191781 
2.48235e-06    0.2455289934569745 
2.48485e-06    0.225440313111546 
2.48735e-06    0.2277906373143657 
2.48985e-06    0.2328617021078253 
2.49235e-06    0.2348155243360099 
2.49485e-06    0.2400388795365379 
2.49735e-06    0.2418497980243136 
2.49985e-06    0.2474741016210704 
2.50235e-06    0.2558549620888164 
2.50485e-06    0.2541488292855679 
2.50735e-06    0.2615355254039374 
2.50985e-06    0.2716553771429468 
2.51235e-06    0.273438941011748 
2.51485e-06    0.2835616438356164 
2.51735e-06    0.2862026854312305 
2.51985e-06    0.2962802454697553 
2.52235e-06    0.3007600091512344 
2.52485e-06    0.3135029354207437 
2.52735e-06    0.3161157215219036 
2.52985e-06    0.3280844756389908 
2.53235e-06    0.3486996195035216 
2.53485e-06    0.3408123125680977 
2.53735e-06    0.3532125016975215 
2.53985e-06    0.3583316578688205 
2.54235e-06    0.3763121729888982 
2.54485e-06    0.381335683554608 
2.54735e-06    0.3865466616499141 
2.54985e-06    0.4063280937934746 
2.55235e-06    0.4095565319098684 
2.55485e-06    0.4235934223421874 
2.55735e-06    0.4253224907732495 
2.55985e-06    0.4377864004820816 
2.56235e-06    0.4660165757327439 
2.56485e-06    0.455922460187682 
2.56735e-06    0.4693372645814261 
2.56985e-06    0.4799170373172818 
2.57235e-06    0.4852059777144515 
2.57485e-06    0.4992041118594428 
2.57735e-06    0.5105441944802634 
2.57985e-06    0.5133516635300792 
2.58235e-06    0.5273671360713418 
2.58485e-06    0.5381401715175937 
