
time (s)       VT("/out") (V)


2.75e-08       0.5427302932481471 
3e-08          0.5565557729941292 
3.25e-08       0.5637573954733526 
3.5e-08        0.5690836190506775 
3.75e-08       0.5801066151261289 
4e-08          0.5850068167110188 
4.25e-08       0.5970645792563601 
4.500000000000001e-08 0.6006912984138462 
4.75e-08       0.6109089235571951 
5e-08          0.6148094904925251 
5.25e-08       0.6252446183953033 
5.5e-08        0.6287956437212154 
5.750000000000001e-08 0.6372571479192707 
6.000000000000001e-08 0.6403154959429394 
6.250000000000001e-08 0.6497629788963148 
6.5e-08        0.6492028275798926 
6.75e-08       0.6544203382296497 
7e-08          0.6579907242316448 
7.249999999999999e-08 0.6641394703758594 
7.5e-08        0.6650453659142692 
7.75e-08       0.6701493142675112 
8e-08          0.671973123112557 
8.25e-08       0.6729445375793334 
8.500000000000001e-08 0.6886040441632785 
8.750000000000001e-08 0.6764859045828393 
9e-08          0.6789995858083244 
9.25e-08       0.6798434442270059 
9.5e-08        0.6798434442270059 
9.750000000000001e-08 0.6789329329809173 
1e-07          0.678082191780822 
1.025e-07      0.6779199751740763 
1.05e-07       0.6620067116811152 
1.075e-07      0.6744265339191724 
1.1e-07        0.6717465311430237 
1.125e-07      0.6670948085215955 
1.15e-07       0.6664660476402908 
1.175e-07      0.6604696673189824 
1.2e-07        0.6593091444018627 
1.225e-07      0.652586059628486 
1.25e-07       0.6447502675791312 
1.275e-07      0.6452180135108229 
1.3e-07        0.6375879290062324 
1.325e-07      0.6291330935611649 
1.35e-07       0.6260200633620577 
1.375e-07      0.6164383561643836 
1.4e-07        0.6128079729083236 
1.425e-07      0.6027603961583512 
1.45e-07       0.5986839928182466 
1.475e-07      0.5882583170254404 
1.5e-07        0.5836732193245796 
1.525e-07      0.5725617027400569 
1.55e-07       0.5669182652836962 
1.575e-07      0.5470119700519209 
1.6e-07        0.5479982529157308 
1.625e-07      0.5412603466755075 
1.65e-07       0.5244519511229353 
1.675e-07      0.5197956417886178 
1.7e-07        0.5131364121395704 
1.725e-07      0.495976474984948 
1.75e-07       0.4915936659913719 
1.775e-07      0.4848394296482646 
1.8e-07        0.4681201241450589 
1.825e-07      0.4623736932484705 
1.85e-07       0.449119373776908 
1.875e-07      0.4453503323314426 
1.9e-07        0.432535046135068 
1.925e-07      0.4187789387528548 
1.95e-07       0.4146215236562082 
1.975e-07      0.4009911740200783 
2e-07          0.3926357608125344 
2.025e-07      0.3864322772745296 
2.05e-07       0.3728544259584731 
2.075e-07      0.3644535513483562 
2.1e-07        0.3582346511625267 
2.125e-07      0.3470834385481902 
2.15e-07       0.3286750614410642 
2.175e-07      0.3326163974034413 
2.2e-07        0.3200165558593381 
2.225e-07      0.3151154850010686 
2.25e-07       0.3046966731898239 
2.275e-07      0.3009128349887736 
2.3e-07        0.2891475188859223 
2.325e-07      0.2851283433862458 
2.35e-07       0.2748849261220452 
2.375e-07      0.2728511419200237 
2.4e-07        0.265506963445627 
2.425e-07      0.2606410440790221 
2.45e-07       0.2576723117795581 
2.475e-07      0.2467186944738371 
2.5e-07        0.245585877000202 
2.525e-07      0.2419645104826086 
2.55e-07       0.2360078277886497 
2.575e-07      0.2349135373022493 
2.6e-07        0.2298389223079543 
2.625e-07      0.2280149108795281 
2.65e-07       0.2270193915674474 
2.675e-07      0.2112107196459456 
2.7e-07        0.2235423941788729 
2.725e-07      0.2219178082191781 
2.75e-07       0.2210142126633566 
2.775e-07      0.2201565557729941 
2.8e-07        0.2210396809456642 
2.825e-07      0.2219178082191781 
2.85e-07       0.2220514322772321 
2.875e-07      0.2375620789604244 
2.9e-07        0.2256145681027389 
2.925e-07      0.2281654710744911 
2.95e-07       0.2315984982119863 
2.975e-07      0.2335681904492345 
3e-07          0.2395303326810176 
3.025e-07      0.2406197662327658 
3.05e-07       0.2458448665798141 
3.075e-07      0.2552341756460348 
3.1e-07        0.2547048569277061 
3.125e-07      0.2608415632591048 
3.15e-07       0.2681915223603678 
3.175e-07      0.2731407137227626 
3.2e-07        0.2834090016581605 
3.225e-07      0.2854763662032059 
3.25e-07       0.2955509037901365 
3.275e-07      0.2995422749227192 
3.3e-07        0.3101204877821453 
3.325e-07      0.3154141367099992 
3.35e-07       0.3264631603667768 
3.375e-07      0.3314347512584576 
3.4e-07        0.3492812473787166 
3.425e-07      0.3520800501439271 
3.45e-07       0.3585964609079311 
3.475e-07      0.3699956342803548 
3.5e-07        0.3804305283757339 
3.525e-07      0.3851183717889063 
3.55e-07       0.3981785215119235 
3.575e-07      0.409082687421665 
3.6e-07        0.4149683104711522 
3.625e-07      0.4304210034976902 
3.65e-07       0.4366032577797113 
3.675e-07      0.4433166675379899 
3.7e-07        0.4596868884540117 
3.725e-07      0.4674666776187206 
3.75e-07       0.4793657556730961 
3.775e-07      0.4829057863833668 
3.8e-07        0.4957487382435821 
3.825e-07      0.5112839494780516 
3.85e-07       0.5119761405506373 
3.875e-07      0.5247511200939095 
3.9e-07        0.5374290940908166 
3.925e-07      0.5392300632770429 
3.95e-07       0.5519485294362863 
3.975e-07      0.5697019261041066 
4e-07          0.5672989368845357 
4.025e-07      0.5775206504786061 
4.05e-07       0.5831330514004189 
4.075e-07      0.5948893710206489 
4.1e-07        0.5989676113409865 
4.125e-07      0.609097728340966 
4.15e-07       0.613064045396943 
4.175e-07      0.6234833659491195 
4.2e-07        0.6262729394396949 
4.225e-07      0.6354753642059359 
4.25e-07       0.6393043602757075 
4.275e-07      0.6422772812455653 
4.3e-07        0.6532957302026099 
4.325e-07      0.6542717910657523 
4.35e-07       0.6563676527814994 
4.375e-07      0.6640222229930188 
4.4e-07        0.6650542245382751 
4.425e-07      0.6697747169907644 
4.45e-07       0.6703310893314978 
4.475e-07      0.6729432489121455 
4.5e-07        0.6887452514286595 
4.525e-07      0.6764848804510107 
4.55e-07       0.678082191780822 
4.575e-07      0.6790180019013052 
4.6e-07        0.6798434442270059 
4.625e-07      0.6798434442270059 
4.65e-07       0.6789115553180092 
4.675e-07      0.6779340128296191 
4.7e-07        0.6618068488236393 
4.725e-07      0.6744299989517394 
4.75e-07       0.6718840498643543 
4.775000000000001e-07 0.6684910066732155 
4.800000000000001e-07 0.6665080190728676 
4.825e-07      0.6604696673189824 
4.85e-07       0.6594348473936807 
4.875e-07      0.654368486676588 
4.9e-07        0.6522257051192238 
4.924999999999999e-07 0.641226084642636 
4.95e-07       0.6401378293545653 
4.975e-07      0.6314396098141767 
5.000000000000001e-07 0.6286533211325608 
5.025000000000001e-07 0.6181996086105676 
5.05e-07       0.6146520916358185 
5.075e-07      0.6046030412665271 
5.1e-07        0.6005033604036601 
5.125e-07      0.5900195694716243 
5.149999999999999e-07 0.5862373006780411 
5.174999999999999e-07 0.5744845251464393 
5.200000000000001e-07 0.5694836603935464 
5.225000000000001e-07 0.5511330106847443 
5.250000000000001e-07 0.5477495107632094 
5.275e-07      0.5439533023067642 
5.3e-07        0.5305792555506104 
5.325e-07      0.5210669467434098 
5.35e-07       0.5157222693096301 
5.374999999999999e-07 0.5004057214621165 
5.399999999999999e-07 0.4927356758569981 
5.425000000000001e-07 0.4875447276673415 
5.450000000000001e-07 0.4739592688718239 
5.475000000000001e-07 0.4632093933463797 
5.5e-07        0.4582878624575302 
5.525e-07      0.4420743639921722 
5.55e-07       0.4343683208166799 
5.575e-07      0.4277354953421341 
5.599999999999999e-07 0.4116099444960549 
5.624999999999999e-07 0.4045183291315084 
5.650000000000001e-07 0.390288345385408 
5.675000000000001e-07 0.388994865182861 
5.7e-07        0.3763565771790842 
5.725e-07      0.3714241643609394 
5.75e-07       0.3552657734366622 
5.775e-07      0.3481526248476235 
5.8e-07        0.3431076150990064 
5.824999999999999e-07 0.3215819263940874 
5.850000000000001e-07 0.3227352997338662 
5.875000000000001e-07 0.3185214515095838 
5.900000000000001e-07 0.3064579256360078 
5.925e-07      0.3028002950615555 
5.95e-07       0.2918233734674496 
5.975e-07      0.2878100900485229 
6e-07          0.2782778864970646 
6.024999999999999e-07 0.2746155132010302 
6.049999999999999e-07 0.2652165879167034 
6.075000000000001e-07 0.2624029076856356 
6.100000000000001e-07 0.2576982444253784 
6.125000000000001e-07 0.2494240718559841 
6.15e-07       0.246574711236438 
6.175e-07      0.2437274825200806 
6.2e-07        0.2374887930023786 
6.225e-07      0.2350558294759032 
6.249999999999999e-07 0.2316209832584686 
6.274999999999999e-07 0.2296250212603697 
6.300000000000001e-07 0.2270226640753769 
6.325000000000001e-07 0.2110323841428809 
6.350000000000001e-07 0.2235441541452043 
6.375e-07      0.2219178082191781 
6.4e-07        0.2210154321075194 
6.425e-07      0.2201565557729941 
6.45e-07       0.2201565557729941 
6.474999999999999e-07 0.2210790906335702 
6.499999999999999e-07 0.2219178082191781 
6.525000000000001e-07 0.2362247940825651 
6.550000000000001e-07 0.2255955797774137 
6.575000000000001e-07 0.2281535342927494 
6.6e-07        0.2291081331443637 
6.625e-07      0.2334180619793243 
6.65e-07       0.235327643567826 
6.675e-07      0.243868669880954 
6.699999999999999e-07 0.2456740080372028 
6.724999999999999e-07 0.247791284888922 
6.750000000000001e-07 0.2587664304272527 
6.775000000000001e-07 0.2599129833347258 
6.800000000000001e-07 0.2684143651475521 
6.825e-07      0.2688610720718988 
6.85e-07       0.2766405572585219 
6.875e-07      0.2870841487279844 
6.9e-07        0.2907493491234911 
6.924999999999999e-07 0.3009408884166516 
6.949999999999999e-07 0.3047414793184021 
6.975000000000001e-07 0.3192998103362718 
7.000000000000001e-07 0.3238553377583302 
7.025000000000001e-07 0.3295300145896022 
7.05e-07       0.3418776493465254 
7.075e-07      0.3454694145736932 
7.1e-07        0.3592954990215264 
7.125e-07      0.3677664397153047 
7.149999999999999e-07 0.373639917160683 
7.175000000000001e-07 0.3874755381604696 
7.200000000000001e-07 0.3980430528375734 
7.225000000000001e-07 0.4018231798060221 
7.25e-07       0.4162151156326145 
7.275e-07      0.4258810062066657 
7.3e-07        0.4353824064091695 
7.325e-07      0.4406298444040828 
7.35e-07       0.4561643835616438 
7.374999999999999e-07 0.465575950737242 
7.400000000000001e-07 0.4714010203577162 
7.425000000000001e-07 0.4867288739606229 
7.450000000000001e-07 0.4929966005026472 
7.475e-07      0.4996481042841473 
7.5e-07        0.5183664991229651 
7.525e-07      0.5220408609191767 
7.55e-07       0.528649384326919 
7.574999999999999e-07 0.5447162084393025 
7.599999999999999e-07 0.5493252480711293 
7.625000000000001e-07 0.5558791257211322 
7.650000000000001e-07 0.5742090610380348 
7.675000000000001e-07 0.5776908023483366 
7.7e-07        0.5813417843913643 
7.725e-07      0.591910011936471 
7.75e-07       0.5972011486348063 
7.775e-07      0.6072838704573104 
7.799999999999999e-07 0.6112915277470706 
7.824999999999999e-07 0.6217221135029354 
7.850000000000001e-07 0.6252579399778726 
7.875000000000001e-07 0.6336697648460927 
7.900000000000001e-07 0.6352275362752118 
7.925e-07      0.6428807319427959 
7.95e-07       0.649879205609562 
7.975e-07      0.6533507960400836 
8e-07          0.6562340146094617 
8.024999999999999e-07 0.6622309197651665 
8.049999999999999e-07 0.663287706414305 
8.075000000000001e-07 0.6683507731319229 
8.100000000000001e-07 0.6693983270163091 
8.125000000000001e-07 0.6721151515143028 
8.15e-07       0.6891256812645364 
8.175e-07      0.6764810842106237 
8.2e-07        0.678082191780822 
8.225e-07      0.6790150962899186 
8.249999999999999e-07 0.6798434442270059 
8.274999999999999e-07 0.6798434442270059 
8.300000000000001e-07 0.6789163936035902 
8.325000000000001e-07 0.678082191780822 
8.350000000000001e-07 0.677939215411563 
8.375e-07      0.6620803001090451 
8.4e-07        0.6735278013955059 
8.425e-07      0.670903922962561 
8.45e-07       0.6666799166777542 
8.474999999999999e-07 0.6647038322917767 
8.500000000000001e-07 0.6586398754149079 
8.525000000000001e-07 0.655258373977444 
8.550000000000001e-07 0.6523613905681314 
8.575e-07      0.6447969256389964 
8.6e-07        0.6411249934064023 
8.625e-07      0.6382214217389658 
8.65e-07       0.627320082637582 
8.675e-07      0.6233277790462946 
8.699999999999999e-07 0.6130302308517019 
8.725000000000001e-07 0.6110489214853105 
8.750000000000001e-07 0.6008071539446104 
8.775000000000001e-07 0.5951655940912511 
8.8e-07        0.5847358121330725 
8.825e-07      0.5759295499021526 
8.85e-07       0.572067264306394 
8.875e-07      0.5521572658668547 
8.899999999999999e-07 0.5545534533307096 
8.924999999999999e-07 0.5425545366096951 
8.950000000000001e-07 0.5314533453177437 
8.975000000000001e-07 0.5273248585987736 
9.000000000000001e-07 0.516139369631863 
9.025e-07      0.5012557538018211 
9.05e-07       0.4991286073770936 
9.075e-07      0.4855104950865765 
9.1e-07        0.4771669346229092 
9.124999999999999e-07 0.4707379384604495 
9.149999999999999e-07 0.4561643835616438 
9.175000000000001e-07 0.4455968688845401 
9.200000000000001e-07 0.4363812072258458 
9.225000000000001e-07 0.431251482029813 
9.25e-07       0.417619082554454 
9.275e-07      0.4063825529360074 
9.3e-07        0.4004829973903112 
9.325e-07      0.383204779392553 
9.349999999999999e-07 0.3789614455339597 
9.374999999999999e-07 0.3723207857447942 
9.400000000000001e-07 0.3609279078547087 
9.425000000000001e-07 0.3504892367906066 
9.450000000000001e-07 0.3466219287849576 
9.475e-07      0.3267236444814293 
9.5e-07        0.3291069074076512 
9.525e-07      0.3172777690360722 
9.55e-07       0.3062612379171442 
9.574999999999999e-07 0.304572543622809 
9.600000000000001e-07 0.2945309828365396 
9.625000000000001e-07 0.2904436551944476 
9.650000000000001e-07 0.2800391389432485 
9.675000000000001e-07 0.2764121812947086 
9.7e-07        0.2718166302377237 
9.725e-07      0.260981833087695 
9.75e-07       0.2571008253891292 
9.775e-07      0.2503885609394414 
9.799999999999999e-07 0.2490421931200059 
9.824999999999999e-07 0.2430084790448963 
9.849999999999999e-07 0.2377690802348336 
9.875000000000001e-07 0.2366840117296928 
9.900000000000001e-07 0.2316498473530736 
9.925e-07      0.2305634985694328 
9.95e-07       0.227828837994455 
9.975e-07      0.225440313111546 
1e-06          0.2112273056585135 
1.0025e-06     0.2219178082191781 
1.005e-06      0.2210195324312146 
1.0075e-06     0.2201565557729941 
1.01e-06       0.2201565557729941 
1.0125e-06     0.2210724474991429 
1.015e-06      0.2219178082191781 
1.0175e-06     0.2220549444159356 
1.02e-06       0.2374096794783682 
1.0225e-06     0.2255885861308516 
1.025e-06      0.2283151056784379 
1.0275e-06     0.2333902244498263 
1.03e-06       0.23534624993313 
1.0325e-06     0.2413020506652397 
1.035e-06      0.2423639662109843 
1.0375e-06     0.2483924975379925 
1.04e-06       0.2553362704047837 
1.0425e-06     0.258899854383465 
1.045e-06      0.2618711949619794 
1.0475e-06     0.2721844507831427 
1.05e-06       0.2749297704882759 
1.0525e-06     0.2853228962818004 
1.055e-06      0.289017700219589 
1.0575e-06     0.2991195729257068 
1.06e-06       0.3030956738987139 
1.0625e-06     0.3136324728246137 
1.065e-06      0.3188946251073522 
1.0675e-06     0.3311154598825832 
1.07e-06       0.3452653096898686 
1.0725e-06     0.3445504951017835 
1.075e-06      0.3556627869819576 
1.0775e-06     0.3683290546927717 
1.08e-06       0.3701417002533046 
1.0825e-06     0.3829785437125001 
1.085e-06      0.398589714287886 
1.0875e-06     0.3983318490018383 
1.09e-06       0.4111641408049097 
1.0925e-06     0.4248740396575471 
1.095e-06      0.4290595843961762 
1.0975e-06     0.4427229107098183 
1.1e-06        0.452641878669276 
1.1025e-06     0.4574588607495328 
1.105e-06      0.4726778774413256 
1.1075e-06     0.4822930868011358 
1.11e-06       0.4918090954241833 
1.1125e-06     0.4969817224169365 
1.115e-06      0.5125244618395304 
1.1175e-06     0.5213307240704501 
1.12e-06       0.5251412304289749 
1.1225e-06     0.5387065160286566 
1.125e-06      0.5480075681412694 
1.1275e-06     0.5532861660596529 
1.13e-06       0.565362035225049 
1.1325e-06     0.5700052310162173 
1.135e-06      0.5810930749371118 
1.1375e-06     0.5865872848519527 
1.14e-06       0.6011271304343491 
1.1425e-06     0.6054754724594745 
1.145e-06      0.6094785159942114 
1.1475e-06     0.6199608610567515 
1.15e-06       0.621135708170255 
1.1525e-06     0.6288974843100686 
1.155e-06      0.6384179424813338 
1.1575e-06     0.6403345965976107 
1.16e-06       0.6497644584887302 
1.1625e-06     0.6493273118969509 
1.165e-06      0.6560754977683023 
1.1675e-06     0.6628896891760721 
1.17e-06       0.6632638589394474 
1.1725e-06     0.6658759399153363 
1.175e-06      0.6701511473158416 
1.1775e-06     0.6719823519776903 
1.18e-06       0.6729404789448132 
1.1825e-06     0.6887563631152422 
1.185e-06      0.678082191780822 
1.1875e-06     0.6790129468639954 
1.19e-06       0.6798434442270059 
1.1925e-06     0.6798434442270059 
1.195e-06      0.6789232684412937 
1.1975e-06     0.678082191780822 
1.2e-06        0.6779189404671303 
1.2025e-06     0.6620214741871757 
1.205e-06      0.6744311661134413 
1.2075e-06     0.6717475903744698 
1.21e-06       0.6666961350528595 
1.2125e-06     0.6648275930294031 
1.215e-06      0.6601904069799762 
1.2175e-06     0.6576677775824242 
1.22e-06       0.6525015155455104 
1.2225e-06     0.6447395902990665 
1.225e-06      0.6452454262566675 
1.2275e-06     0.6374616011869667 
1.23e-06       0.6280469143701403 
1.2325e-06     0.6259739408194831 
1.235e-06      0.6164383561643836 
1.2375e-06     0.6128009962357089 
1.24e-06       0.6027104006709401 
1.2425e-06     0.5977876856697666 
1.245e-06      0.5864970645792563 
1.2475e-06     0.582701058979086 
1.25e-06       0.5708716311200742 
1.2525e-06     0.5539649323289397 
1.255e-06      0.5580612412455218 
1.2575e-06     0.5454230663121219 
1.26e-06       0.5404796980579355 
1.2625e-06     0.5243635679315817 
1.265e-06      0.5172164269787205 
1.2675e-06     0.5121888128560258 
1.27e-06       0.4942178381911542 
1.2725e-06     0.4890239677149584 
1.275e-06      0.47698265107313 
1.2775e-06     0.4734379884740494 
1.28e-06       0.4605739231117172 
1.2825e-06     0.4473581213307241 
1.285e-06      0.4427874257887159 
1.2875e-06     0.429218758253568 
1.29e-06       0.4197707273140059 
1.2925e-06     0.4136619896093863 
1.295e-06      0.3998043052837574 
1.2975e-06     0.3892367906066536 
1.3e-06        0.385519391175549 
1.3025e-06     0.3711347820087217 
1.305e-06      0.3616422542566487 
1.3075e-06     0.3572629645479304 
1.31e-06       0.3434442270058709 
1.3125e-06     0.3293018509967408 
1.315e-06      0.3309847724450308 
1.3175e-06     0.3199790442001109 
1.32e-06       0.3149910251690367 
1.3225e-06     0.3029354207436399 
1.325e-06      0.2993157730209123 
1.3275e-06     0.2890995483001885 
1.33e-06       0.2851431761363284 
1.3325e-06     0.2747553816046967 
1.335e-06      0.2712235162601234 
1.3375e-06     0.2627591013791782 
1.34e-06       0.2596779317199546 
1.3425e-06     0.2502380086107549 
1.345e-06      0.2507901418693146 
1.3475e-06     0.2455672673599614 
1.35e-06       0.241975221088547 
1.3525e-06     0.2359438157034996 
1.355e-06      0.2349209655182926 
1.3575e-06     0.2298356544975927 
1.36e-06       0.2280090298264824 
1.3625e-06     0.2270194764294904 
1.365e-06      0.2113014015553674 
1.3675e-06     0.2235430412234529 
1.37e-06       0.221032553539606 
1.3725e-06     0.2201565557729941 
1.375e-06      0.2201565557729941 
1.3775e-06     0.2210648140350485 
1.38e-06       0.2219178082191781 
1.3825e-06     0.2220543569534043 
1.385e-06      0.2374952943636183 
1.3875e-06     0.2256142086834741 
1.39e-06       0.2283248805490071 
1.3925e-06     0.2329221341147301 
1.395e-06      0.2335772384615251 
1.3975e-06     0.2395303326810176 
1.4e-06        0.2407487305636175 
1.4025e-06     0.2474655561708774 
1.405e-06      0.2552261589560375 
1.4075e-06     0.2548431069629625 
1.41e-06       0.2624765699626689 
1.4125e-06     0.2709337393473734 
1.415e-06      0.2740059954972025 
1.4175e-06     0.2835616438356164 
1.42e-06       0.2872546484704002 
1.4225e-06     0.2973344483660104 
1.425e-06      0.301321837574702 
1.4275e-06     0.3117416829745597 
1.43e-06       0.3163346302021102 
1.4325e-06     0.3274562072655547 
1.435e-06      0.3330389698145303 
1.4375e-06     0.3492891996865937 
1.44e-06       0.3520586302253741 
1.4425e-06     0.3587384815827516 
1.445e-06      0.3756625444380075 
1.4475e-06     0.3802231481034249 
1.45e-06       0.3868051199197414 
1.4525e-06     0.404039354465795 
1.455e-06      0.4084008755414227 
1.4575e-06     0.4150829573050029 
1.46e-06       0.4320616245034203 
1.4625e-06     0.4375671950436388 
1.465e-06      0.450880626223092 
1.4675e-06     0.4547803797129621 
1.47e-06       0.4676430384813041 
1.4725e-06     0.4812293575431262 
1.475e-06      0.4854611909310678 
1.4775e-06     0.4990671976150054 
1.48e-06       0.5073932721672972 
1.4825e-06     0.5136382831800158 
1.485e-06      0.5272066536322823 
1.4875e-06     0.5355608926331872 
1.49e-06       0.5417788658620599 
1.4925e-06     0.5529269520722376 
1.495e-06      0.5712100273556895 
1.4975e-06     0.5674576294512151 
1.5e-06        0.5800583050584102 
1.5025e-06     0.584897548715993 
1.505e-06      0.5953033268101761 
1.5075e-06     0.5990776644994106 
1.51e-06       0.610885635675445 
1.5125e-06     0.6148311710282638 
1.515e-06      0.6251175004548231 
1.5175e-06     0.6271557300380319 
1.52e-06       0.6345611236772433 
1.5225e-06     0.6393320796509905 
1.525e-06      0.6422645861390218 
1.5275e-06     0.6532948696010203 
1.53e-06       0.6544091195473748 
1.5325e-06     0.6580007419296914 
1.535e-06      0.6640592759071233 
1.5375e-06     0.6650544263457832 
1.54e-06       0.6701402177649597 
1.5425e-06     0.671968186416622 
1.545e-06      0.6729449479212569 
1.5475e-06     0.6886786105277097 
1.55e-06       0.6764847525033262 
1.5525e-06     0.678082191780822 
1.555e-06      0.679018079365679 
1.5575e-06     0.6798434442270059 
1.56e-06       0.6789544386963096 
1.5625e-06     0.678082191780822 
1.565e-06      0.677923510945952 
1.5675e-06     0.6619395428540291 
1.57e-06       0.6744269610755785 
1.5725e-06     0.6718799410063996 
1.575e-06      0.6684681689459595 
1.5775e-06     0.6664729049352945 
1.58e-06       0.6604696673189824 
1.5825e-06     0.6594275833345931 
1.585e-06      0.6542333895601576 
1.5875e-06     0.6447413195665717 
1.59e-06       0.6453411889187467 
1.5925e-06     0.6392186365288646 
1.595e-06      0.6319119000310196 
1.5975e-06     0.6268645839656821 
1.6e-06        0.6165670154275618 
1.6025e-06     0.6145846355079444 
1.605e-06      0.6045470592533536 
1.6075e-06     0.6004648596641484 
1.61e-06       0.5898957429359104 
1.6125e-06     0.5845919601854186 
1.615e-06      0.5735547229861162 
1.6175e-06     0.5684982647590044 
1.62e-06       0.5470408850010726 
1.6225e-06     0.5480344414908319 
1.625e-06      0.5414142740797717 
1.6275e-06     0.5300073206674799 
1.63e-06       0.5195694716242661 
1.6325e-06     0.5147976967419569 
1.635e-06      0.5018235485955942 
1.6375e-06     0.490895443794953 
1.64e-06       0.4849894834264566 
1.6425e-06     0.4697319343100517 
1.645e-06      0.4633272321428034 
1.6475e-06     0.4565274564064328 
1.65e-06       0.4403131115459882 
1.6525e-06     0.4327021875380733 
1.655e-06      0.4205967173100485 
1.6575e-06     0.4171756145557187 
1.66e-06       0.4043451736538569 
1.6625e-06     0.3886601653017516 
1.665e-06      0.3880975690025031 
1.6675e-06     0.3753354227568937 
1.67e-06       0.3626177704409889 
1.6725e-06     0.3607830936722606 
1.675e-06      0.3480929714916848 
1.6775e-06     0.3302169399080261 
1.68e-06       0.3327629616174973 
1.6825e-06     0.3225833933227636 
1.685e-06      0.3168778168191855 
1.6875e-06     0.3052768975069048 
1.69e-06       0.3010287130758887 
1.6925e-06     0.2909304418975694 
1.695e-06      0.2868878671813948 
1.6975e-06     0.2765166340508807 
1.7e-06        0.2737640233879593 
1.7025e-06     0.2645442714662651 
1.705e-06      0.2606756593488362 
1.7075e-06     0.2576641757876011 
1.71e-06       0.2467196740519207 
1.7125e-06     0.2457349961264458 
1.715e-06      0.2435795199424471 
1.7175e-06     0.2360078277886497 
1.72e-06       0.2349115978986125 
1.7225e-06     0.2302972732684478 
1.725e-06      0.2296103061788565 
1.7275e-06     0.2270202589595242 
1.73e-06       0.2111526846886238 
1.7325e-06     0.2235438642131531 
1.735e-06      0.2219178082191781 
1.7375e-06     0.22101311367737 
1.74e-06       0.2201565557729941 
1.7425e-06     0.2201565557729941 
1.745e-06      0.2210856384860116 
1.7475e-06     0.2220414040825414 
1.75e-06       0.2376350382412561 
1.7525e-06     0.2256103759045311 
1.755e-06      0.2281617308691193 
1.7575e-06     0.2315902485698093 
1.76e-06       0.2335328025778809 
1.7625e-06     0.2395303326810176 
1.765e-06      0.2406086748149374 
1.7675e-06     0.2456803751040102 
1.77e-06       0.2477909376740408 
1.7725e-06     0.2587626279375397 
1.775e-06      0.259929748275833 
1.7775e-06     0.2685980748275829 
1.78e-06       0.2713558455940314 
1.7825e-06     0.2818003913894325 
1.785e-06      0.2854161244507645 
1.7875e-06     0.2954784494933688 
1.79e-06       0.299503154137178 
1.7925e-06     0.3099804305283758 
1.795e-06      0.3137695508702796 
1.7975e-06     0.3255285497647607 
1.8e-06        0.3304683608198772 
1.8025e-06     0.341827740915095 
1.805e-06      0.3522504892367906 
1.8075e-06     0.3560615587369253 
1.81e-06       0.3695716281514442 
1.8125e-06     0.3789272275257866 
1.815e-06      0.3842169204317272 
1.8175e-06     0.3996760805831474 
1.82e-06       0.4072464479916353 
1.8225e-06     0.4123993490799016 
1.825e-06      0.4261339202288572 
1.8275e-06     0.4367906066536204 
1.83e-06       0.4415523795757508 
1.8325e-06     0.4579256360078278 
1.835e-06      0.465777319742707 
1.8375e-06     0.472324384627093 
1.84e-06       0.4884929819628285 
1.8425e-06     0.4955623524502117 
1.845e-06      0.509678119939741 
1.8475e-06     0.5110774906283544 
1.85e-06       0.5237552772461862 
1.8525e-06     0.5285681231680311 
1.855e-06      0.5449114154650696 
1.8575e-06     0.5518805335917407 
1.86e-06       0.556820002363435 
1.8625e-06     0.5747416980713993 
1.865e-06      0.5773615964836942 
1.8675e-06     0.5814921635304015 
1.87e-06       0.5935420743639922 
1.8725e-06     0.5972157843164216 
1.875e-06      0.6082268879759821 
1.8775e-06     0.612192981560302 
1.88e-06       0.6217221135029354 
1.8825e-06     0.6254007601944556 
1.885e-06      0.6348133430524999 
1.8875e-06     0.6375611773058476 
1.89e-06       0.6422437707074721 
1.8925e-06     0.6507524657909008 
1.895e-06      0.6533931872436153 
1.8975e-06     0.6562393047726893 
1.9e-06        0.6626080448592412 
1.9025e-06     0.6649403772651132 
1.905e-06      0.6683508991679542 
1.9075e-06     0.6703153580171248 
1.91e-06       0.672939782643083 
1.9125e-06     0.6888536114966299 
1.915e-06      0.6764843689706704 
1.9175e-06     0.678082191780822 
1.92e-06       0.6790169168102606 
1.9225e-06     0.6798434442270059 
1.925e-06      0.6798434442270059 
1.9275e-06     0.6789139649264549 
1.93e-06       0.678082191780822 
1.9325e-06     0.6632295955228533 
1.935e-06      0.6744419673670664 
1.9375e-06     0.67189130817501 
1.94e-06       0.6709192350529937 
1.9425e-06     0.666671675467267 
1.945e-06      0.6647165187178821 
1.9475e-06     0.6561994831487964 
1.95e-06       0.6543865843872906 
1.9525e-06     0.6522307620515505 
1.955e-06      0.6412234008480313 
1.9575e-06     0.6401545387592986 
1.96e-06       0.6316330574858968 
1.9625e-06     0.6311586601562829 
1.965e-06      0.6233672110519698 
1.9675e-06     0.6129158512720156 
1.97e-06       0.6093072452009624 
1.9725e-06     0.5991178519499223 
1.975e-06      0.5952566930270877 
1.9775e-06     0.5808409102029561 
1.98e-06       0.5761539053913177 
1.9825e-06     0.5704332944864019 
1.985e-06      0.5521278366277321 
1.9875e-06     0.5545884167294383 
1.99e-06       0.5407045009784736 
1.9925e-06     0.5324133182970819 
1.995e-06      0.526352178458704 
1.9975e-06     0.5125244618395304 
2e-06          0.5020324053202078 
2.0025e-06     0.498176078899269 
2.005e-06      0.4837750938756198 
2.0075e-06     0.4742353251675492 
2.01e-06       0.4645274511056181 
2.0125e-06     0.4592573042202068 
2.015e-06      0.4438356164383562 
2.0175e-06     0.4345686380207737 
2.02e-06       0.4286832304941456 
2.0225e-06     0.413391340302807 
2.025e-06      0.4070811822149181 
2.0275e-06     0.4003426683847134 
2.03e-06       0.3816178049715201 
2.0325e-06     0.378023579793427 
2.035e-06      0.3713460983090591 
2.0375e-06     0.3553982125253006 
2.04e-06       0.3506850904226499 
2.0425e-06     0.3440750314984467 
2.045e-06      0.3257323402778961 
2.0475e-06     0.3223091976516634 
2.05e-06       0.3186743001325267 
2.0525e-06     0.3081051713597925 
2.055e-06      0.3028071917230456 
2.0575e-06     0.2927205709424877 
2.06e-06       0.2886615836252541 
2.0625e-06     0.2782778864970646 
2.065e-06      0.2747527879438921 
2.0675e-06     0.2663844295235708 
2.07e-06       0.2647502673881568 
2.0725e-06     0.2571070889807252 
2.075e-06      0.2503060804173543 
2.0775e-06     0.2466208454607443 
2.08e-06       0.2437346562452434 
2.0825e-06     0.2377690802348336 
2.085e-06      0.2366748869099363 
2.0875e-06     0.2316291605166789 
2.09e-06       0.2305782603804666 
2.0925e-06     0.2278274719213239 
2.095e-06      0.2107499035280662 
2.0975e-06     0.2235469737333544 
2.1e-06        0.2219178082191781 
2.1025e-06     0.2210170712927204 
2.105e-06      0.2201565557729941 
2.1075e-06     0.2201565557729941 
2.11e-06       0.2210753893586489 
2.1125e-06     0.2219178082191781 
2.115e-06      0.2220307938983384 
2.1175e-06     0.2373946689369698 
2.12e-06       0.2265419246881729 
2.1225e-06     0.2291237918757784 
2.125e-06      0.2333963274051711 
2.1275e-06     0.2353386057330975 
2.13e-06       0.2413752344405215 
2.1325e-06     0.2447916686318529 
2.135e-06      0.247653971747967 
2.1375e-06     0.2553816046966732 
2.14e-06       0.2589316208836626 
2.1425e-06     0.2617997055398836 
2.145e-06      0.2727531283199301 
2.1475e-06     0.2766824114325197 
2.15e-06       0.286957361042006 
2.1525e-06     0.2890189761941794 
2.155e-06      0.2992747568372334 
2.1575e-06     0.3048420976314005 
2.16e-06       0.3152641878669276 
2.1625e-06     0.3240704500978474 
2.165e-06      0.3278782285309533 
2.1675e-06     0.3416829745596869 
2.17e-06       0.3455017884763245 
2.1725e-06     0.3592954990215264 
2.175e-06      0.3664783753476653 
2.1775e-06     0.3726865887842906 
2.18e-06       0.3838656423884924 
2.1825e-06     0.3987295215847468 
2.185e-06      0.4008812225880066 
2.1875e-06     0.4144723553689392 
2.19e-06       0.4228350218919111 
2.1925e-06     0.4291846079820033 
2.195e-06      0.4438356164383562 
2.1975e-06     0.4544031311154599 
2.2e-06        0.4637509558606919 
2.2025e-06     0.46883229290687 
2.205e-06      0.4825390937547029 
2.2075e-06     0.4936580216227123 
2.21e-06       0.4995278045133058 
2.2125e-06     0.5167856865712482 
2.215e-06      0.5211403703034435 
2.2175e-06     0.5276894739419759 
2.22e-06       0.539074665428724 
2.2225e-06     0.5495107632093934 
2.225e-06      0.5533254599180372 
2.2275e-06     0.5672876788557482 
2.23e-06       0.5709495961599915 
2.2325e-06     0.5827971561956447 
2.235e-06      0.5937690158093034 
2.2375e-06     0.5954336900482212 
2.24e-06       0.6055182785238856 
2.2425e-06     0.6095117365035984 
2.245e-06      0.6199608610567515 
2.2475e-06     0.6235973339002515 
2.25e-06       0.6281605122242356 
2.2525e-06     0.6390590627457854 
2.255e-06      0.6428776133103391 
2.2575e-06     0.6497748335486278 
2.26e-06       0.6509513312903493 
2.2625e-06     0.6569739208409624 
2.265e-06      0.6622309197651665 
2.2675e-06     0.6632796688841173 
2.27e-06       0.6683298405114693 
2.2725e-06     0.6694124728730652 
2.275e-06      0.6721101796706734 
2.2775e-06     0.674559686888454 
2.28e-06       0.6887332079830051 
2.2825e-06     0.678082191780822 
2.285e-06      0.6790115238304083 
2.2875e-06     0.6798434442270059 
2.29e-06       0.6798434442270059 
2.2925e-06     0.6789204519590729 
2.295e-06      0.678082191780822 
2.2975e-06     0.6779203773310548 
2.3e-06        0.6620788226566557 
2.3025e-06     0.6744464272547616 
2.305e-06      0.6717526281496445 
2.3075e-06     0.6666873052923848 
2.31e-06       0.6646994004748926 
2.3125e-06     0.6587084148727985 
2.315e-06      0.6576824282629665 
2.3175e-06     0.6516640860922537 
2.32e-06       0.6448898756327412 
2.3225e-06     0.6411585148047205 
2.325e-06      0.6381462622314371 
2.3275e-06     0.6279153855653961 
2.33e-06       0.6250817154303258 
2.3325e-06     0.6146771037181996 
2.335e-06      0.6110365655269477 
2.3375e-06     0.6009497944699328 
2.34e-06       0.5969168036621353 
2.3425e-06     0.5863702745582204 
2.345e-06      0.581113391702785 
2.3475e-06     0.5688845401174168 
2.35e-06       0.5546795724095831 
2.3525e-06     0.555518510443707 
2.355e-06      0.54442571213554 
2.3575e-06     0.5316716123595868 
2.36e-06       0.5298711676181452 
2.3625e-06     0.5170486888723128 
2.365e-06      0.5013928823031315 
2.3675e-06     0.5016850500426696 
2.37e-06       0.4888541856008062 
2.3725e-06     0.4751710573146422 
2.375e-06      0.4708869161931751 
2.3775e-06     0.4571772154716039 
2.38e-06       0.4473581213307241 
2.3825e-06     0.4426953419529997 
2.385e-06      0.4274742419775738 
2.3875e-06     0.417874539181669 
2.39e-06       0.4082508687707848 
2.3925e-06     0.4030331042426609 
2.395e-06      0.3874755381604696 
2.3975e-06     0.3786692759295499 
2.4e-06        0.3748743385236317 
2.4025e-06     0.361507905609268 
2.405e-06      0.3519715463915812 
2.4075e-06     0.3466579750631368 
2.41e-06       0.3276529331727303 
2.4125e-06     0.330071950444436 
2.415e-06      0.3189887911449698 
2.4175e-06     0.313418437271513 
2.42e-06       0.2989879429074081 
2.4225e-06     0.294570618776884 
2.425e-06      0.2904803366294854 
2.4275e-06     0.2800391389432485 
2.43e-06       0.2788844819273487 
2.4325e-06     0.2711074568251788 
2.435e-06      0.2617008744772534 
2.4375e-06     0.259656774731752 
2.44e-06       0.2502379886720351 
2.4425e-06     0.2506515204068643 
2.445e-06      0.2439278317009294 
2.4475e-06     0.2371479649130601 
2.45e-06       0.2367007959921856 
2.4525e-06     0.2341004179364716 
2.455e-06      0.2298226997069326 
2.4575e-06     0.22799538856182 
2.46e-06       0.2270214272171032 
2.4625e-06     0.211174199016277 
2.465e-06      0.2219178082191781 
2.4675e-06     0.221024097464892 
2.47e-06       0.2201565557729941 
2.4725e-06     0.2201565557729941 
2.475e-06      0.2210680602093861 
2.4775e-06     0.2219178082191781 
2.48e-06       0.2220562261519084 
2.4825e-06     0.2374263398945733 
2.485e-06      0.2256108303340228 
2.4875e-06     0.228319013048222 
2.49e-06       0.2333900778416816 
2.4925e-06     0.2352047971594285 
2.495e-06      0.2399348537931762 
2.4975e-06     0.24237817375817 
2.5e-06        0.2484341190087327 
2.5025e-06     0.2542698348872474 
2.505e-06      0.2548121346444177 
2.5075e-06     0.26259227687165 
2.51e-06       0.2720392435055032 
2.5125e-06     0.2740630215424751 
2.515e-06      0.2835616438356164 
2.5175e-06     0.2872594368989432 
2.52e-06       0.297336996937468 
2.5225e-06     0.3022271632500824 
2.525e-06      0.3135029354207437 
2.5275e-06     0.3172948547760915 
2.53e-06       0.3291412271067035 
2.5325e-06     0.3459075398982266 
2.535e-06      0.3420138812453898 
2.5375e-06     0.354666826429562 
2.54e-06       0.3595146277679381 
2.5425e-06     0.3757837972550418 
2.545e-06      0.3827945112612425 
2.5475e-06     0.3877397807952065 
2.55e-06       0.4057997180596183 
2.5525e-06     0.4110154265946773 
2.555e-06      0.4230650466083311 
2.5575e-06     0.426510751663053 
2.56e-06       0.4393715276836506 
2.5625e-06     0.452641878669276 
2.565e-06      0.457364709231491 
2.5675e-06     0.4709223917829951 
2.57e-06       0.4804454130511381 
2.5725e-06     0.4864001687920155 
2.575e-06      0.5001956947162427 
2.5775e-06     0.5107632093933464 
2.58e-06       0.5145430349757022 
2.5825e-06     0.5289522632729108 
2.585e-06      0.5385373981870831 
