
time (s)       VT("/out") (V)


2.6e-08        0.5389432485322897 
2.85e-08       0.5477495107632094 
3.1e-08        0.5565557729941292 
3.35e-08       0.565362035225049 
3.6e-08        0.5724070450097848 
3.85e-08       0.5812133072407045 
4.1e-08        0.5900195694716243 
4.35e-08       0.5970645792563601 
4.6e-08        0.6041095890410959 
4.85e-08       0.6111545988258317 
5.1e-08        0.6181996086105676 
5.35e-08       0.6252446183953033 
5.600000000000001e-08 0.6305283757338551 
5.85e-08       0.637573385518591 
6.1e-08        0.6428571428571429 
6.350000000000001e-08 0.6481409001956947 
6.600000000000001e-08 0.6516634050880626 
6.850000000000001e-08 0.6569471624266144 
7.1e-08        0.6604696673189824 
7.35e-08       0.6639921722113503 
7.599999999999999e-08 0.6675146771037183 
7.849999999999999e-08 0.6710371819960862 
8.1e-08        0.6727984344422701 
8.35e-08       0.684795689132792 
8.6e-08        0.676320939334638 
8.85e-08       0.678082191780822 
9.100000000000001e-08 0.6798434442270059 
9.350000000000001e-08 0.6798434442270059 
9.600000000000001e-08 0.6798434442270059 
9.850000000000002e-08 0.678082191780822 
1.01e-07       0.678082191780822 
1.035e-07      0.666168461291083 
1.06e-07       0.674559686888454 
1.085e-07      0.6727984344422701 
1.11e-07       0.6692759295499021 
1.135e-07      0.6675146771037183 
1.16e-07       0.6639921722113503 
1.185e-07      0.6604696673189824 
1.21e-07       0.6551859099804306 
1.235e-07      0.6516634050880626 
1.26e-07       0.6463796477495107 
1.285e-07      0.6410958904109589 
1.31e-07       0.6358121330724071 
1.335e-07      0.6287671232876713 
1.36e-07       0.6234833659491195 
1.385e-07      0.6164383561643836 
1.41e-07       0.6093933463796478 
1.435e-07      0.6023483365949119 
1.46e-07       0.5953033268101761 
1.485e-07      0.5882583170254404 
1.51e-07       0.5794520547945206 
1.535e-07      0.5706457925636008 
1.56e-07       0.5636007827788649 
1.585e-07      0.5547945205479452 
1.61e-07       0.5459882583170255 
1.635e-07      0.5354207436399218 
1.66e-07       0.526614481409002 
1.685e-07      0.5178082191780823 
1.71e-07       0.5090019569471624 
1.735e-07      0.4984344422700587 
1.76e-07       0.489628180039139 
1.785e-07      0.4790606653620352 
1.81e-07       0.4702544031311155 
1.835e-07      0.3660316746564312 
1.86e-07       0.449119373776908 
1.885e-07      0.4403131115459882 
1.91e-07       0.4297455968688845 
1.935e-07      0.4191780821917809 
1.96e-07       0.4103718199608611 
1.985e-07      0.3998043052837574 
2.01e-07       0.3909980430528376 
2.035e-07      0.3821917808219178 
2.06e-07       0.3716242661448141 
2.085e-07      0.3628180039138943 
2.11e-07       0.3540117416829746 
2.135e-07      0.3452054794520548 
2.16e-07       0.336399217221135 
2.185e-07      0.3275929549902153 
2.21e-07       0.3187866927592955 
2.235e-07      0.3117416829745597 
2.26e-07       0.3046966731898239 
2.285e-07      0.2958904109589041 
2.31e-07       0.2888454011741683 
2.335e-07      0.2818003913894325 
2.36e-07       0.2765166340508807 
2.385e-07      0.2694716242661448 
2.41e-07       0.2641878669275929 
2.435e-07      0.2589041095890411 
2.46e-07       0.2536203522504892 
2.485e-07      0.2483365949119374 
2.51e-07       0.2430528375733855 
2.535e-07      0.2395303326810176 
2.56e-07       0.2360078277886497 
2.585e-07      0.2324853228962818 
2.61e-07       0.2289628180039139 
2.635e-07      0.22720156555773 
2.66e-07       0.2147317532871694 
2.685e-07      0.223679060665362 
2.71e-07       0.2219178082191781 
2.735e-07      0.2219178082191781 
2.76e-07       0.2201565557729941 
2.785e-07      0.2201565557729941 
2.81e-07       0.2219178082191781 
2.835e-07      0.2219178082191781 
2.86e-07       0.2344453809385884 
2.885e-07      0.225440313111546 
2.91e-07       0.22720156555773 
2.935e-07      0.2289628180039139 
2.96e-07       0.2324853228962818 
2.985e-07      0.2360078277886497 
3.01e-07       0.2395303326810176 
3.035e-07      0.2430528375733855 
3.06e-07       0.2483365949119374 
3.085e-07      0.2536203522504892 
3.11e-07       0.2571428571428572 
3.135e-07      0.2641878669275929 
3.16e-07       0.2694716242661448 
3.185e-07      0.2765166340508807 
3.21e-07       0.2818003913894325 
3.235e-07      0.2888454011741683 
3.26e-07       0.2958904109589041 
3.285e-07      0.3029354207436399 
3.31e-07       0.3117416829745597 
3.335e-07      0.3187866927592955 
3.36e-07       0.3275929549902153 
3.385e-07      0.336399217221135 
3.41e-07       0.3452054794520548 
3.435e-07      0.3540117416829746 
3.46e-07       0.3628180039138943 
3.485e-07      0.3716242661448141 
3.51e-07       0.3804305283757339 
3.535e-07      0.3909980430528376 
3.56e-07       0.3998043052837574 
3.585e-07      0.4103718199608611 
3.61e-07       0.4191780821917809 
3.635e-07      0.4297455968688845 
3.66e-07       0.4385518590998043 
3.685e-07      0.5474339369757594 
3.71e-07       0.4596868884540117 
3.735e-07      0.4684931506849315 
3.76e-07       0.4790606653620352 
3.785e-07      0.487866927592955 
3.81e-07       0.4984344422700587 
3.835e-07      0.5072407045009785 
3.86e-07       0.5178082191780823 
3.885e-07      0.526614481409002 
3.91e-07       0.5354207436399218 
3.935e-07      0.5442270058708415 
3.96e-07       0.5530332681017613 
3.985e-07      0.5636007827788649 
4.01e-07       0.5706457925636008 
4.035e-07      0.5794520547945206 
4.06e-07       0.5864970645792563 
4.085e-07      0.5953033268101761 
4.11e-07       0.6023483365949119 
4.135e-07      0.6093933463796478 
4.16e-07       0.6164383561643836 
4.185e-07      0.6234833659491195 
4.21e-07       0.6287671232876713 
4.235e-07      0.6358121330724071 
4.26e-07       0.6410958904109589 
4.285e-07      0.6463796477495107 
4.31e-07       0.6516634050880626 
4.335e-07      0.6551859099804306 
4.36e-07       0.6604696673189824 
4.385e-07      0.6639921722113503 
4.41e-07       0.6675146771037183 
4.435e-07      0.6692759295499021 
4.46e-07       0.6727984344422701 
4.485e-07      0.684254039480843 
4.51e-07       0.676320939334638 
4.535e-07      0.678082191780822 
4.56e-07       0.678082191780822 
4.585e-07      0.6798434442270059 
4.61e-07       0.6798434442270059 
4.635e-07      0.6798434442270059 
4.66e-07       0.678082191780822 
4.685e-07      0.6673007128906251 
4.71e-07       0.674559686888454 
4.735e-07      0.6727984344422701 
4.76e-07       0.6710371819960862 
4.785000000000001e-07 0.6675146771037183 
4.81e-07       0.6639921722113503 
4.835e-07      0.6604696673189824 
4.86e-07       0.6569471624266144 
4.885000000000001e-07 0.6534246575342466 
4.91e-07       0.6481409001956947 
4.935e-07      0.6428571428571429 
4.96e-07       0.637573385518591 
4.985000000000001e-07 0.6322896281800392 
5.010000000000001e-07 0.6252446183953033 
5.035e-07      0.6181996086105676 
5.060000000000001e-07 0.6111545988258317 
5.085000000000001e-07 0.6041095890410959 
5.110000000000001e-07 0.5970645792563601 
5.135e-07      0.5900195694716243 
5.16e-07       0.5812133072407045 
5.185000000000001e-07 0.5741682974559688 
5.210000000000001e-07 0.565362035225049 
5.235e-07      0.5565557729941292 
5.26e-07       0.5477495107632094 
5.285000000000001e-07 0.5389432485322897 
5.310000000000001e-07 0.53013698630137 
5.335000000000001e-07 0.5195694716242661 
5.36e-07       0.5107632093933464 
5.385e-07      0.5019569471624267 
5.410000000000001e-07 0.4913894324853229 
5.435000000000001e-07 0.4825831702544031 
5.46e-07       0.4720156555772995 
5.485e-07      0.4632093933463797 
5.510000000000001e-07 0.3561385539387988 
5.535000000000001e-07 0.4420743639921722 
5.560000000000001e-07 0.4315068493150685 
5.585e-07      0.4227005870841487 
5.61e-07       0.412133072407045 
5.635000000000001e-07 0.4033268101761253 
5.660000000000001e-07 0.3927592954990216 
5.685e-07      0.3839530332681018 
5.71e-07       0.375146771037182 
5.735000000000001e-07 0.3663405088062623 
5.760000000000001e-07 0.3557729941291585 
5.785000000000001e-07 0.3469667318982388 
5.81e-07       0.338160469667319 
5.835000000000001e-07 0.3293542074363993 
5.860000000000001e-07 0.3223091976516634 
5.885000000000001e-07 0.3135029354207437 
5.91e-07       0.3064579256360078 
5.935e-07      0.299412915851272 
5.960000000000001e-07 0.2906066536203523 
5.985000000000001e-07 0.2853228962818004 
6.01e-07       0.2782778864970646 
6.035e-07      0.2712328767123288 
6.060000000000001e-07 0.2659491193737769 
6.085000000000001e-07 0.2589041095890411 
6.110000000000001e-07 0.2536203522504892 
6.135e-07      0.2500978473581214 
6.16e-07       0.2448140900195695 
6.185000000000001e-07 0.2412915851272016 
6.210000000000001e-07 0.2360078277886497 
6.235e-07      0.2342465753424658 
6.26e-07       0.2307240704500979 
6.285000000000001e-07 0.22720156555773 
6.310000000000001e-07 0.2157187090468783 
6.335000000000001e-07 0.223679060665362 
6.36e-07       0.2219178082191781 
6.385000000000001e-07 0.2219178082191781 
6.410000000000001e-07 0.2201565557729941 
6.435000000000001e-07 0.2201565557729941 
6.46e-07       0.2201565557729941 
6.485e-07      0.2219178082191781 
6.510000000000001e-07 0.2311669697442151 
6.535000000000001e-07 0.225440313111546 
6.560000000000001e-07 0.22720156555773 
6.585e-07      0.2289628180039139 
6.610000000000001e-07 0.2307240704500979 
6.635000000000001e-07 0.2342465753424658 
6.660000000000001e-07 0.2377690802348336 
6.685e-07      0.2430528375733855 
6.71e-07       0.2465753424657534 
6.735000000000001e-07 0.2518590998043053 
6.760000000000001e-07 0.2571428571428572 
6.785e-07      0.262426614481409 
6.81e-07       0.2677103718199609 
6.835000000000001e-07 0.2729941291585127 
6.860000000000001e-07 0.2800391389432485 
6.885000000000001e-07 0.2870841487279844 
6.91e-07       0.2941291585127202 
6.935e-07      0.301174168297456 
6.960000000000001e-07 0.3082191780821918 
6.985000000000001e-07 0.3170254403131115 
7.01e-07       0.3258317025440313 
7.035e-07      0.3328767123287671 
7.060000000000001e-07 0.3416829745596869 
7.085000000000001e-07 0.3504892367906066 
7.110000000000001e-07 0.3592954990215264 
7.135e-07      0.3698630136986301 
7.160000000000001e-07 0.3786692759295499 
7.185000000000001e-07 0.3874755381604696 
7.210000000000001e-07 0.3980430528375734 
7.235e-07      0.4068493150684931 
7.26e-07       0.4174168297455969 
7.285000000000001e-07 0.4262230919765166 
7.310000000000001e-07 0.4367906066536204 
7.335e-07      0.5434892974367433 
7.36e-07       0.4561643835616438 
7.385000000000001e-07 0.4667318982387476 
7.410000000000001e-07 0.4755381604696673 
7.435000000000001e-07 0.4861056751467711 
7.46e-07       0.4949119373776908 
7.485e-07      0.5054794520547945 
7.510000000000001e-07 0.5142857142857143 
7.535000000000001e-07 0.5248532289628179 
7.56e-07       0.5336594911937378 
7.585e-07      0.5424657534246575 
7.610000000000001e-07 0.5512720156555773 
7.635000000000001e-07 0.560078277886497 
7.660000000000001e-07 0.5688845401174168 
7.685e-07      0.5776908023483366 
7.710000000000001e-07 0.5847358121330725 
7.735000000000001e-07 0.5935420743639922 
7.760000000000001e-07 0.6005870841487281 
7.785e-07      0.6076320939334638 
7.81e-07       0.6146771037181996 
7.835000000000001e-07 0.6217221135029354 
7.860000000000001e-07 0.6270058708414874 
7.885000000000001e-07 0.6340508806262231 
7.91e-07       0.639334637964775 
7.935000000000001e-07 0.6446183953033269 
7.960000000000001e-07 0.6499021526418787 
7.985000000000001e-07 0.6551859099804306 
8.01e-07       0.6587084148727985 
8.035e-07      0.6622309197651665 
8.060000000000001e-07 0.6657534246575342 
8.085000000000001e-07 0.6692759295499021 
8.11e-07       0.6710371819960862 
8.135e-07      0.6823251713858027 
8.160000000000001e-07 0.676320939334638 
8.185000000000001e-07 0.678082191780822 
8.210000000000001e-07 0.678082191780822 
8.235e-07      0.6798434442270059 
8.26e-07       0.6798434442270059 
8.285000000000001e-07 0.6798434442270059 
8.310000000000001e-07 0.678082191780822 
8.335e-07      0.678082191780822 
8.36e-07       0.6656877486080992 
8.385000000000001e-07 0.674559686888454 
8.410000000000001e-07 0.6710371819960862 
8.435000000000001e-07 0.6692759295499021 
8.46e-07       0.6657534246575342 
8.485000000000001e-07 0.6622309197651665 
8.510000000000001e-07 0.6587084148727985 
8.535000000000001e-07 0.6534246575342466 
8.56e-07       0.6499021526418787 
8.585e-07      0.6446183953033269 
8.610000000000001e-07 0.639334637964775 
8.635000000000001e-07 0.6340508806262231 
8.660000000000001e-07 0.6270058708414874 
8.685e-07      0.6199608610567515 
8.710000000000001e-07 0.6146771037181996 
8.735000000000001e-07 0.6076320939334638 
8.760000000000001e-07 0.598825831702544 
8.785e-07      0.5917808219178082 
8.81e-07       0.5847358121330725 
8.835000000000001e-07 0.5759295499021526 
8.860000000000001e-07 0.5671232876712329 
8.885e-07      0.5583170254403131 
8.91e-07       0.5495107632093934 
8.935000000000001e-07 0.5424657534246575 
8.960000000000001e-07 0.5318982387475538 
8.985000000000001e-07 0.5230919765166341 
9.01e-07       0.5142857142857143 
9.035000000000001e-07 0.5037181996086106 
9.060000000000001e-07 0.4949119373776908 
9.085000000000001e-07 0.4843444227005871 
9.11e-07       0.4755381604696673 
9.135e-07      0.4649706457925636 
9.160000000000001e-07 0.3602118682585229 
9.185000000000001e-07 0.4455968688845401 
9.210000000000001e-07 0.4350293542074364 
9.235e-07      0.4262230919765166 
9.260000000000001e-07 0.4156555772994129 
9.285000000000001e-07 0.4050880626223092 
9.310000000000001e-07 0.3962818003913894 
9.335e-07      0.3857142857142857 
9.36e-07       0.3769080234833659 
9.385000000000001e-07 0.3681017612524461 
9.410000000000001e-07 0.3592954990215264 
9.435000000000001e-07 0.3504892367906066 
9.46e-07       0.3416829745596869 
9.485000000000001e-07 0.3328767123287671 
9.510000000000001e-07 0.3240704500978474 
9.535000000000001e-07 0.3170254403131115 
9.56e-07       0.3082191780821918 
9.585e-07      0.301174168297456 
9.61e-07       0.2941291585127202 
9.635e-07      0.2870841487279844 
9.659999999999999e-07 0.2800391389432485 
9.684999999999999e-07 0.2729941291585127 
9.710000000000001e-07 0.2677103718199609 
9.735000000000001e-07 0.2606653620352251 
9.760000000000001e-07 0.2553816046966732 
9.785e-07      0.2500978473581214 
9.81e-07       0.2465753424657534 
9.835e-07      0.2412915851272016 
9.860000000000002e-07 0.2377690802348336 
9.885000000000001e-07 0.2342465753424658 
9.910000000000001e-07 0.2307240704500979 
9.935000000000001e-07 0.2289628180039139 
9.960000000000001e-07 0.225440313111546 
9.985000000000001e-07 0.2139700702515551 
1.001e-06      0.2219178082191781 
1.0035e-06     0.2219178082191781 
1.006e-06      0.2201565557729941 
1.0085e-06     0.2201565557729941 
1.011e-06      0.2201565557729941 
1.0135e-06     0.2219178082191781 
1.016e-06      0.2219178082191781 
1.0185e-06     0.2352894499121202 
1.021e-06      0.225440313111546 
1.0235e-06     0.22720156555773 
1.026e-06      0.2307240704500979 
1.0285e-06     0.2342465753424658 
1.031e-06      0.2377690802348336 
1.0335e-06     0.2412915851272016 
1.036e-06      0.2448140900195695 
1.0385e-06     0.2500978473581214 
1.041e-06      0.2553816046966732 
1.0435e-06     0.2606653620352251 
1.046e-06      0.2659491193737769 
1.0485e-06     0.2712328767123288 
1.051e-06      0.2782778864970646 
1.0535e-06     0.2853228962818004 
1.056e-06      0.2923679060665362 
1.0585e-06     0.299412915851272 
1.061e-06      0.3064579256360078 
1.0635e-06     0.3152641878669276 
1.066e-06      0.3223091976516634 
1.0685e-06     0.3311154598825832 
1.071e-06      0.339921722113503 
1.0735e-06     0.3487279843444228 
1.076e-06      0.3575342465753425 
1.0785e-06     0.3663405088062623 
1.081e-06      0.375146771037182 
1.0835e-06     0.3857142857142857 
1.086e-06      0.3945205479452055 
1.0885e-06     0.4033268101761253 
1.091e-06      0.413894324853229 
1.0935e-06     0.4244618395303327 
1.096e-06      0.4332681017612525 
1.0985e-06     0.5411354256319476 
1.101e-06      0.452641878669276 
1.1035e-06     0.4632093933463797 
1.106e-06      0.4737769080234834 
1.1085e-06     0.4825831702544031 
1.111e-06      0.4931506849315068 
1.1135e-06     0.5019569471624267 
1.116e-06      0.5125244618395304 
1.1185e-06     0.5213307240704501 
1.121e-06      0.53013698630137 
1.1235e-06     0.5389432485322897 
1.126e-06      0.5495107632093934 
1.1285e-06     0.5583170254403131 
1.131e-06      0.565362035225049 
1.1335e-06     0.5741682974559688 
1.136e-06      0.5829745596868885 
1.1385e-06     0.5900195694716243 
1.141e-06      0.598825831702544 
1.1435e-06     0.6058708414872799 
1.146e-06      0.6129158512720156 
1.1485e-06     0.6199608610567515 
1.151e-06      0.6252446183953033 
1.1535e-06     0.6322896281800392 
1.156e-06      0.637573385518591 
1.1585e-06     0.6428571428571429 
1.161e-06      0.6481409001956947 
1.1635e-06     0.6534246575342466 
1.166e-06      0.6569471624266144 
1.1685e-06     0.6622309197651665 
1.171e-06      0.6657534246575342 
1.1735e-06     0.6675146771037183 
1.176e-06      0.6710371819960862 
1.1785e-06     0.6727984344422701 
1.181e-06      0.6849812011158815 
1.1835e-06     0.678082191780822 
1.186e-06      0.678082191780822 
1.1885e-06     0.6798434442270059 
1.191e-06      0.6798434442270059 
1.1935e-06     0.6798434442270059 
1.196e-06      0.678082191780822 
1.1985e-06     0.678082191780822 
1.201e-06      0.6658931332884598 
1.2035e-06     0.674559686888454 
1.206e-06      0.6727984344422701 
1.2085e-06     0.6692759295499021 
1.211e-06      0.6657534246575342 
1.2135e-06     0.6639921722113503 
1.216e-06      0.6587084148727985 
1.2185e-06     0.6551859099804306 
1.221e-06      0.6516634050880626 
1.2235e-06     0.6463796477495107 
1.226e-06      0.6410958904109589 
1.2285e-06     0.6340508806262231 
1.231e-06      0.6287671232876713 
1.2335e-06     0.6234833659491195 
1.236e-06      0.6164383561643836 
1.2385e-06     0.6093933463796478 
1.241e-06      0.6023483365949119 
1.2435e-06     0.5935420743639922 
1.246e-06      0.5864970645792563 
1.2485e-06     0.5776908023483366 
1.251e-06      0.5706457925636008 
1.2535e-06     0.5618395303326811 
1.256e-06      0.5530332681017613 
1.2585e-06     0.5442270058708415 
1.261e-06      0.5354207436399218 
1.2635e-06     0.5248532289628179 
1.266e-06      0.5160469667318982 
1.2685e-06     0.5072407045009785 
1.271e-06      0.4966731898238748 
1.2735e-06     0.487866927592955 
1.276e-06      0.4772994129158513 
1.2785e-06     0.4684931506849315 
1.281e-06      0.3628718670488453 
1.2835e-06     0.4473581213307241 
1.286e-06      0.4385518590998043 
1.2885e-06     0.4279843444227006 
1.291e-06      0.4174168297455969 
1.2935e-06     0.4086105675146771 
1.296e-06      0.3998043052837574 
1.2985e-06     0.3892367906066536 
1.301e-06      0.3804305283757339 
1.3035e-06     0.3698630136986301 
1.306e-06      0.3610567514677104 
1.3085e-06     0.3522504892367906 
1.311e-06      0.3434442270058709 
1.3135e-06     0.3346379647749511 
1.316e-06      0.3275929549902153 
1.3185e-06     0.3187866927592955 
1.321e-06      0.3099804305283758 
1.3235e-06     0.3029354207436399 
1.326e-06      0.2958904109589041 
1.3285e-06     0.2888454011741683 
1.331e-06      0.2818003913894325 
1.3335e-06     0.2747553816046967 
1.336e-06      0.2694716242661448 
1.3385e-06     0.262426614481409 
1.341e-06      0.2571428571428572 
1.3435e-06     0.2518590998043053 
1.346e-06      0.2483365949119374 
1.3485e-06     0.2430528375733855 
1.351e-06      0.2395303326810176 
1.3535e-06     0.2360078277886497 
1.356e-06      0.2324853228962818 
1.3585e-06     0.2289628180039139 
1.361e-06      0.22720156555773 
1.3635e-06     0.2145474457150054 
1.366e-06      0.223679060665362 
1.3685e-06     0.2219178082191781 
1.371e-06      0.2201565557729941 
1.3735e-06     0.2201565557729941 
1.376e-06      0.2201565557729941 
1.3785e-06     0.2219178082191781 
1.381e-06      0.2219178082191781 
1.3835e-06     0.2347052487901138 
1.386e-06      0.225440313111546 
1.3885e-06     0.22720156555773 
1.391e-06      0.2307240704500979 
1.3935e-06     0.2324853228962818 
1.396e-06      0.2360078277886497 
1.3985e-06     0.2395303326810176 
1.401e-06      0.2448140900195695 
1.4035e-06     0.2483365949119374 
1.406e-06      0.2536203522504892 
1.4085e-06     0.2589041095890411 
1.411e-06      0.2641878669275929 
1.4135e-06     0.2712328767123288 
1.416e-06      0.2765166340508807 
1.4185e-06     0.2835616438356164 
1.421e-06      0.2906066536203523 
1.4235e-06     0.297651663405088 
1.426e-06      0.3046966731898239 
1.4285e-06     0.3117416829745597 
1.431e-06      0.3205479452054795 
1.4335e-06     0.3293542074363993 
1.436e-06      0.336399217221135 
1.4385e-06     0.3452054794520548 
1.441e-06      0.3540117416829746 
1.4435e-06     0.3645792563600783 
1.446e-06      0.3733855185909981 
1.4485e-06     0.3821917808219178 
1.451e-06      0.3909980430528376 
1.4535e-06     0.4015655577299413 
1.456e-06      0.4103718199608611 
1.4585e-06     0.4209393346379648 
1.461e-06      0.4297455968688845 
1.4635e-06     0.5354364512363361 
1.466e-06      0.450880626223092 
1.4685e-06     0.4596868884540117 
1.471e-06      0.4702544031311155 
1.4735e-06     0.4808219178082192 
1.476e-06      0.489628180039139 
1.4785e-06     0.5001956947162427 
1.481e-06      0.5090019569471624 
1.4835e-06     0.5178082191780823 
1.486e-06      0.5283757338551859 
1.4885e-06     0.5371819960861057 
1.491e-06      0.5459882583170255 
1.4935e-06     0.5547945205479452 
1.496e-06      0.5636007827788649 
1.4985e-06     0.5724070450097848 
1.501e-06      0.5812133072407045 
1.5035e-06     0.5882583170254404 
1.506e-06      0.5953033268101761 
1.5085e-06     0.6041095890410959 
1.511e-06      0.6111545988258317 
1.5135e-06     0.6181996086105676 
1.516e-06      0.6234833659491195 
1.5185e-06     0.6305283757338551 
1.521e-06      0.6358121330724071 
1.5235e-06     0.6410958904109589 
1.526e-06      0.6463796477495107 
1.5285e-06     0.6516634050880626 
1.531e-06      0.6569471624266144 
1.5335e-06     0.6604696673189824 
1.536e-06      0.6639921722113503 
1.5385e-06     0.6675146771037183 
1.541e-06      0.6710371819960862 
1.5435e-06     0.6727984344422701 
1.546e-06      0.6843608920497977 
1.5485e-06     0.676320939334638 
1.551e-06      0.678082191780822 
1.5535e-06     0.678082191780822 
1.556e-06      0.6798434442270059 
1.5585e-06     0.6798434442270059 
1.561e-06      0.678082191780822 
1.5635e-06     0.678082191780822 
1.566e-06      0.6666943934486584 
1.5685e-06     0.674559686888454 
1.571e-06      0.6727984344422701 
1.5735e-06     0.6710371819960862 
1.576e-06      0.6675146771037183 
1.5785e-06     0.6639921722113503 
1.581e-06      0.6604696673189824 
1.5835e-06     0.6569471624266144 
1.586e-06      0.6516634050880626 
1.5885e-06     0.6463796477495107 
1.591e-06      0.6428571428571429 
1.5935e-06     0.6358121330724071 
1.596e-06      0.6305283757338551 
1.5985e-06     0.6234833659491195 
1.601e-06      0.6181996086105676 
1.6035e-06     0.6111545988258317 
1.606e-06      0.6041095890410959 
1.6085e-06     0.5970645792563601 
1.611e-06      0.5882583170254404 
1.6135e-06     0.5812133072407045 
1.616e-06      0.5724070450097848 
1.6185e-06     0.5636007827788649 
1.621e-06      0.5547945205479452 
1.6235e-06     0.5459882583170255 
1.626e-06      0.5371819960861057 
1.6285e-06     0.5283757338551859 
1.631e-06      0.5195694716242661 
1.6335e-06     0.5090019569471624 
1.636e-06      0.5001956947162427 
1.6385e-06     0.489628180039139 
1.641e-06      0.4808219178082192 
1.6435e-06     0.4702544031311155 
1.646e-06      0.4614481409001957 
1.6485e-06     0.354248374777836 
1.651e-06      0.4403131115459882 
1.6535e-06     0.4315068493150685 
1.656e-06      0.4209393346379648 
1.6585e-06     0.412133072407045 
1.661e-06      0.4015655577299413 
1.6635e-06     0.3927592954990216 
1.666e-06      0.3821917808219178 
1.6685e-06     0.3733855185909981 
1.671e-06      0.3645792563600783 
1.6735e-06     0.3557729941291585 
1.676e-06      0.3469667318982388 
1.6785e-06     0.336399217221135 
1.681e-06      0.3293542074363993 
1.6835e-06     0.3205479452054795 
1.686e-06      0.3135029354207437 
1.6885e-06     0.3046966731898239 
1.691e-06      0.297651663405088 
1.6935e-06     0.2906066536203523 
1.696e-06      0.2835616438356164 
1.6985e-06     0.2765166340508807 
1.701e-06      0.2712328767123288 
1.7035e-06     0.2641878669275929 
1.706e-06      0.2589041095890411 
1.7085e-06     0.2536203522504892 
1.711e-06      0.2483365949119374 
1.7135e-06     0.2448140900195695 
1.716e-06      0.2395303326810176 
1.7185e-06     0.2360078277886497 
1.721e-06      0.2324853228962818 
1.7235e-06     0.2307240704500979 
1.726e-06      0.22720156555773 
1.7285e-06     0.2150939590531597 
1.731e-06      0.223679060665362 
1.7335e-06     0.2219178082191781 
1.736e-06      0.2219178082191781 
1.7385e-06     0.2201565557729941 
1.741e-06      0.2201565557729941 
1.7435e-06     0.2201565557729941 
1.746e-06      0.2219178082191781 
1.7485e-06     0.2339074148733785 
1.751e-06      0.225440313111546 
1.7535e-06     0.22720156555773 
1.756e-06      0.2289628180039139 
1.7585e-06     0.2324853228962818 
1.761e-06      0.2360078277886497 
1.7635e-06     0.2395303326810176 
1.766e-06      0.2430528375733855 
1.7685e-06     0.2465753424657534 
1.771e-06      0.2518590998043053 
1.7735e-06     0.2571428571428572 
1.776e-06      0.262426614481409 
1.7785e-06     0.2677103718199609 
1.781e-06      0.2747553816046967 
1.7835e-06     0.2818003913894325 
1.786e-06      0.2888454011741683 
1.7885e-06     0.2958904109589041 
1.791e-06      0.3029354207436399 
1.7935e-06     0.3099804305283758 
1.796e-06      0.3187866927592955 
1.7985e-06     0.3258317025440313 
1.801e-06      0.3346379647749511 
1.8035e-06     0.3434442270058709 
1.806e-06      0.3522504892367906 
1.8085e-06     0.3610567514677104 
1.811e-06      0.3698630136986301 
1.8135e-06     0.3804305283757339 
1.816e-06      0.3892367906066536 
1.8185e-06     0.3980430528375734 
1.821e-06      0.4086105675146771 
1.8235e-06     0.4174168297455969 
1.826e-06      0.4279843444227006 
1.8285e-06     0.4367906066536204 
1.831e-06      0.5454814184511788 
1.8335e-06     0.4579256360078278 
1.836e-06      0.4684931506849315 
1.8385e-06     0.4772994129158513 
1.841e-06      0.487866927592955 
1.8435e-06     0.4966731898238748 
1.846e-06      0.5072407045009785 
1.8485e-06     0.5160469667318982 
1.851e-06      0.5248532289628179 
1.8535e-06     0.5336594911937378 
1.856e-06      0.5442270058708415 
1.8585e-06     0.5530332681017613 
1.861e-06      0.5618395303326811 
1.8635e-06     0.5706457925636008 
1.866e-06      0.5776908023483366 
1.8685e-06     0.5864970645792563 
1.871e-06      0.5935420743639922 
1.8735e-06     0.6005870841487281 
1.876e-06      0.6093933463796478 
1.8785e-06     0.6146771037181996 
1.881e-06      0.6217221135029354 
1.8835e-06     0.6287671232876713 
1.886e-06      0.6340508806262231 
1.8885e-06     0.6410958904109589 
1.891e-06      0.6463796477495107 
1.8935e-06     0.6499021526418787 
1.896e-06      0.6551859099804306 
1.8985e-06     0.6587084148727985 
1.901e-06      0.6639921722113503 
1.9035e-06     0.6657534246575342 
1.906e-06      0.6692759295499021 
1.9085e-06     0.6727984344422701 
1.911e-06      0.6835215313913694 
1.9135e-06     0.676320939334638 
1.916e-06      0.678082191780822 
1.9185e-06     0.678082191780822 
1.921e-06      0.6798434442270059 
1.9235e-06     0.6798434442270059 
1.926e-06      0.6798434442270059 
1.9285e-06     0.678082191780822 
1.931e-06      0.6696620217018875 
1.9335e-06     0.674559686888454 
1.936e-06      0.6727984344422701 
1.9385e-06     0.6710371819960862 
1.941e-06      0.6692759295499021 
1.9435e-06     0.6657534246575342 
1.946e-06      0.6622309197651665 
1.9485e-06     0.6569471624266144 
1.951e-06      0.6534246575342466 
1.9535e-06     0.6481409001956947 
1.956e-06      0.6428571428571429 
1.9585e-06     0.637573385518591 
1.961e-06      0.6322896281800392 
1.9635e-06     0.6270058708414874 
1.966e-06      0.6199608610567515 
1.9685e-06     0.6129158512720156 
1.971e-06      0.6058708414872799 
1.9735e-06     0.598825831702544 
1.976e-06      0.5917808219178082 
1.9785e-06     0.5829745596868885 
1.981e-06      0.5741682974559688 
1.9835e-06     0.5671232876712329 
1.986e-06      0.5583170254403131 
1.9885e-06     0.5495107632093934 
1.991e-06      0.5407045009784736 
1.9935e-06     0.53013698630137 
1.996e-06      0.5213307240704501 
1.9985e-06     0.5125244618395304 
2.001e-06      0.5019569471624267 
2.0035e-06     0.4931506849315068 
2.006e-06      0.4825831702544031 
2.0085e-06     0.4737769080234834 
2.011e-06      0.4632093933463797 
2.0135e-06     0.3581956838138757 
2.016e-06      0.4438356164383562 
2.0185e-06     0.4332681017612525 
2.021e-06      0.4244618395303327 
2.0235e-06     0.413894324853229 
2.026e-06      0.4050880626223092 
2.0285e-06     0.3945205479452055 
2.031e-06      0.3857142857142857 
2.0335e-06     0.375146771037182 
2.036e-06      0.3663405088062623 
2.0385e-06     0.3575342465753425 
2.041e-06      0.3487279843444228 
2.0435e-06     0.339921722113503 
2.046e-06      0.3311154598825832 
2.0485e-06     0.3223091976516634 
2.051e-06      0.3152641878669276 
2.0535e-06     0.3064579256360078 
2.056e-06      0.299412915851272 
2.0585e-06     0.2923679060665362 
2.061e-06      0.2853228962818004 
2.0635e-06     0.2782778864970646 
2.066e-06      0.2729941291585127 
2.0685e-06     0.2659491193737769 
2.071e-06      0.2606653620352251 
2.0735e-06     0.2553816046966732 
2.076e-06      0.2500978473581214 
2.0785e-06     0.2448140900195695 
2.081e-06      0.2412915851272016 
2.0835e-06     0.2377690802348336 
2.086e-06      0.2342465753424658 
2.0885e-06     0.2307240704500979 
2.091e-06      0.2289628180039139 
2.0935e-06     0.2168148218072225 
2.096e-06      0.223679060665362 
2.0985e-06     0.2219178082191781 
2.101e-06      0.2219178082191781 
2.1035e-06     0.2201565557729941 
2.106e-06      0.2201565557729941 
2.1085e-06     0.2201565557729941 
2.111e-06      0.2219178082191781 
2.1135e-06     0.2219178082191781 
2.116e-06      0.2354815150389661 
2.1185e-06     0.225440313111546 
2.121e-06      0.2289628180039139 
2.1235e-06     0.2307240704500979 
2.126e-06      0.2342465753424658 
2.1285e-06     0.2377690802348336 
2.131e-06      0.2412915851272016 
2.1335e-06     0.2465753424657534 
2.136e-06      0.2500978473581214 
2.1385e-06     0.2553816046966732 
2.141e-06      0.2606653620352251 
2.1435e-06     0.2659491193737769 
2.146e-06      0.2729941291585127 
2.1485e-06     0.2800391389432485 
2.151e-06      0.2853228962818004 
2.1535e-06     0.2923679060665362 
2.156e-06      0.301174168297456 
2.1585e-06     0.3082191780821918 
2.161e-06      0.3152641878669276 
2.1635e-06     0.3240704500978474 
2.166e-06      0.3328767123287671 
2.1685e-06     0.3416829745596869 
2.171e-06      0.3504892367906066 
2.1735e-06     0.3592954990215264 
2.176e-06      0.3681017612524461 
2.1785e-06     0.3769080234833659 
2.181e-06      0.3857142857142857 
2.1835e-06     0.3962818003913894 
2.186e-06      0.4050880626223092 
2.1885e-06     0.4156555772994129 
2.191e-06      0.4244618395303327 
2.1935e-06     0.4350293542074364 
2.196e-06      0.541468134700551 
2.1985e-06     0.4544031311154599 
2.201e-06      0.4649706457925636 
2.2035e-06     0.4737769080234834 
2.206e-06      0.4843444227005871 
2.2085e-06     0.4949119373776908 
2.211e-06      0.5037181996086106 
2.2135e-06     0.5142857142857143 
2.216e-06      0.5230919765166341 
2.2185e-06     0.5318982387475538 
2.221e-06      0.5407045009784736 
2.2235e-06     0.5495107632093934 
2.226e-06      0.5583170254403131 
2.2285e-06     0.5671232876712329 
2.231e-06      0.5759295499021526 
2.2335e-06     0.5829745596868885 
2.236e-06      0.5917808219178082 
2.2385e-06     0.598825831702544 
2.241e-06      0.6058708414872799 
2.2435e-06     0.6129158512720156 
2.246e-06      0.6199608610567515 
2.2485e-06     0.6270058708414874 
2.251e-06      0.6322896281800392 
2.2535e-06     0.639334637964775 
2.256e-06      0.6446183953033269 
2.2585e-06     0.6499021526418787 
2.261e-06      0.6534246575342466 
2.2635e-06     0.6587084148727985 
2.266e-06      0.6622309197651665 
2.2685e-06     0.6657534246575342 
2.271e-06      0.6692759295499021 
2.2735e-06     0.6710371819960862 
2.276e-06      0.674559686888454 
2.2785e-06     0.6849696729297332 
2.281e-06      0.678082191780822 
2.2835e-06     0.678082191780822 
2.286e-06      0.6798434442270059 
2.2885e-06     0.6798434442270059 
2.291e-06      0.6798434442270059 
2.2935e-06     0.678082191780822 
2.296e-06      0.678082191780822 
2.2985e-06     0.6658587958545289 
2.301e-06      0.674559686888454 
2.3035e-06     0.6727984344422701 
2.306e-06      0.6692759295499021 
2.3085e-06     0.6657534246575342 
2.311e-06      0.6622309197651665 
2.3135e-06     0.6587084148727985 
2.316e-06      0.6551859099804306 
2.3185e-06     0.6499021526418787 
2.321e-06      0.6446183953033269 
2.3235e-06     0.639334637964775 
2.326e-06      0.6340508806262231 
2.3285e-06     0.6287671232876713 
2.331e-06      0.6217221135029354 
2.3335e-06     0.6146771037181996 
2.336e-06      0.6076320939334638 
2.3385e-06     0.6005870841487281 
2.341e-06      0.5935420743639922 
2.3435e-06     0.5847358121330725 
2.346e-06      0.5776908023483366 
2.3485e-06     0.5688845401174168 
2.351e-06      0.560078277886497 
2.3535e-06     0.5512720156555773 
2.356e-06      0.5424657534246575 
2.3585e-06     0.5336594911937378 
2.361e-06      0.5248532289628179 
2.3635e-06     0.5142857142857143 
2.366e-06      0.5054794520547945 
2.3685e-06     0.4966731898238748 
2.371e-06      0.4861056751467711 
2.3735e-06     0.4755381604696673 
2.376e-06      0.4667318982387476 
2.3785e-06     0.3605972249413569 
2.381e-06      0.4473581213307241 
2.3835e-06     0.4367906066536204 
2.386e-06      0.4262230919765166 
2.3885e-06     0.4174168297455969 
2.391e-06      0.4068493150684931 
2.3935e-06     0.3980430528375734 
2.396e-06      0.3874755381604696 
2.3985e-06     0.3786692759295499 
2.401e-06      0.3698630136986301 
2.4035e-06     0.3610567514677104 
2.406e-06      0.3504892367906066 
2.4085e-06     0.3416829745596869 
2.411e-06      0.3346379647749511 
2.4135e-06     0.3258317025440313 
2.416e-06      0.3170254403131115 
2.4185e-06     0.3099804305283758 
2.421e-06      0.301174168297456 
2.4235e-06     0.2941291585127202 
2.426e-06      0.2870841487279844 
2.4285e-06     0.2800391389432485 
2.431e-06      0.2747553816046967 
2.4335e-06     0.2677103718199609 
2.436e-06      0.262426614481409 
2.4385e-06     0.2571428571428572 
2.441e-06      0.2518590998043053 
2.4435e-06     0.2465753424657534 
2.446e-06      0.2430528375733855 
2.4485e-06     0.2377690802348336 
2.451e-06      0.2342465753424658 
2.4535e-06     0.2324853228962818 
2.456e-06      0.2289628180039139 
2.4585e-06     0.22720156555773 
2.461e-06      0.21431086384652 
2.4635e-06     0.2219178082191781 
2.466e-06      0.2219178082191781 
2.4685e-06     0.2201565557729941 
2.471e-06      0.2201565557729941 
2.4735e-06     0.2201565557729941 
2.476e-06      0.2219178082191781 
2.4785e-06     0.2219178082191781 
2.481e-06      0.2350322142088719 
2.4835e-06     0.225440313111546 
2.486e-06      0.22720156555773 
2.4885e-06     0.2307240704500979 
2.491e-06      0.2342465753424658 
2.4935e-06     0.2360078277886497 
2.496e-06      0.2412915851272016 
2.4985e-06     0.2448140900195695 
2.501e-06      0.2500978473581214 
2.5035e-06     0.2536203522504892 
2.506e-06      0.2589041095890411 
2.5085e-06     0.2659491193737769 
2.511e-06      0.2712328767123288 
2.5135e-06     0.2765166340508807 
2.516e-06      0.2835616438356164 
2.5185e-06     0.2906066536203523 
2.521e-06      0.297651663405088 
2.5235e-06     0.3064579256360078 
2.526e-06      0.3135029354207437 
2.5285e-06     0.3223091976516634 
2.531e-06      0.3293542074363993 
2.5335e-06     0.338160469667319 
2.536e-06      0.3469667318982388 
2.5385e-06     0.3557729941291585 
2.541e-06      0.3645792563600783 
2.5435e-06     0.375146771037182 
2.546e-06      0.3839530332681018 
2.5485e-06     0.3927592954990216 
2.551e-06      0.4033268101761253 
2.5535e-06     0.412133072407045 
2.556e-06      0.4227005870841487 
2.5585e-06     0.4315068493150685 
2.561e-06      0.5387841719691744 
2.5635e-06     0.452641878669276 
2.566e-06      0.4614481409001957 
2.5685e-06     0.4720156555772995 
2.571e-06      0.4825831702544031 
2.5735e-06     0.4913894324853229 
2.576e-06      0.5001956947162427 
2.5785e-06     0.5107632093933464 
2.581e-06      0.5195694716242661 
2.5835e-06     0.53013698630137 
