
time (s)       VT("/out") (V)


2.72e-08       0.5404879856369693 
2.97e-08       0.5539494465361134 
3.22e-08       0.5642933584418286 
3.47e-08       0.5669701161152568 
3.72e-08       0.5770688357552343 
3.97e-08       0.582768030965106 
4.22e-08       0.5976748796047908 
4.47e-08       0.5985777954784255 
4.72e-08       0.6087954206217743 
4.97e-08       0.6126959875571042 
5.22e-08       0.6282304366771477 
5.47e-08       0.6267995436871355 
5.72e-08       0.6351436449838499 
5.97e-08       0.6391101516519728 
6.22e-08       0.65030692324085 
6.469999999999999e-08 0.6481460761121821 
6.719999999999999e-08 0.6532166429223166 
6.97e-08       0.6569471624266144 
7.22e-08       0.665077125137114 
7.47e-08       0.6639921722113503 
7.72e-08       0.6690878580377918 
7.970000000000001e-08 0.6710474663100643 
8.220000000000001e-08 0.6727984344422701 
8.47e-08       0.7046071171607413 
8.720000000000001e-08 0.676320939334638 
8.969999999999999e-08 0.678082191780822 
9.219999999999999e-08 0.6798434442270059 
9.469999999999999e-08 0.6798434442270059 
9.72e-08       0.6798395300384639 
9.97e-08       0.678082191780822 
1.022e-07      0.678082191780822 
1.047e-07      0.6460124370647093 
1.072e-07      0.674559686888454 
1.097e-07      0.6727984344422701 
1.122e-07      0.6677579771174841 
1.147e-07      0.6675146771037183 
1.172e-07      0.659491501474971 
1.197e-07      0.6604696673189824 
1.222e-07      0.6536472969120939 
1.247e-07      0.6443180344893887 
1.272e-07      0.6463796477495107 
1.297e-07      0.6395677574573235 
1.322e-07      0.6312465964965855 
1.347e-07      0.62721397756702 
1.372e-07      0.6137806179526277 
1.397e-07      0.6149214758437442 
1.422e-07      0.6048738990937721 
1.447e-07      0.6007974957536674 
1.472e-07      0.5879201732143551 
1.497e-07      0.586699708008333 
1.522e-07      0.5748131426735041 
1.547e-07      0.5690317682191169 
1.572e-07      0.5416100292755429 
1.597e-07      0.550218400226667 
1.622e-07      0.5444306010786386 
1.647e-07      0.5232642974147639 
1.672e-07      0.5220400626109394 
1.697e-07      0.5161645497814528 
1.722e-07      0.4949197235172376 
1.747e-07      0.493828081370224 
1.772e-07      0.4880096840513957 
1.797e-07      0.466950430345725 
1.822e-07      0.4655439476516016 
1.847e-07      0.4192977010084292 
1.872e-07      0.4475700466828063 
1.897e-07      0.4356943712306842 
1.922e-07      0.4177543887572572 
1.947e-07      0.4176493044732203 
1.972e-07      0.4041875611512968 
1.997e-07      0.3902045545020992 
2.022e-07      0.3894810914821914 
2.047e-07      0.3760392173884428 
2.072e-07      0.3642501878960417 
2.097e-07      0.361263074443371 
2.122e-07      0.3493448443629491 
2.147e-07      0.3232501073208336 
2.172e-07      0.3348601482759843 
2.197e-07      0.3230129155278371 
2.222e-07      0.3172289879364893 
2.247e-07      0.3043159190017139 
2.272e-07      0.3031574825411221 
2.297e-07      0.291261021821343 
2.322e-07      0.2872418463216665 
2.347e-07      0.2721327219991938 
2.372e-07      0.2749646448554444 
2.397e-07      0.2648763984320766 
2.422e-07      0.262621948197751 
2.447e-07      0.2588837586360065 
2.472e-07      0.2462581418743201 
2.497e-07      0.2467805640894208 
2.522e-07      0.243021261950319 
2.547e-07      0.2349805008776688 
2.572e-07      0.2359702887699596 
2.597e-07      0.2308956737756648 
2.622e-07      0.2288979424621051 
2.647e-07      0.22720156555773 
2.672e-07      0.1952262424821762 
2.697e-07      0.223679060665362 
2.722e-07      0.2219178082191781 
2.747e-07      0.2219178082191781 
2.772e-07      0.2201565557729941 
2.797e-07      0.2201565557729941 
2.822e-07      0.2219178082191781 
2.847e-07      0.2219178082191781 
2.872e-07      0.2535931374782001 
2.897e-07      0.225440313111546 
2.922e-07      0.2272643758572474 
2.947e-07      0.2305417467442758 
2.972e-07      0.232511438981524 
2.997e-07      0.2405459868262559 
3.022e-07      0.2395630147650554 
3.047e-07      0.2446450421479718 
3.072e-07      0.2557441841538284 
3.097e-07      0.2536481054599957 
3.122e-07      0.258728060323684 
3.147e-07      0.2688196803614663 
3.172e-07      0.2710272107873416 
3.197e-07      0.2861715699440891 
3.222e-07      0.2833628632677849 
3.247e-07      0.2934374008547156 
3.272e-07      0.2974287719872982 
3.297e-07      0.310364164822204 
3.322e-07      0.3133006337745783 
3.347e-07      0.3234249730509767 
3.372e-07      0.3291848808638965 
3.397e-07      0.3504845099960736 
3.422e-07      0.3498303087243044 
3.447e-07      0.3555717648245007 
3.472e-07      0.3705194038691626 
3.497e-07      0.3777094432127351 
3.522e-07      0.3819837031526486 
3.547e-07      0.4010155261327678 
3.572e-07      0.4059065060183564 
3.597e-07      0.4119304256112284 
3.622e-07      0.4313730089857647 
3.647e-07      0.4343559588764543 
3.672e-07      0.4401464131348585 
3.697e-07      0.4881498290255358 
3.722e-07      0.4644373644449761 
3.747e-07      0.4804225071408065 
3.772e-07      0.4806564312185062 
3.797e-07      0.4925784838404508 
3.822e-07      0.5124877962159815 
3.847e-07      0.5088241603439738 
3.872e-07      0.5225027006166969 
3.897e-07      0.5386231267244453 
3.922e-07      0.5369865785377544 
3.947e-07      0.5488992530689129 
3.972e-07      0.5749856834426588 
3.997e-07      0.5651854339491149 
4.022e-07      0.5752654586494627 
4.047e-07      0.581019548464998 
4.072e-07      0.5939739317361369 
4.097e-07      0.5968541084055655 
4.122e-07      0.6069842254055451 
4.147e-07      0.6109505424615221 
4.172e-07      0.6263106836984615 
4.197e-07      0.6250521317613914 
4.222e-07      0.6333618612705149 
4.247e-07      0.6373193448343543 
4.272e-07      0.6410958904109589 
4.297e-07      0.6538566884702846 
4.322e-07      0.6532031587940558 
4.347e-07      0.6551876519613403 
4.372e-07      0.665058605695442 
4.397e-07      0.6639974730705647 
4.422e-07      0.669070302132851 
4.447e-07      0.6692759295499021 
4.472e-07      0.6727984344422701 
4.497e-07      0.7047556644072894 
4.522e-07      0.676320939334638 
4.547e-07      0.678082191780822 
4.572e-07      0.6781116911545312 
4.597e-07      0.6798434442270059 
4.622e-07      0.6798434442270059 
4.647e-07      0.6798035537439299 
4.672e-07      0.678082191780822 
4.697e-07      0.6458132834722927 
4.722e-07      0.674559686888454 
4.747e-07      0.6727984344422701 
4.772000000000001e-07 0.6695526860204599 
4.797e-07      0.6675146771037183 
4.822e-07      0.6595309573485233 
4.847e-07      0.6604696673189824 
4.872e-07      0.6554252381442983 
4.897000000000001e-07 0.6534225629497445 
4.922e-07      0.6407180244998849 
4.947e-07      0.6413337334534348 
4.972e-07      0.633061012113791 
4.997000000000001e-07 0.6307668240679817 
5.022e-07      0.6155503182073345 
5.047e-07      0.6167655945712394 
5.072000000000001e-07 0.6067165442019473 
5.097000000000001e-07 0.6026168633390803 
5.122e-07      0.5897168358434638 
5.147e-07      0.5884768030825366 
5.172e-07      0.5765980280818594 
5.197000000000001e-07 0.5724936751026959 
5.222000000000001e-07 0.5449235511871966 
5.247e-07      0.55051894379707 
5.272e-07      0.5461988905106648 
5.297000000000001e-07 0.5314686395135035 
5.322000000000001e-07 0.5242770157333773 
5.347e-07      0.5179781155183656 
5.372e-07      0.5010329810467519 
5.397e-07      0.4959059302601283 
5.422000000000001e-07 0.4897989201761784 
5.447000000000001e-07 0.4750160203395343 
5.472e-07      0.4658061707276202 
5.497e-07      0.4614581168606615 
5.522000000000001e-07 0.4130964334453071 
5.547000000000001e-07 0.4374946585569321 
5.572e-07      0.4299894814852343 
5.597e-07      0.4105611717136001 
5.622e-07      0.407547079114897 
5.647000000000001e-07 0.3892367906066536 
5.672e-07      0.3912346539379754 
5.697e-07      0.3793831441845331 
5.722e-07      0.3736742153220446 
5.747000000000001e-07 0.3542090219689521 
5.772000000000001e-07 0.351173804519489 
5.797e-07      0.3453666331634001 
5.822e-07      0.3161904965406244 
5.847000000000001e-07 0.3248488026692871 
5.872000000000001e-07 0.3207647385327647 
5.897e-07      0.3061342098104368 
5.922e-07      0.3049137979969765 
5.947e-07      0.2948334147821566 
5.972000000000001e-07 0.289008856915591 
5.997000000000001e-07 0.2756838155677642 
6.022e-07      0.2767290161364504 
6.047e-07      0.2666742552169094 
6.072000000000001e-07 0.2645164106210566 
6.097000000000001e-07 0.2588752859295643 
6.122e-07      0.2462707495894589 
6.147e-07      0.2485420391079055 
6.172e-07      0.2447842339877911 
6.197000000000001e-07 0.2368144455574889 
6.222000000000001e-07 0.2359692782252187 
6.247e-07      0.2326777347261787 
6.272e-07      0.2306817727280797 
6.297000000000001e-07 0.22720156555773 
6.322000000000001e-07 0.1950459212690967 
6.347e-07      0.223679060665362 
6.372e-07      0.2219178082191781 
6.397000000000001e-07 0.2219178082191781 
6.422000000000001e-07 0.2201565557729941 
6.447e-07      0.2201565557729941 
6.472e-07      0.2201578767562746 
6.497e-07      0.2219178082191781 
6.522000000000001e-07 0.2520760660982219 
6.547000000000001e-07 0.225440313111546 
6.572e-07      0.2272582833639538 
6.597e-07      0.2289628180039139 
6.622000000000001e-07 0.2323613105116142 
6.647000000000001e-07 0.234270892100116 
6.672e-07      0.2424475347383699 
6.697e-07      0.2446172565694927 
6.722e-07      0.2465973388599514 
6.747000000000001e-07 0.2593093495314632 
6.772000000000001e-07 0.2587179089236286 
6.797e-07      0.26700931560095 
6.822e-07      0.2677103718199609 
6.847000000000001e-07 0.2745270543231018 
6.872000000000001e-07 0.2898926894636868 
6.897e-07      0.288635846188071 
6.922e-07      0.2988273854812314 
6.947e-07      0.3026279763829819 
6.972000000000001e-07 0.3204504051427404 
6.997000000000001e-07 0.3216138670140403 
7.022e-07      0.3274165116541813 
7.047e-07      0.3412444557204355 
7.072000000000001e-07 0.3432187862084004 
7.097000000000001e-07 0.3566864087468823 
7.122e-07      0.3667902320089793 
7.147e-07      0.3714012681496212 
7.172000000000001e-07 0.3848493106370002 
7.197000000000001e-07 0.3974129101488292 
7.222e-07      0.399577706564057 
7.247e-07      0.4130252503581875 
7.272e-07      0.424954979881237 
7.297000000000001e-07 0.432189079851856 
7.322000000000001e-07 0.4383770406385534 
7.347e-07      0.4831082315218158 
7.372e-07      0.4624056963341118 
7.397000000000001e-07 0.4683644396892926 
7.422000000000001e-07 0.4877856254283333 
7.447e-07      0.4907509203953959 
7.472e-07      0.4964778498810159 
7.497e-07      0.5195621162697401 
7.522000000000001e-07 0.5189068758238635 
7.547000000000001e-07 0.5264074807241086 
7.572e-07      0.5458630317852713 
7.597e-07      0.5470764714803417 
7.622000000000001e-07 0.552847013487509 
7.647000000000001e-07 0.5804028377245183 
7.672e-07      0.5748726427115562 
7.697e-07      0.5792282814559434 
7.722000000000001e-07 0.5921225201346157 
7.747000000000001e-07 0.5950876456993861 
7.772000000000001e-07 0.6051703675218902 
7.797e-07      0.6091780248116505 
7.822e-07      0.6244130051440874 
7.847000000000001e-07 0.6232679126999409 
7.872000000000001e-07 0.6315562619106719 
7.897e-07      0.6340508806262231 
7.922e-07      0.6408899316061886 
7.947000000000001e-07 0.6520655371632819 
7.972000000000001e-07 0.6513626698778369 
7.997e-07      0.6551859099804306 
8.022e-07      0.6632715741079158 
8.047e-07      0.6622309549465949 
8.072000000000001e-07 0.6672829886954864 
8.097000000000001e-07 0.6692759295499021 
8.122e-07      0.6710584000465923 
8.147e-07      0.705131080088498 
8.172000000000001e-07 0.676320939334638 
8.197000000000001e-07 0.678082191780822 
8.222e-07      0.6781072606352174 
8.247e-07      0.6798434442270059 
8.272e-07      0.6798434442270059 
8.297000000000001e-07 0.6798119484673187 
8.322000000000001e-07 0.678082191780822 
8.347e-07      0.678082191780822 
8.372e-07      0.6461024348779832 
8.397000000000001e-07 0.674559686888454 
8.422000000000001e-07 0.6710371819960862 
8.447e-07      0.667740085103686 
8.472e-07      0.6657534246575342 
8.497000000000001e-07 0.6576644082623511 
8.522000000000001e-07 0.657242779178008 
8.547e-07      0.6534181420358418 
8.572e-07      0.6424994844774931 
8.597e-07      0.643113399116333 
8.622000000000001e-07 0.639334637964775 
8.647000000000001e-07 0.6294335855730021 
8.672e-07      0.6254412819817149 
8.697e-07      0.6101884652047762 
8.722000000000001e-07 0.6131624244207313 
8.747000000000001e-07 0.6030401212658286 
8.772e-07      0.5972790970266719 
8.797e-07      0.5839286256334759 
8.822e-07      0.5786588729957631 
8.847000000000001e-07 0.5743240353015445 
8.872000000000001e-07 0.5467077953614606 
8.897e-07      0.5567854533345385 
8.922e-07      0.5446680395451153 
8.947000000000001e-07 0.5304188900574229 
8.972000000000001e-07 0.5303515850826481 
8.997e-07      0.5183954835251521 
9.022e-07      0.5001990023341106 
9.047000000000001e-07 0.5021614625625731 
9.072000000000001e-07 0.4886807494897066 
9.097000000000001e-07 0.477001506057033 
9.122e-07      0.4739081928635798 
9.147e-07      0.4586381002099842 
9.172000000000001e-07 0.4181381267853018 
9.197000000000001e-07 0.4395514616289768 
9.222e-07      0.4334827884893997 
9.247e-07      0.4185992249537525 
9.272000000000001e-07 0.4095528073391376 
9.297000000000001e-07 0.4035084676864072 
9.322e-07      0.3821917808219178 
9.347e-07      0.3811959800187972 
9.372e-07      0.3753511526987589 
9.397000000000001e-07 0.3604369959518483 
9.422000000000001e-07 0.3531931938736377 
9.447e-07      0.3488820007997709 
9.472e-07      0.3212992058161888 
9.497000000000001e-07 0.331356602905849 
9.522000000000001e-07 0.3193912719714924 
9.546999999999999e-07 0.3050709494589039 
9.571999999999999e-07 0.3066860465582299 
9.597000000000001e-07 0.2966444857719605 
9.622000000000001e-07 0.2925571581298685 
9.647000000000001e-07 0.2774247540470746 
9.672e-07      0.2785256842301295 
9.697e-07      0.2729941291585127 
9.722e-07      0.2630953360231159 
9.747e-07      0.2590718989389308 
9.771999999999999e-07 0.2481077308439141 
9.796999999999999e-07 0.2500978473581214 
9.821999999999999e-07 0.2449770998964099 
9.846999999999999e-07 0.2368376369336135 
9.872000000000001e-07 0.2377407631974033 
9.897e-07      0.2327065988207841 
9.922e-07      0.2307240704500979 
9.947e-07      0.2288855894621654 
9.972e-07      0.225440313111546 
9.996999999999999e-07 0.1953760336428567 
1.0022e-06     0.2219178082191781 
1.0047e-06     0.2219178082191781 
1.0072e-06     0.2201565557729941 
1.0097e-06     0.2201565557729941 
1.0122e-06     0.2201565557729941 
1.0147e-06     0.2219178082191781 
1.0172e-06     0.2219178082191781 
1.0197e-06     0.2534330076958758 
1.0222e-06     0.225440313111546 
1.0247e-06     0.2272583542107274 
1.0272e-06     0.2323334729821158 
1.0297e-06     0.2342894984654196 
1.0322e-06     0.2423588021329502 
1.0347e-06     0.2413072147432738 
1.0372e-06     0.2464153657874883 
1.0397e-06     0.257461709100897 
1.0422e-06     0.2569263950741779 
1.0447e-06     0.2606769065652784 
1.0472e-06     0.270628914939833 
1.0497e-06     0.272816267552855 
1.0522e-06     0.2880122388010273 
1.0547e-06     0.2869041972841682 
1.0572e-06     0.2970060699902859 
1.0597e-06     0.300982170963293 
1.0622e-06     0.3140601458400533 
1.0647e-06     0.3167811221719312 
1.0672e-06     0.3285303721836541 
1.0697e-06     0.3514519238569956 
1.0722e-06     0.3415157692709788 
1.0747e-06     0.3534150161933237 
1.0772e-06     0.3695300163768495 
1.0797e-06     0.3678978886416525 
1.0822e-06     0.3798082893093689 
1.0847e-06     0.3997919497864768 
1.0872e-06     0.3960921495469295 
1.0897e-06     0.4079938864017786 
1.0922e-06     0.4259307911252575 
1.0947e-06     0.4260213507817763 
1.0972e-06     0.4394927573333527 
1.0997e-06     0.4813461955322471 
1.1022e-06     0.4542886063464015 
1.1047e-06     0.4695076230381942 
1.1072e-06     0.4813747610629728 
1.1097e-06     0.4886356994293503 
1.1122e-06     0.4947312678112128 
1.1147e-06     0.5119922221295606 
1.1172e-06     0.5186081694038605 
1.1197e-06     0.5228942526484212 
1.1222e-06     0.5377674675950271 
1.1247e-06     0.5447845013539038 
1.1272e-06     0.5510575031497693 
1.1297e-06     0.5660573707595815 
1.1322e-06     0.5669684143800772 
1.1347e-06     0.57884384291795 
1.1372e-06     0.5844737819165318 
1.1397e-06     0.6022060407160893 
1.1422e-06     0.6033619695240535 
1.1447e-06     0.6073650130587905 
1.1472e-06     0.6229176705757544 
1.1497e-06     0.6199608610567515 
1.1522e-06     0.6267839813746476 
1.1547e-06     0.6369290942190166 
1.1572e-06     0.6391162054807993 
1.1597e-06     0.6502546976997009 
1.1622e-06     0.6481411033470821 
1.1647e-06     0.6549862312799658 
1.1672e-06     0.6614237260948821 
1.1697e-06     0.6622309197651665 
1.1722e-06     0.6657534246575342 
1.1747e-06     0.6690852671706932 
1.1772e-06     0.6710496196911774 
1.1797e-06     0.6727984344422701 
1.1822e-06     0.704607635130899 
1.1847e-06     0.678082191780822 
1.1872e-06     0.6781005004599571 
1.1897e-06     0.6798434442270059 
1.1922e-06     0.6798434442270059 
1.1947e-06     0.6798241212480284 
1.1972e-06     0.678082191780822 
1.1997e-06     0.678082191780822 
1.2022e-06     0.6460304911474722 
1.2047e-06     0.674559686888454 
1.2072e-06     0.6727984344422701 
1.2097e-06     0.6677528865205701 
1.2122e-06     0.6657534246575342 
1.2147e-06     0.6594785884129541 
1.2172e-06     0.6587084148727985 
1.2197e-06     0.6536445403758906 
1.2222e-06     0.6442997038694099 
1.2247e-06     0.6463796477495107 
1.2272e-06     0.6395751041223876 
1.2297e-06     0.6294798953111932 
1.2322e-06     0.6271999574543394 
1.2347e-06     0.6137362647514965 
1.2372e-06     0.6149144991711298 
1.2397e-06     0.604823903606361 
1.2422e-06     0.6007955997695347 
1.2447e-06     0.5860988001801762 
1.2472e-06     0.5849474057802411 
1.2497e-06     0.5729851340554951 
1.2522e-06     0.548565422989659 
1.2547e-06     0.5603042975790642 
1.2572e-06     0.5484517885139218 
1.2597e-06     0.5427324071823308 
1.2622e-06     0.5233068164638712 
1.2647e-06     0.5202391449540067 
1.2672e-06     0.5144624261074096 
1.2697e-06     0.4931610867234437 
1.2722e-06     0.4920512943157799 
1.2747e-06     0.4759258996054195 
1.2772e-06     0.4756966673010707 
1.2797e-06     0.4637441775148486 
1.2822e-06     0.4180770082768009 
1.2847e-06     0.4458234000737627 
1.2872e-06     0.4323964246552248 
1.2897e-06     0.4205996299192787 
1.2922e-06     0.415911985552794 
1.2947e-06     0.4024342340103529 
1.2972e-06     0.390116040506193 
1.2997e-06     0.387765194868827 
1.3022e-06     0.3743050364118529 
1.3047e-06     0.3624860725633119 
1.3072e-06     0.3595162827198318 
1.3097e-06     0.3460050296727024 
1.3122e-06     0.3230903825596895 
1.3147e-06     0.3330982753804517 
1.3172e-06     0.3230053130906628 
1.3197e-06     0.317239017967146 
1.3222e-06     0.3024123857879881 
1.3247e-06     0.3014292759563332 
1.3272e-06     0.2912130512356094 
1.3297e-06     0.2872566790717493 
1.3322e-06     0.2720968224336738 
1.3347e-06     0.2732048253440187 
1.3372e-06     0.2648726043145991 
1.3397e-06     0.260874287303932 
1.3422e-06     0.2498442161157446 
1.3447e-06     0.2518468933370251 
1.3472e-06     0.2467688358173549 
1.3497e-06     0.2430319725562574 
1.3522e-06     0.2348870642357891 
1.3547e-06     0.2359777169860031 
1.3572e-06     0.2308924059653031 
1.3597e-06     0.2288924169884559 
1.3622e-06     0.22720156555773 
1.3647e-06     0.1953223854455064 
1.3672e-06     0.223679060665362 
1.3697e-06     0.2219178082191781 
1.3722e-06     0.2201565557729941 
1.3747e-06     0.2201565557729941 
1.3772e-06     0.2201565557729941 
1.3797e-06     0.2219178082191781 
1.3822e-06     0.2219178082191781 
1.3847e-06     0.2535256415962808 
1.3872e-06     0.225440313111546 
1.3897e-06     0.2272681290812967 
1.3922e-06     0.2323256253701552 
1.3947e-06     0.2325204869938146 
1.3972e-06     0.2405617608243944 
1.3997e-06     0.2395592015407519 
1.4022e-06     0.246408804703167 
1.4047e-06     0.2556833288245381 
1.4072e-06     0.2536437753948607 
1.4097e-06     0.2604945105987508 
1.4122e-06     0.2688202364119525 
1.4147e-06     0.2728003233354889 
1.4172e-06     0.2862471240129716 
1.4197e-06     0.2851411455349793 
1.4222e-06     0.2952209454305895 
1.4247e-06     0.2992083346392811 
1.4272e-06     0.3121951405057322 
1.4297e-06     0.3133023571529065 
1.4322e-06     0.3252153301182699 
1.4347e-06     0.3309254668791095 
1.4372e-06     0.3504758253281282 
1.4397e-06     0.3498356078928665 
1.4422e-06     0.3555682271796204 
1.4447e-06     0.3767726778934382 
1.4472e-06     0.3779764391037148 
1.4497e-06     0.383749717451244 
1.4522e-06     0.4050880626223092 
1.4547e-06     0.4061670166525896 
1.4572e-06     0.4119127029018725 
1.4597e-06     0.4331761155524669 
1.4622e-06     0.4343969406405074 
1.4647e-06     0.4801405669022659 
1.4672e-06     0.4525356894540211 
1.4697e-06     0.4644727840781727 
1.4722e-06     0.4822861090108367 
1.4747e-06     0.482421663510317 
1.4772e-06     0.4958576922869297 
1.4797e-06     0.5099187315905692 
1.4822e-06     0.5105827262072397 
1.4847e-06     0.524003544802191 
1.4872e-06     0.5358463274521401 
1.4897e-06     0.538739863190617 
1.4922e-06     0.5506786920801655 
1.4947e-06     0.5766605366914507 
1.4972e-06     0.5651998182539397 
1.4997e-06     0.577041633312629 
1.5022e-06     0.582784045780572 
1.5047e-06     0.5958275942852232 
1.5072e-06     0.5968440439790929 
1.5097e-06     0.6087721327400241 
1.5122e-06     0.6127176680928428 
1.5147e-06     0.6280903738400919 
1.5172e-06     0.625042227102611 
1.5197e-06     0.6351392999492183 
1.5222e-06     0.6373353571472358 
1.5247e-06     0.6410958904109589 
1.5272e-06     0.6539083983964125 
1.5297e-06     0.6532137633383396 
1.5322e-06     0.6569471624266144 
1.5347e-06     0.6650696822717164 
1.5372e-06     0.6639976748780727 
1.5397e-06     0.6690780892532894 
1.5422e-06     0.6710446171446889 
1.5447e-06     0.6727984344422701 
1.5472e-06     0.7046865891357833 
1.5497e-06     0.676320939334638 
1.5522e-06     0.678082191780822 
1.5547e-06     0.6781130307121598 
1.5572e-06     0.6798434442270059 
1.5597e-06     0.6798434442270059 
1.5622e-06     0.678082191780822 
1.5647e-06     0.678082191780822 
1.5672e-06     0.645944695186792 
1.5697e-06     0.674559686888454 
1.5722e-06     0.6727984344422701 
1.5747e-06     0.6695252996073888 
1.5772e-06     0.6675146771037183 
1.5797e-06     0.6594999532787154 
1.5822e-06     0.6604696673189824 
1.5847e-06     0.6554184078439217 
1.5872e-06     0.6443138133405505 
1.5897e-06     0.6463796477495107 
1.5922e-06     0.6413321394642855 
1.5947e-06     0.6312563664331267 
1.5972e-06     0.6289780869011031 
1.5997e-06     0.6137860820488885 
1.6022e-06     0.6166981384433653 
1.6047e-06     0.6066605621887744 
1.6072e-06     0.6025783625995693 
1.6097e-06     0.5896944291582832 
1.6122e-06     0.5867054631208396 
1.6147e-06     0.5765787691861312 
1.6172e-06     0.5707724674452995 
1.6197e-06     0.5416287690379076 
1.6222e-06     0.5502695590554272 
1.6247e-06     0.5444332063737812 
1.6272e-06     0.5296044142667173 
1.6297e-06     0.5222583824161606 
1.6322e-06     0.5179663831048344 
1.6347e-06     0.4992273729770633 
1.6372e-06     0.4940656981980844 
1.6397e-06     0.4880077121754063 
1.6422e-06     0.4686751828423412 
1.6447e-06     0.4655866084310547 
1.6472e-06     0.4596977108095641 
1.6497e-06     0.4113260147542003 
1.6522e-06     0.4357335246566821 
1.6547e-06     0.4195611147282967 
1.6572e-06     0.4194119693791855 
1.6597e-06     0.4075137660299089 
1.6622e-06     0.387480953202925 
1.6647e-06     0.3912329258525026 
1.6672e-06     0.3775832080939506 
1.6697e-06     0.3614425338087432 
1.6722e-06     0.3630248070319155 
1.6747e-06     0.3511268886259311 
1.6772e-06     0.3249331825694738 
1.6797e-06     0.3348764645529182 
1.6822e-06     0.3248228041034242 
1.6847e-06     0.3189913197546064 
1.6872e-06     0.3061491135070278 
1.6897e-06     0.3031422160113096 
1.6922e-06     0.2930439448329903 
1.6947e-06     0.2890013701168156 
1.6972e-06     0.2739903667985601 
1.6997e-06     0.2749648752290514 
1.7022e-06     0.266657774401686 
1.7047e-06     0.2626465103797803 
1.7072e-06     0.2588743659566378 
1.7097e-06     0.2462799791469537 
1.7122e-06     0.2467917475941562 
1.7147e-06     0.2447812219922761 
1.7172e-06     0.2350140553314327 
1.7197e-06     0.235968349366323 
1.7222e-06     0.2309035916148077 
1.7247e-06     0.2306670576465669 
1.7272e-06     0.22720156555773 
1.7297e-06     0.1951650844962908 
1.7322e-06     0.223679060665362 
1.7347e-06     0.2219178082191781 
1.7372e-06     0.2219178082191781 
1.7397e-06     0.2201565557729941 
1.7422e-06     0.2201565557729941 
1.7447e-06     0.2201644614659116 
1.7472e-06     0.2219178082191781 
1.7497e-06     0.2536660079752575 
1.7522e-06     0.225440313111546 
1.7547e-06     0.2272657193641618 
1.7572e-06     0.2305334971020989 
1.7597e-06     0.2324853228962818 
1.7622e-06     0.2405359190946361 
1.7647e-06     0.2395519233472269 
1.7672e-06     0.2446236236362997 
1.7697e-06     0.2465917208611656 
1.7722e-06     0.2593550869755223 
1.7747e-06     0.2587237295202085 
1.7772e-06     0.2670356157245709 
1.7797e-06     0.2692423426586105 
1.7822e-06     0.284471062359322 
1.7847e-06     0.2833026215153436 
1.7872e-06     0.2933649465579479 
1.7897e-06     0.2973896512017571 
1.7922e-06     0.3103623509274487 
1.7947e-06     0.3115282746363384 
1.7972e-06     0.3234150468293397 
1.7997e-06     0.3274301208038652 
1.8022e-06     0.3426369697177541 
1.8047e-06     0.3495405290337617 
1.8072e-06     0.3538128950544425 
1.8097e-06     0.3686419018748401 
1.8122e-06     0.3757045999591884 
1.8147e-06     0.3819730756976059 
1.8172e-06     0.3991579855384589 
1.8197e-06     0.4040642790429992 
1.8222e-06     0.4101570445576702 
1.8247e-06     0.425077168761147 
1.8272e-06     0.4340953042429665 
1.8297e-06     0.4383821251726195 
1.8322e-06     0.4863917614902951 
1.8347e-06     0.4626087821825481 
1.8372e-06     0.4700674349045151 
1.8397e-06     0.489549733430539 
1.8422e-06     0.4925255082518435 
1.8447e-06     0.5107348714074514 
1.8472e-06     0.5088220682966947 
1.8497e-06     0.520713112078007 
1.8522e-06     0.5263292037274607 
1.8547e-06     0.5459310472599316 
1.8572e-06     0.5488504284727884 
1.8597e-06     0.5545838439101978 
1.8622e-06     0.5759295499021526 
1.8647e-06     0.5752480935482732 
1.8672e-06     0.5792464993063605 
1.8697e-06     0.5939510477368656 
1.8722e-06     0.5951022813810007 
1.8747e-06     0.6052112212935187 
1.8772e-06     0.6109552310644095 
1.8797e-06     0.6245026475328102 
1.8822e-06     0.6232872572590346 
1.8847e-06     0.6333410960028786 
1.8872e-06     0.6354476743704266 
1.8897e-06     0.6410958904109589 
1.8922e-06     0.653888047891653 
1.8947e-06     0.6514118255199978 
1.8972e-06     0.6551859099804306 
1.8997e-06     0.6632994132709515 
1.9022e-06     0.6639989693853817 
1.9047e-06     0.6672919008141361 
1.9072e-06     0.6692759295499021 
1.9097e-06     0.6727984344422701 
1.9122e-06     0.7048647037171024 
1.9147e-06     0.676320939334638 
1.9172e-06     0.678082191780822 
1.9197e-06     0.6781101338736251 
1.9222e-06     0.6798434442270059 
1.9247e-06     0.6798434442270059 
1.9272e-06     0.6798076177013835 
1.9297e-06     0.678082191780822 
1.9322e-06     0.6473804740539719 
1.9347e-06     0.674559686888454 
1.9372e-06     0.6727984344422701 
1.9397e-06     0.6710371819960862 
1.9422e-06     0.6677403692291368 
1.9447e-06     0.6657534246575342 
1.9472e-06     0.6576787068171303 
1.9497e-06     0.6554433358550019 
1.9522e-06     0.6534212385873643 
1.9547e-06     0.6407825536534664 
1.9572e-06     0.6413399746605896 
1.9597e-06     0.6330903371124549 
1.9622e-06     0.6322896281800392 
1.9647e-06     0.6254807139873922 
1.9672e-06     0.6100769834302081 
1.9697e-06     0.6114207481363847 
1.9722e-06     0.6012313548853447 
1.9747e-06     0.5973701959625102 
1.9772e-06     0.5796462331093636 
1.9797e-06     0.5783938078842286 
1.9822e-06     0.5725467974218243 
1.9847e-06     0.5467014712993693 
1.9872e-06     0.5568367194959259 
1.9897e-06     0.5433795314893891 
1.9922e-06     0.5333309547568301 
1.9947e-06     0.5286030396833876 
1.9972e-06     0.5151192351784977 
1.9997e-06     0.5028525436294128 
2.0022e-06     0.5004319559268803 
2.0047e-06     0.4869453482787535 
2.0072e-06     0.4751452336202244 
2.0097e-06     0.4676977055087517 
2.0122e-06     0.4615344157092892 
2.0147e-06     0.4162801104050633 
2.0172e-06     0.4377388924239075 
2.0197e-06     0.4317176749132089 
2.0222e-06     0.4123463886346599 
2.0247e-06     0.4093143884366259 
2.0272e-06     0.403512922787847 
2.0297e-06     0.3804326690871381 
2.0322e-06     0.3811413065415751 
2.0347e-06     0.373598908280549 
2.0372e-06     0.3542039161805836 
2.0397e-06     0.352932356454675 
2.0422e-06     0.3470891757646377 
2.0447e-06     0.3195226514884599 
2.0472e-06     0.3252201952443332 
2.0497e-06     0.3207878030679491 
2.0522e-06     0.3079658944638343 
2.0547e-06     0.304920694658468 
2.0572e-06     0.2948340738779101 
2.0597e-06     0.2907750865606765 
2.0622e-06     0.2756952866074857 
2.0647e-06     0.2767394200208377 
2.0672e-06     0.2684979324589932 
2.0697e-06     0.2659477501942555 
2.0722e-06     0.2590700735214211 
2.0747e-06     0.2480922168579145 
2.0772e-06     0.2485940402122811 
2.0797e-06     0.2447914077129546 
2.0822e-06     0.2368177434768556 
2.0847e-06     0.2377316383776475 
2.0872e-06     0.2326859119843901 
2.0897e-06     0.2307240704500979 
2.0922e-06     0.2288842233890351 
2.0947e-06     0.1947803399967095 
2.0972e-06     0.223679060665362 
2.0997e-06     0.2219178082191781 
2.1022e-06     0.2219178082191781 
2.1047e-06     0.2201565557729941 
2.1072e-06     0.2201565557729941 
2.1097e-06     0.2201565557729941 
2.1122e-06     0.2219178082191781 
2.1147e-06     0.2219178082191781 
2.1172e-06     0.253410608433931 
2.1197e-06     0.2254851732204617 
2.1222e-06     0.2289628180039139 
2.1247e-06     0.2323395759374599 
2.1272e-06     0.2342818542653863 
2.1297e-06     0.2424319859082328 
2.1322e-06     0.2428179114831812 
2.1347e-06     0.2465972202802558 
2.1372e-06     0.2575145827928259 
2.1397e-06     0.256953878561861 
2.1422e-06     0.2606653620352251 
2.1447e-06     0.2706396253845078 
2.1472e-06     0.2745689084970973 
2.1497e-06     0.2898246218969431 
2.1522e-06     0.286905473258757 
2.1547e-06     0.2970410262576244 
2.1572e-06     0.3027285946959781 
2.1597e-06     0.3161218554777369 
2.1622e-06     0.3213364332043444 
2.1647e-06     0.3256329047147267 
2.1672e-06     0.3408455640457493 
2.1697e-06     0.343269238516382 
2.1722e-06     0.3566967133958836 
2.1747e-06     0.3667135572718667 
2.1772e-06     0.3696512072172708 
2.1797e-06     0.3816221750529395 
2.1822e-06     0.3997862730524581 
2.1847e-06     0.3978398199549255 
2.1872e-06     0.411258693686778 
2.1897e-06     0.4231148066474055 
2.1922e-06     0.4260143535788691 
2.1947e-06     0.4412580243892525 
2.1972e-06     0.4813581102187173 
2.1997e-06     0.4605807014575584 
2.2022e-06     0.4665858985001175 
2.2047e-06     0.4814823422869917 
2.2072e-06     0.4904877672195788 
2.2097e-06     0.496490851299597 
2.2122e-06     0.5178082191780823 
2.2147e-06     0.5188909242092437 
2.2172e-06     0.5246523183617474 
2.2197e-06     0.5396382619109015 
2.2222e-06     0.5468056295369123 
2.2247e-06     0.5510760118144914 
2.2272e-06     0.5666749782595694 
2.2297e-06     0.5686995403890835 
2.2322e-06     0.5806836532602222 
2.2347e-06     0.5949720821451032 
2.2372e-06     0.5933201871127988 
2.2397e-06     0.6034047755884633 
2.2422e-06     0.607398233568176 
2.2447e-06     0.622817141884056 
2.2472e-06     0.6214838309648291 
2.2497e-06     0.6270058708414874 
2.2522e-06     0.636945559810363 
2.2547e-06     0.6408802222655627 
2.2572e-06     0.6520479490191559 
2.2597e-06     0.6499021526418787 
2.2622e-06     0.6549783492723826 
2.2647e-06     0.6632438327567944 
2.2672e-06     0.6622309197651665 
2.2697e-06     0.6672478421898052 
2.2722e-06     0.6692759295499021 
2.2747e-06     0.6710534282029622 
2.2772e-06     0.674559686888454 
2.2797e-06     0.7045844799986729 
2.2822e-06     0.678082191780822 
2.2847e-06     0.6781021543637124 
2.2872e-06     0.6798434442270059 
2.2897e-06     0.6798434442270059 
2.2922e-06     0.6798182284887885 
2.2947e-06     0.678082191780822 
2.2972e-06     0.678082191780822 
2.2997e-06     0.6460921229400404 
2.3022e-06     0.674559686888454 
2.3047e-06     0.6727984344422701 
2.3072e-06     0.6677440567600963 
2.3097e-06     0.6657534246575342 
2.3122e-06     0.6576901211271404 
2.3147e-06     0.6587084148727985 
2.3172e-06     0.6536396647968102 
2.3197e-06     0.642579523059848 
2.3222e-06     0.6431416724218296 
2.3247e-06     0.639334637964775 
2.3272e-06     0.6294633521213134 
2.3297e-06     0.6271952183657481 
2.3322e-06     0.6119579674681224 
2.3347e-06     0.6131500684623701 
2.3372e-06     0.6030632974053551 
2.3397e-06     0.5990303065975577 
2.3422e-06     0.5860444358325408 
2.3447e-06     0.5832268946382074 
2.3472e-06     0.5714401897852739 
2.3497e-06     0.5484650143992965 
2.3522e-06     0.5585347559677538 
2.3547e-06     0.546672069595584 
2.3572e-06     0.5304817566468066 
2.3597e-06     0.5321138108195753 
2.3622e-06     0.5202189432754464 
2.3647e-06     0.500201473153462 
2.3672e-06     0.5039239438294438 
2.3697e-06     0.4920244400039397 
2.3722e-06     0.4741143058469309 
2.3747e-06     0.4739042586446873 
2.3772e-06     0.4603504728813277 
2.3797e-06     0.4180147037939135 
2.3822e-06     0.4458580924772857 
2.3847e-06     0.4306444963807075 
2.3872e-06     0.4187632047214507 
2.3897e-06     0.4114347179381126 
2.3922e-06     0.4052832136163577 
2.3947e-06     0.3882927540482392 
2.3972e-06     0.3814563871198827 
2.3997e-06     0.3771196945250024 
2.4022e-06     0.3624143499694705 
2.4047e-06     0.3551814464505124 
2.4072e-06     0.34889828084372 
2.4097e-06     0.3213124243664631 
2.4122e-06     0.3331003322359553 
2.4147e-06     0.3212352213509465 
2.4172e-06     0.3155319402069354 
2.4197e-06     0.2978258616140716 
2.4222e-06     0.2966841217123064 
2.4247e-06     0.2925938395649078 
2.4272e-06     0.2771636392314034 
2.4297e-06     0.2800391389432485 
2.4322e-06     0.2732209597606012 
2.4347e-06     0.263110413293458 
2.4372e-06     0.2608539553835932 
2.4397e-06     0.2498568744867881 
2.4422e-06     0.2518493861885605 
2.4447e-06     0.2449845831686406 
2.4472e-06     0.2385356555694489 
2.4497e-06     0.2377575474598968 
2.4522e-06     0.2342465753424658 
2.4547e-06     0.2308794511746439 
2.4572e-06     0.2288864786406294 
2.4597e-06     0.22720156555773 
2.4622e-06     0.1953229270006091 
2.4647e-06     0.2219178082191781 
2.4672e-06     0.2219178082191781 
2.4697e-06     0.2201565557729941 
2.4722e-06     0.2201565557729941 
2.4747e-06     0.2201565557729941 
2.4772e-06     0.2219178082191781 
2.4797e-06     0.2219178082191781 
2.4822e-06     0.2534546294647973 
2.4847e-06     0.225440313111546 
2.4872e-06     0.2272622615805108 
2.4897e-06     0.2323333263739704 
2.4922e-06     0.234287148602155 
2.4947e-06     0.2405672552703928 
2.4972e-06     0.2413214222904588 
2.4997e-06     0.2464173501533607 
2.5022e-06     0.257440089290381 
2.5047e-06     0.2536204535517133 
2.5072e-06     0.2604787739362277 
2.5097e-06     0.2705986256752371 
2.5122e-06     0.2728069281995006 
2.5147e-06     0.2861939542675317 
2.5172e-06     0.2851459339635208 
2.5197e-06     0.2952234940020456 
2.5222e-06     0.2992125561453497 
2.5247e-06     0.3139990657274437 
2.5272e-06     0.3150589700541939 
2.5297e-06     0.3270277241712811 
2.5322e-06     0.3513414981727958 
2.5347e-06     0.3397555611003881 
2.5372e-06     0.351627374495957 
2.5397e-06     0.3572749064011108 
2.5422e-06     0.3767878742549082 
2.5447e-06     0.3797621333795285 
2.5472e-06     0.3854899101822044 
2.5497e-06     0.4068493150684931 
2.5522e-06     0.4079722585885743 
2.5547e-06     0.4240510355569053 
2.5572e-06     0.4242657393055397 
2.5597e-06     0.4362012732805171 
2.5622e-06     0.4813394720145346 
2.5647e-06     0.4543373329861174 
2.5672e-06     0.4677521373798617 
2.5697e-06     0.4794512558125614 
2.5722e-06     0.4841492262467418 
2.5747e-06     0.4976141428616808 
2.5772e-06     0.5100158187464087 
2.5797e-06     0.5122949120623695 
2.5822e-06     0.5257687817264578 
2.5847e-06     0.537638848315348 
