
time (s)       VT("/out") (V)


2.765e-08      0.5440512325827851 
3.015e-08      0.5565557729941292 
3.265e-08      0.5640215833402802 
3.515e-08      0.570140370518388 
3.765e-08      0.5812133072407045 
4.015e-08      0.5863277560456568 
4.265e-08      0.5970645792563601 
4.515e-08      0.6017480498815565 
4.765e-08      0.6111545988258317 
5.015e-08      0.6158662419602354 
5.265e-08      0.6252446183953033 
5.515e-08      0.6295882073219982 
5.765e-08      0.637573385518591 
6.014999999999999e-08 0.641108059543722 
6.265e-08      0.6494987910293872 
6.515e-08      0.6497312033137477 
6.765e-08      0.6552129018304325 
7.015e-08      0.6585190999655 
7.265000000000001e-08 0.6639921722113503 
7.515000000000001e-08 0.6655737416481244 
7.765e-08      0.6706776900013663 
8.015e-08      0.6722373109794846 
8.265e-08      0.6732087254462611 
8.514999999999999e-08 0.6804142202885238 
8.765000000000001e-08 0.6767500924497669 
9.015e-08      0.6792637736752521 
9.265e-08      0.6798434442270059 
9.515e-08      0.6798434442270059 
9.765e-08      0.6786687451139897 
1.0015e-07     0.678082191780822 
1.0265e-07     0.6776557873071487 
1.0515e-07     0.6701965355558706 
1.0765e-07     0.6741623460522448 
1.1015e-07     0.6712181554091686 
1.1265e-07     0.6673589963885233 
1.1515e-07     0.6659376719064356 
1.1765e-07     0.6604696673189824 
1.2015e-07     0.6585165808010801 
1.2265e-07     0.6520576838946308 
1.2515e-07     0.6450144554460587 
1.2765e-07     0.64442544991004 
1.3015e-07     0.6367953654054497 
1.3265e-07     0.6287671232876713 
1.3515e-07     0.6252274997612751 
1.3765e-07     0.6164383561643836 
1.4015e-07     0.6117512214406132 
1.4265e-07     0.6023483365949119 
1.4515e-07     0.5976272413505362 
1.4765e-07     0.5882583170254404 
1.5015e-07     0.5823522799899415 
1.5265e-07     0.5712407634054191 
1.5515e-07     0.5658615138159857 
1.5765e-07     0.5499180365881242 
1.6015e-07     0.5466773135810927 
1.6265e-07     0.5396752194739421 
1.6515e-07     0.5252445147237181 
1.6765e-07     0.51847470245398 
1.7015e-07     0.5118154728049322 
1.7265e-07     0.4965048507188031 
1.7515e-07     0.4902727266567341 
1.7765e-07     0.4832543024466989 
1.8015e-07     0.4689126877458415 
1.8265e-07     0.4607885660469048 
1.8515e-07     0.449119373776908 
1.8765e-07     0.4440293929968046 
1.9015e-07     0.4309499189335026 
1.9265e-07     0.4191780821917809 
1.9515e-07     0.4133005843215704 
1.9765e-07     0.3998043052837574 
2.0015e-07     0.3923715729456069 
2.0265e-07     0.3851113379398917 
2.0515e-07     0.3716242661448141 
2.0765e-07     0.3641893634814286 
2.1015e-07     0.3569137118278886 
2.1265e-07     0.3457624992135523 
2.1515e-07     0.3315811279772679 
2.1765e-07     0.3312954580688035 
2.2015e-07     0.3187866927592955 
2.2265e-07     0.3140587335333583 
2.2515e-07     0.3046966731898239 
2.2765e-07     0.2995918956541356 
2.3015e-07     0.2888454011741683 
2.3265e-07     0.2840715919185354 
2.3515e-07     0.2751491139889727 
2.3765e-07     0.2717943904523132 
2.4015e-07     0.2652427755786994 
2.4265e-07     0.2598484804782392 
2.4515e-07     0.2568797481787752 
2.4765e-07     0.2469828823407647 
2.5015e-07     0.2447933133994195 
2.5265e-07     0.2414361347487533 
2.5515e-07     0.2360078277886497 
2.5765e-07     0.2343851615683941 
2.6015e-07     0.2293105465740991 
2.6265e-07     0.2277507230126006 
2.6515e-07     0.2267552037005198 
2.6765e-07     0.2194005435207016 
2.7015e-07     0.2232782063119453 
2.7265e-07     0.2219178082191781 
2.7515e-07     0.220750024796429 
2.7765e-07     0.2201565557729941 
2.8015e-07     0.2213038688125918 
2.8265e-07     0.2219178082191781 
2.8515e-07     0.2223156201441597 
2.8765e-07     0.2293722550856684 
2.9015e-07     0.2258787559696665 
2.9265e-07     0.2284296589414187 
2.9515e-07     0.2321268739458415 
2.9765e-07     0.2340965661830897 
3.0015e-07     0.2395303326810176 
3.0265e-07     0.241148141966621 
3.0515e-07     0.2466374301805969 
3.0765e-07     0.2549699877791071 
3.1015e-07     0.2552332326615613 
3.1265e-07     0.2618983147268153 
3.1515e-07     0.2684557102272954 
3.1765e-07     0.274197465190473 
3.2015e-07     0.2831448137912329 
3.2265e-07     0.2865331176709163 
3.2515e-07     0.2958904109589041 
3.2765e-07     0.3005990263904296 
3.3015e-07     0.310384675649073 
3.3265e-07     0.3164708881777097 
3.3515e-07     0.3275929549902153 
3.3765e-07     0.3327556905930956 
3.4015e-07     0.3484886837779337 
3.4265e-07     0.3534009894785652 
3.4515e-07     0.3599174002425691 
3.4765e-07     0.3702598221472825 
3.5015e-07     0.3804305283757339 
3.5265e-07     0.386703498990472 
3.5515e-07     0.3984427093788511 
3.5765e-07     0.4103718199608611 
3.6015e-07     0.4162892498057902 
3.6265e-07     0.429892627763835 
3.6515e-07     0.4379241971143494 
3.6765e-07     0.4449017947395555 
3.7015e-07     0.4596868884540117 
3.7265e-07     0.4684931506849315 
3.7515e-07     0.4790606653620352 
3.7765e-07     0.4842267257180049 
3.8015e-07     0.4973338654451478 
3.8265e-07     0.5104913858772686 
3.8515e-07     0.513561267752203 
3.8765e-07     0.5260720594285474 
3.9015e-07     0.5366365304900338 
3.9265e-07     0.5405510026116809 
3.9515e-07     0.5530332681017613 
3.9765e-07     0.5670600474348304 
4.0015e-07     0.5683556883522463 
4.0265e-07     0.5788415898132441 
4.0515e-07     0.5841898028681294 
4.0765e-07     0.5951535588875765 
4.1015e-07     0.600024362808697 
4.1265e-07     0.6093933463796478 
4.1515e-07     0.6141207968646534 
4.1765e-07     0.6234833659491195 
4.2015e-07     0.6270655030404777 
4.2265e-07     0.6358121330724071 
4.2515e-07     0.6400969238764903 
4.2765e-07     0.6430698448463482 
4.3015e-07     0.6530315423356823 
4.3265e-07     0.6548001667996075 
4.3515e-07     0.6571602163822822 
4.3765e-07     0.6639921722113503 
4.4015e-07     0.6655826002721303 
4.4265e-07     0.6695105291238368 
4.4515e-07     0.6708594650653531 
4.4765e-07     0.6732074367790731 
4.5015e-07     0.6805554275539034 
4.5265e-07     0.6767490683179384 
4.5515e-07     0.678082191780822 
4.5765e-07     0.6792821897682328 
4.6015e-07     0.6798434442270059 
4.6265e-07     0.6798434442270059 
4.6515e-07     0.6786473674510816 
4.6765e-07     0.6776698249626915 
4.7015e-07     0.6699966726983952 
4.7265e-07     0.6741658110848119 
4.7515e-07     0.6716198619974267 
4.7765e-07     0.6679626309393606 
4.8015e-07     0.6659796433390127 
4.826499999999999e-07 0.6604696673189824 
4.8515e-07     0.6589064716598255 
4.8765e-07     0.6538401109427328 
4.9015e-07     0.6514331415184411 
4.9265e-07     0.6414902725095636 
4.9515e-07     0.6393452657537825 
4.9765e-07     0.6317037976811043 
5.0015e-07     0.627596569664851 
5.0265e-07     0.6181996086105676 
5.051499999999999e-07 0.6135953401681087 
5.0765e-07     0.6041095890410959 
5.1015e-07     0.5994466089359497 
5.1265e-07     0.5900195694716243 
5.1515e-07     0.5849163613434031 
5.176499999999999e-07 0.5741682974559688 
5.2015e-07     0.5681627210589093 
5.2265e-07     0.5540390772209459 
5.2515e-07     0.5477495107632094 
5.276499999999999e-07 0.5426323629721271 
5.3015e-07     0.5303150676836829 
5.3265e-07     0.5195694716242661 
5.3515e-07     0.514401329974992 
5.376499999999999e-07 0.5006699093290441 
5.401499999999999e-07 0.4913894324853229 
5.4265e-07     0.4862237883327044 
5.4515e-07     0.473430893137969 
5.4765e-07     0.4632093933463797 
5.501499999999999e-07 0.4567027352559656 
5.5265e-07     0.4420743639921722 
5.5515e-07     0.4327831936151142 
5.5765e-07     0.426414556007496 
5.601499999999999e-07 0.412133072407045 
5.626499999999999e-07 0.4033268101761253 
5.6515e-07     0.3908167211192629 
5.6765e-07     0.3876739258482239 
5.7015e-07     0.375146771037182 
5.726499999999999e-07 0.3701032250263023 
5.7515e-07     0.3557729941291585 
5.7765e-07     0.3469667318982388 
5.8015e-07     0.3417866757643683 
5.826499999999999e-07 0.3244879929302912 
5.8515e-07     0.3223091976516634 
5.8765e-07     0.3172005121749467 
5.9015e-07     0.3064579256360078 
5.9265e-07     0.3017435435938459 
5.951499999999999e-07 0.2906066536203523 
5.9765e-07     0.28701752644774 
6.0015e-07     0.2782778864970646 
6.0265e-07     0.2735587617333198 
6.051499999999999e-07 0.265480775783631 
6.0765e-07     0.261346156217926 
6.1015e-07     0.256905680824596 
6.1265e-07     0.2500978473581214 
6.151499999999999e-07 0.2457821476356558 
6.176499999999999e-07 0.2431991067862257 
6.2015e-07     0.237224605135451 
6.2265e-07     0.2347916416089756 
6.2515e-07     0.2310926075246134 
6.276499999999999e-07 0.2290966455265145 
6.3015e-07     0.2267584762084495 
6.3265e-07     0.2192222080176311 
6.3515e-07     0.2232799662782768 
6.376499999999999e-07 0.2219178082191781 
6.4015e-07     0.2207512442405918 
6.4265e-07     0.2201565557729941 
6.4515e-07     0.2201565557729941 
6.4765e-07     0.2213432785004978 
6.501499999999999e-07 0.2219178082191781 
6.5265e-07     0.2282991580747423 
6.5515e-07     0.2258597676443411 
6.5765e-07     0.2284177221596768 
6.601499999999999e-07 0.2293723210112912 
6.6265e-07     0.2339464377131795 
6.6515e-07     0.2358560193016813 
6.6765e-07     0.2436044820140264 
6.701499999999999e-07 0.246202383771058 
6.726499999999999e-07 0.2485838484897048 
6.7515e-07     0.2585022425603252 
6.7765e-07     0.2607055469355081 
6.8015e-07     0.2681501772806247 
6.826499999999999e-07 0.2696536356726811 
6.8515e-07     0.2776973087262324 
6.8765e-07     0.2870841487279844 
6.9015e-07     0.2918061005912015 
6.926499999999999e-07 0.301174168297456 
6.951499999999999e-07 0.3057982307861126 
6.9765e-07     0.3185072467354895 
7.0015e-07     0.3251762770929673 
7.0265e-07     0.3305867660573119 
7.051499999999999e-07 0.3416829745596869 
7.0765e-07     0.3467903539083312 
7.1015e-07     0.3592954990215264 
7.1265e-07     0.3682948154491599 
7.151499999999999e-07 0.3749608564953211 
7.1765e-07     0.3874755381604696 
7.2015e-07     0.3980430528375734 
7.2265e-07     0.4031441191406592 
7.2515e-07     0.4174168297455969 
7.276499999999999e-07 0.4261451940735932 
7.3015e-07     0.4367906066536204 
7.3265e-07     0.4419507837387209 
7.3515e-07     0.4561643835616438 
7.376499999999999e-07 0.4667318982387476 
7.4015e-07     0.4727219596923533 
7.4265e-07     0.486200498226768 
7.4515e-07     0.4943175398372843 
7.476499999999999e-07 0.5012332314857119 
7.501499999999999e-07 0.5175739355221829 
7.5265e-07     0.5236259881207425 
7.5515e-07     0.5299703236615571 
7.5765e-07     0.5439236448385196 
7.601499999999999e-07 0.5506461874057673 
7.6265e-07     0.5572000650557694 
7.6515e-07     0.5713029945018331 
7.6765e-07     0.5776908023483366 
7.701499999999999e-07 0.5823985358590741 
7.7265e-07     0.5921741998033986 
7.7515e-07     0.5982579001025168 
7.7765e-07     0.6076320939334638 
7.8015e-07     0.6123482792147811 
7.826499999999999e-07 0.6217221135029354 
7.8515e-07     0.6260505035786548 
7.8765e-07     0.6340508806262231 
7.9015e-07     0.6360200998759941 
7.926499999999999e-07 0.6436732955435781 
7.9515e-07     0.6499021526418787 
7.9765e-07     0.6541433596408663 
8.0015e-07     0.656762390343317 
8.0265e-07     0.6622309197651665 
8.051499999999999e-07 0.6638160821481602 
8.0765e-07     0.6688791488657778 
8.1015e-07     0.6696625148832366 
8.1265e-07     0.6726435272481576 
8.151499999999999e-07 0.6809358573897861 
8.1765e-07     0.6767452720775513 
8.2015e-07     0.678082191780822 
8.2265e-07     0.6792792841568461 
8.251499999999999e-07 0.6798434442270059 
8.276499999999999e-07 0.6798434442270059 
8.3015e-07     0.6786522057366629 
8.3265e-07     0.678082191780822 
8.3515e-07     0.6776750275446357 
8.376499999999999e-07 0.6702701239837953 
8.4015e-07     0.6729994256616508 
8.4265e-07     0.6706397350956333 
8.4515e-07     0.6661515409438989 
8.476499999999999e-07 0.6641754565579213 
8.5015e-07     0.6587084148727985 
8.5265e-07     0.6544658103766617 
8.5515e-07     0.6518330148342765 
8.5765e-07     0.6446183953033269 
8.601499999999999e-07 0.64033242980562 
8.6265e-07     0.637428858138183 
8.6515e-07     0.6270058708414874 
8.6765e-07     0.6222710275785841 
8.701499999999999e-07 0.6132944187186296 
8.7265e-07     0.6099921700176008 
8.7515e-07     0.5994862146099733 
8.7765e-07     0.5941088426235414 
8.8015e-07     0.5847358121330725 
8.826499999999999e-07 0.5759295499021526 
8.8515e-07     0.5707463249717559 
8.8765e-07     0.5550633324030584 
8.9015e-07     0.5532325139960714 
8.926499999999999e-07 0.5424657534246575 
8.9515e-07     0.5318982387475538 
8.9765e-07     0.5260039192641365 
9.0015e-07     0.514818430297226 
9.026499999999999e-07 0.501784129535676 
9.0515e-07     0.4978076680424555 
9.0765e-07     0.4843444227005871 
9.1015e-07     0.4769027467559815 
9.1265e-07     0.4691528112588839 
9.151499999999999e-07 0.4561643835616438 
9.1765e-07     0.4455968688845401 
9.2015e-07     0.4350293542074364 
9.2265e-07     0.4299305426951759 
9.251499999999999e-07 0.4170907068205991 
9.2765e-07     0.4050880626223092 
9.3015e-07     0.3991620580556732 
9.3265e-07     0.3837331551264083 
9.3515e-07     0.3776405061993217 
9.376499999999999e-07 0.3709998464101561 
9.4015e-07     0.3606637199877813 
9.4265e-07     0.3504892367906066 
9.4515e-07     0.3453009894503205 
9.476499999999999e-07 0.3296297110176309 
9.5015e-07     0.3277859680730131 
9.5265e-07     0.3170254403131115 
9.551500000000001e-07 0.3070538015179276 
9.576500000000001e-07 0.3035157921550978 
9.6015e-07     0.2941291585127202 
9.6265e-07     0.2893869037267379 
9.6515e-07     0.2800391389432485 
9.6765e-07     0.2753554298269989 
9.701499999999999e-07 0.2710240666369415 
9.726500000000001e-07 0.2606653620352251 
9.751500000000001e-07 0.2563082617883458 
9.776500000000001e-07 0.2501243730725136 
9.801500000000001e-07 0.2485138173861503 
9.8265e-07     0.2422159154441129 
9.8515e-07     0.2377690802348336 
9.876500000000002e-07 0.2361556359958372 
9.901500000000002e-07 0.2311214716192181 
9.926500000000001e-07 0.230299310702505 
9.951500000000001e-07 0.2273004622605994 
9.976500000000001e-07 0.225440313111546 
1.00015e-06    0.2191529416663475 
1.00265e-06    0.2219178082191781 
1.00515e-06    0.2207553445642869 
1.00765e-06    0.2201565557729941 
1.01015e-06    0.2201565557729941 
1.01265e-06    0.2213366353660707 
1.01515e-06    0.2219178082191781 
1.01765e-06    0.2223191322828634 
1.02015e-06    0.2292198556036065 
1.02265e-06    0.2258527739977794 
1.02515e-06    0.2288434814122935 
1.02765e-06    0.2339186001836819 
1.03015e-06    0.2358746256669856 
1.03265e-06    0.2412915851272016 
1.03515e-06    0.2428923419448399 
1.03765e-06    0.2491850611387759 
1.04015e-06    0.2553816046966732 
1.04265e-06    0.2596924179842485 
1.04515e-06    0.2626637585627628 
1.04765e-06    0.2719202629162149 
1.05015e-06    0.2759865219559871 
1.05265e-06    0.2853228962818004 
1.05515e-06    0.2900744516873002 
1.05765e-06    0.299412915851272 
1.06015e-06    0.3041524253664251 
1.06265e-06    0.3138966606915414 
1.06515e-06    0.3199513765750633 
1.06765e-06    0.3311154598825832 
1.07015e-06    0.3423592431536628 
1.07265e-06    0.3458714344364225 
1.07515e-06    0.3569837263165967 
1.07765e-06    0.3675364910919883 
1.08015e-06    0.3714626395879436 
1.08265e-06    0.3845636709140668 
1.08515e-06    0.3977971506871026 
1.08765e-06    0.3996527883364773 
1.09015e-06    0.4127492680064764 
1.09265e-06    0.4244618395303327 
1.09515e-06    0.4303805237308152 
1.09765e-06    0.4438356164383562 
1.10015e-06    0.452641878669276 
1.10265e-06    0.4590439879510996 
1.10515e-06    0.4737769080234834 
1.10765e-06    0.4825572746680636 
1.11015e-06    0.4931506849315068 
1.11265e-06    0.4983026617515754 
1.11515e-06    0.5125244618395304 
1.11765e-06    0.5213307240704501 
1.12015e-06    0.5264621697636139 
1.12265e-06    0.5389432485322897 
1.12515e-06    0.5495107632093934 
1.12765e-06    0.5546071053942919 
1.13015e-06    0.565362035225049 
1.13265e-06    0.5713261703508562 
1.13515e-06    0.5824140142717509 
1.13765e-06    0.5876440363196639 
1.14015e-06    0.6003345668335658 
1.14265e-06    0.6058708414872799 
1.14515e-06    0.6105352674619227 
1.14765e-06    0.6199608610567515 
1.15015e-06    0.6219282717710383 
1.15265e-06    0.6299542357777798 
1.15515e-06    0.638153754614406 
1.15765e-06    0.6411271601983941 
1.16015e-06    0.6495002706218025 
1.16265e-06    0.6501198754977343 
1.16515e-06    0.6566038735021579 
1.16765e-06    0.6626255013091443 
1.17015e-06    0.6637922346733028 
1.17265e-06    0.6661401277822642 
1.17515e-06    0.6706795230496971 
1.17765e-06    0.672246539844618 
1.18015e-06    0.6732046668117411 
1.18265e-06    0.6808307271074083 
1.18515e-06    0.678082191780822 
1.18765e-06    0.6792771347309231 
1.19015e-06    0.6798434442270059 
1.19265e-06    0.6798434442270059 
1.19515e-06    0.678659080574366 
1.19765e-06    0.678082191780822 
1.20015e-06    0.6776547526002025 
1.20265e-06    0.6702112980619375 
1.20515e-06    0.6741669782465135 
1.20765e-06    0.6712192146406143 
1.21015e-06    0.666167759319004 
1.21265e-06    0.6645634051624753 
1.21515e-06    0.6599262191130484 
1.21765e-06    0.6571394018485687 
1.22015e-06    0.6519731398116548 
1.22265e-06    0.6450037781659942 
1.22515e-06    0.6444528626558841 
1.22765e-06    0.6364048497192555 
1.23015e-06    0.6283111022370681 
1.23265e-06    0.6251813772186998 
1.23515e-06    0.6164383561643836 
1.23765e-06    0.6117442447679978 
1.24015e-06    0.6023483365949119 
1.24265e-06    0.5964667463351275 
1.24515e-06    0.5864970645792563 
1.24765e-06    0.5813801196444469 
1.25015e-06    0.5706457925636008 
1.25265e-06    0.5568709988651455 
1.25515e-06    0.5567403019108828 
1.25765e-06    0.5442270058708415 
1.26015e-06    0.5391587587232964 
1.26265e-06    0.5248532289628179 
1.26515e-06    0.5160469667318982 
1.26765e-06    0.5108678735213866 
1.27015e-06    0.4947462139250098 
1.27265e-06    0.487866927592955 
1.27515e-06    0.4772994129158513 
1.27765e-06    0.4721170491394104 
1.28015e-06    0.4589887959101504 
1.28265e-06    0.4473581213307241 
1.28515e-06    0.4414664864540769 
1.28765e-06    0.4279843444227006 
1.29015e-06    0.4192423515801503 
1.29265e-06    0.4123410502747473 
1.29515e-06    0.3998043052837574 
1.29765e-06    0.3892367906066536 
1.30015e-06    0.3841984518409099 
1.30265e-06    0.3698630136986301 
1.30515e-06    0.3613780663897209 
1.30765e-06    0.3559420252132914 
1.31015e-06    0.3434442270058709 
1.31265e-06    0.3322079175329466 
1.31515e-06    0.3299280209773196 
1.31765e-06    0.3187866927592955 
1.32015e-06    0.3136700858343976 
1.32265e-06    0.3029354207436399 
1.32515e-06    0.2982590215532011 
1.32765e-06    0.2888454011741683 
1.33015e-06    0.2840864246686172 
1.33265e-06    0.2747553816046967 
1.33515e-06    0.2704309526593399 
1.33765e-06    0.262426614481409 
1.34015e-06    0.2588853681191712 
1.34265e-06    0.2505021964776827 
1.34515e-06    0.250261766135459 
1.34765e-06    0.244774703759178 
1.35015e-06    0.2414468453546914 
1.35265e-06    0.2360078277886497 
1.35515e-06    0.234392589784437 
1.35765e-06    0.2293072787637371 
1.36015e-06    0.2277448419595546 
1.36265e-06    0.2267552885625626 
1.36515e-06    0.2194912254301292 
1.36765e-06    0.2232788533565251 
1.37015e-06    0.2207683656726782 
1.37265e-06    0.2201565557729941 
1.37515e-06    0.2201565557729941 
1.37765e-06    0.2213290019019763 
1.38015e-06    0.2219178082191781 
1.38265e-06    0.2223185448203321 
1.38515e-06    0.2293054704888565 
1.38765e-06    0.2258783965504019 
1.39015e-06    0.2288532562828627 
1.39265e-06    0.2326579462478023 
1.39515e-06    0.2341056141953807 
1.39765e-06    0.2395303326810176 
1.40015e-06    0.2415412941644009 
1.40265e-06    0.247993931904733 
1.40515e-06    0.2549619710891096 
1.40765e-06    0.2556356705637459 
1.41015e-06    0.2632691335634523 
1.41265e-06    0.2712328767123288 
1.41515e-06    0.2747985590979859 
1.41765e-06    0.2835616438356164 
1.42015e-06    0.2883113999381114 
1.42265e-06    0.297651663405088 
1.42515e-06    0.3023785890424132 
1.42765e-06    0.3117416829745597 
1.43015e-06    0.3176555695367492 
1.43265e-06    0.3287771466001937 
1.43515e-06    0.3340957212822415 
1.43765e-06    0.3484966360858103 
1.44015e-06    0.3533795695600131 
1.44265e-06    0.3603236087843184 
1.44515e-06    0.3748699808372241 
1.44765e-06    0.381544087438064 
1.45015e-06    0.3881260592543804 
1.45265e-06    0.4035109787319395 
1.45515e-06    0.4097218148760617 
1.45765e-06    0.4166680845065697 
1.46015e-06    0.4312690609026369 
1.46265e-06    0.4391523222452056 
1.46515e-06    0.450880626223092 
1.46765e-06    0.4561013190476011 
1.47015e-06    0.4692281656828709 
1.47265e-06    0.4808219178082192 
1.47515e-06    0.4867821302657068 
1.47765e-06    0.5001956947162427 
1.48015e-06    0.5076574600342251 
1.48265e-06    0.5149592225146548 
1.48515e-06    0.5283757338551859 
1.48765e-06    0.535825080500115 
1.49015e-06    0.543099805196699 
1.49265e-06    0.5542478914068766 
1.49515e-06    0.5683039608194838 
1.49765e-06    0.5687785687858543 
1.50015e-06    0.5812133072407045 
1.50265e-06    0.5859543001837041 
1.50515e-06    0.5953033268101761 
1.50765e-06    0.6003986038340496 
1.51015e-06    0.6111545988258317 
1.51265e-06    0.6158879224959749 
1.51515e-06    0.6248533125878952 
1.51765e-06    0.6282124815057432 
1.52015e-06    0.634825311544171 
1.52265e-06    0.6401246432517739 
1.52515e-06    0.6430571497398052 
1.52765e-06    0.6530306817340925 
1.53015e-06    0.6552016831481581 
1.53265e-06    0.6585291176635469 
1.53515e-06    0.6639921722113503 
1.53765e-06    0.6655828020796388 
1.54015e-06    0.6706685934988154 
1.54265e-06    0.6722323742835499 
1.54515e-06    0.6732091357881846 
1.54765e-06    0.680488786652948 
1.55015e-06    0.676748940370254 
1.55265e-06    0.678082191780822 
1.55515e-06    0.6792822672326069 
1.55765e-06    0.6798434442270059 
1.56015e-06    0.6786902508293818 
1.56265e-06    0.678082191780822 
1.56515e-06    0.6776593230790242 
1.56765e-06    0.6701293667287909 
1.57015e-06    0.6741627732086508 
1.57265e-06    0.6716157531394717 
1.57515e-06    0.6679397932121038 
1.57765e-06    0.665944529201439 
1.58015e-06    0.6604696673189824 
1.58265e-06    0.6588992076007375 
1.58515e-06    0.6534408259593742 
1.58765e-06    0.6450055074334995 
1.59015e-06    0.644812813184891 
1.59265e-06    0.6381618850611533 
1.59515e-06    0.6316477121640918 
1.59765e-06    0.625807832497971 
1.60015e-06    0.6168312032944895 
1.60265e-06    0.6135278840402332 
1.60515e-06    0.6041095890410959 
1.60765e-06    0.5994081081964372 
1.61015e-06    0.5896315550689827 
1.61265e-06    0.5835352087177075 
1.61515e-06    0.5724070450097848 
1.61765e-06    0.5671773254243655 
1.62015e-06    0.5499469515372784 
1.62265e-06    0.546713502156193 
1.62515e-06    0.5400933347451328 
1.62765e-06    0.5297431328005522 
1.63015e-06    0.5195694716242661 
1.63265e-06    0.5132125695403901 
1.63515e-06    0.5015593607286665 
1.63765e-06    0.489628180039139 
1.64015e-06    0.4836685440918176 
1.64265e-06    0.4702544031311155 
1.64515e-06    0.4620062928081644 
1.64765e-06    0.4549423292048659 
1.65015e-06    0.4403131115459882 
1.65265e-06    0.4315068493150685 
1.65515e-06    0.4209393346379648 
1.65765e-06    0.4158546752210797 
1.66015e-06    0.4027600464522901 
1.66265e-06    0.3894527289025351 
1.66515e-06    0.3865124418009364 
1.66765e-06    0.3740144834222547 
1.67015e-06    0.3634103340417723 
1.67265e-06    0.3594621543376216 
1.67515e-06    0.3469667318982388 
1.67765e-06    0.3328588185773041 
1.68015e-06    0.3317062101497861 
1.68265e-06    0.3212624539881246 
1.68515e-06    0.3158210653514743 
1.68765e-06    0.3050127096399771 
1.69015e-06    0.2999719616081775 
1.69265e-06    0.2906066536203523 
1.69515e-06    0.2858311157136835 
1.69765e-06    0.2765166340508807 
1.70015e-06    0.2729714597871759 
1.70265e-06    0.2641878669275929 
1.70515e-06    0.2598830957480529 
1.70765e-06    0.2568716121868176 
1.71015e-06    0.2469838619188485 
1.71265e-06    0.2452066203925901 
1.71515e-06    0.2427869563416637 
1.71765e-06    0.2360078277886497 
1.72015e-06    0.2343832221647569 
1.72265e-06    0.2305614611353756 
1.72515e-06    0.2290819304450009 
1.72765e-06    0.2267560710925964 
1.73015e-06    0.2193425085633856 
1.73265e-06    0.2232796763462254 
1.73515e-06    0.2219178082191781 
1.73765e-06    0.2207489258104422 
1.74015e-06    0.2201565557729941 
1.74265e-06    0.2201565557729941 
1.74515e-06    0.2213498263529395 
1.74765e-06    0.2223055919494692 
1.75015e-06    0.2294452143664944 
1.75265e-06    0.2258745637714589 
1.75515e-06    0.2284259187360471 
1.75765e-06    0.2321186243036649 
1.76015e-06    0.2340611783117366 
1.76265e-06    0.2395303326810176 
1.76515e-06    0.241137050548793 
1.76765e-06    0.2462087508378658 
1.77015e-06    0.2485835012748242 
1.77265e-06    0.258498440070612 
1.77515e-06    0.2607223118766164 
1.77765e-06    0.2683338869606551 
1.78015e-06    0.2724125970617425 
1.78265e-06    0.2818003913894325 
1.78515e-06    0.2864728759184756 
1.78765e-06    0.2958904109589041 
1.79015e-06    0.3005599056048892 
1.79265e-06    0.3099804305283758 
1.79515e-06    0.3150904902049186 
1.79765e-06    0.3258317025440313 
1.80015e-06    0.3317893001545161 
1.80265e-06    0.3420919287820228 
1.80515e-06    0.3522504892367906 
1.80765e-06    0.3573824980715643 
1.81015e-06    0.369835816018372 
1.81265e-06    0.3804305283757339 
1.81515e-06    0.3855378597663662 
1.81765e-06    0.3994118927162196 
1.82015e-06    0.4086105675146771 
1.82265e-06    0.4137202884145405 
1.82515e-06    0.4266622959627128 
1.82765e-06    0.4367906066536204 
1.83015e-06    0.4431375067773175 
1.83265e-06    0.4579256360078278 
1.83515e-06    0.4673624469442738 
1.83765e-06    0.473645323961732 
1.84015e-06    0.487964606228973 
1.84265e-06    0.4966731898238748 
1.84515e-06    0.5091497442058854 
1.84765e-06    0.5123984299629933 
1.85015e-06    0.5248532289628179 
1.85265e-06    0.5298890625026702 
1.85515e-06    0.544383039731214 
1.85765e-06    0.5530332681017613 
1.86015e-06    0.558140941698074 
1.86265e-06    0.573949134470616 
1.86515e-06    0.5776908023483366 
1.86765e-06    0.5828131028650404 
1.87015e-06    0.5935420743639922 
1.87265e-06    0.5982725357841329 
1.87515e-06    0.6093933463796478 
1.87765e-06    0.6129855451610854 
1.88015e-06    0.6217221135029354 
1.88265e-06    0.6264575116621667 
1.88515e-06    0.6345491551855721 
1.88765e-06    0.6386179287735588 
1.89015e-06    0.6430363343082555 
1.89265e-06    0.6499021526418787 
1.89515e-06    0.6541857508443987 
1.89765e-06    0.6567676805065449 
1.90015e-06    0.6628722327261689 
1.90265e-06    0.6652045651320411 
1.90515e-06    0.6688792749018098 
1.90765e-06    0.6708437337509796 
1.91015e-06    0.6732039705100104 
1.91265e-06    0.6806637876218798 
1.91515e-06    0.6767485568375979 
1.91765e-06    0.678082191780822 
1.92015e-06    0.6792811046771881 
1.92265e-06    0.6798434442270059 
1.92515e-06    0.6798434442270059 
1.92765e-06    0.6786497770595276 
1.93015e-06    0.678082191780822 
1.93265e-06    0.6711552315306761 
1.93515e-06    0.6741777795001389 
1.93765e-06    0.6716271203080825 
1.94015e-06    0.6706550471860662 
1.94265e-06    0.6661432997334121 
1.94515e-06    0.6641881429840272 
1.94765e-06    0.6564636710157239 
1.95015e-06    0.6538582086534357 
1.95265e-06    0.6514381984507682 
1.95515e-06    0.6414875887149588 
1.95765e-06    0.6393619751585163 
1.96015e-06    0.6318972453528242 
1.96265e-06    0.6303660965555006 
1.96515e-06    0.6223104595842601 
1.96765e-06    0.6129158512720156 
1.97015e-06    0.6082504937332527 
1.97265e-06    0.598825831702544 
1.97515e-06    0.5941999415593781 
1.97765e-06    0.5816334738037384 
1.98015e-06    0.5748329660566805 
1.98265e-06    0.5693765430186922 
1.98515e-06    0.5550339031639338 
1.98765e-06    0.5532674773948011 
1.99015e-06    0.5407045009784736 
1.99265e-06    0.5318849425632272 
1.99515e-06    0.5250312391240668 
1.99765e-06    0.5125244618395304 
2.00015e-06    0.5019569471624267 
2.00265e-06    0.4968551395646319 
2.00515e-06    0.4825831702544031 
2.00765e-06    0.4739711373006217 
2.01015e-06    0.4632093933463797 
2.01265e-06    0.4579363648855697 
2.01515e-06    0.4438356164383562 
2.01765e-06    0.4332681017612525 
2.02015e-06    0.4273622911595085 
2.02265e-06    0.413894324853229 
2.02515e-06    0.405760242880281 
2.02765e-06    0.3987575411831488 
2.03015e-06    0.3824103685723024 
2.03265e-06    0.3764384525918625 
2.03515e-06    0.370025158974422 
2.03765e-06    0.3561907761260829 
2.04015e-06    0.3493641510880128 
2.04265e-06    0.3427540921638096 
2.04515e-06    0.3286384068140978 
2.04765e-06    0.3223091976516634 
2.05015e-06    0.317617548664817 
2.05265e-06    0.307840983492865 
2.05515e-06    0.3017504402553359 
2.05765e-06    0.2923679060665362 
2.06015e-06    0.2876048321575444 
2.06265e-06    0.2782778864970646 
2.06515e-06    0.2739602243431098 
2.06765e-06    0.2659491193737769 
2.07015e-06    0.2639577037873745 
2.07265e-06    0.2563145253799429 
2.07515e-06    0.2500978473581214 
2.07765e-06    0.245828281859962 
2.08015e-06    0.2432062805113886 
2.08265e-06    0.2377690802348336 
2.08515e-06    0.2361465111760815 
2.08765e-06    0.2311007847828241 
2.09015e-06    0.2303140725135391 
2.09265e-06    0.2272990961874691 
2.09515e-06    0.2189397274028164 
2.09765e-06    0.223282785866427 
2.10015e-06    0.2219178082191781 
2.10265e-06    0.220752883425793 
2.10515e-06    0.2201565557729941 
2.10765e-06    0.2201565557729941 
2.11015e-06    0.2213395772255763 
2.11265e-06    0.2219178082191781 
2.11515e-06    0.2222949817652658 
2.11765e-06    0.2292048450622196 
2.12015e-06    0.2270703004220277 
2.12265e-06    0.2293879797427059 
2.12515e-06    0.2339247031390259 
2.12765e-06    0.2358669814669524 
2.13015e-06    0.2412915851272016 
2.13265e-06    0.2455842322326352 
2.13515e-06    0.2481823474818218 
2.13765e-06    0.2553816046966732 
2.14015e-06    0.2597241844844449 
2.14265e-06    0.2625922691406659 
2.14515e-06    0.2729941291585127 
2.14765e-06    0.2777391629002294 
2.15015e-06    0.2866931731750785 
2.15265e-06    0.290075727661889 
2.15515e-06    0.3005956961718705 
2.15765e-06    0.3058988490991102 
2.16015e-06    0.3152641878669276 
2.16265e-06    0.3240704500978474 
2.16515e-06    0.3291991678655904 
2.16765e-06    0.3416829745596869 
2.17015e-06    0.3468227278109616 
2.17265e-06    0.3592954990215264 
2.17515e-06    0.3667425632145927 
2.17765e-06    0.3740075281189277 
2.18015e-06    0.3851865817231295 
2.18265e-06    0.3982011458508919 
2.18515e-06    0.4022021619226437 
2.18765e-06    0.4156555772994129 
2.19015e-06    0.4230992097588386 
2.19265e-06    0.4307697351835678 
2.19515e-06    0.4438356164383562 
2.19765e-06    0.4544031311154599 
2.20015e-06    0.4649706457925636 
2.20265e-06    0.4701532322415071 
2.20515e-06    0.4830674694885577 
2.20765e-06    0.4949119373776908 
2.21015e-06    0.5008487438479429 
2.21265e-06    0.5162573108373933 
2.21515e-06    0.5224613096380806 
2.21765e-06    0.529010413276613 
2.22015e-06    0.5393388532956513 
2.22265e-06    0.5495107632093934 
2.22515e-06    0.5546463992526742 
2.22765e-06    0.5671232876712329 
2.23015e-06    0.5722705354946286 
2.23265e-06    0.5829745596868885 
2.23515e-06    0.5929764522085211 
2.23765e-06    0.5964904415159309 
2.24015e-06    0.6058708414872799 
2.24265e-06    0.6105684879713081 
2.24515e-06    0.6199608610567515 
2.24765e-06    0.6246540853679613 
2.25015e-06    0.6289530758250178 
2.25265e-06    0.639334637964775 
2.25515e-06    0.6436701769111214 
2.25765e-06    0.6499021526418787 
2.26015e-06    0.6514797070242042 
2.26265e-06    0.6577664844417447 
2.26515e-06    0.6622309197651665 
2.26765e-06    0.6638080446179722 
2.27015e-06    0.6688582162453242 
2.27265e-06    0.6696766607399925 
2.27515e-06    0.6726385554045283 
2.27765e-06    0.674559686888454 
2.28015e-06    0.6808075719751822 
2.28265e-06    0.678082191780822 
2.28515e-06    0.6792757116973358 
2.28765e-06    0.6798434442270059 
2.29015e-06    0.6798434442270059 
2.29265e-06    0.6786562640921454 
2.29515e-06    0.678082191780822 
2.29765e-06    0.6776561894641273 
2.30015e-06    0.6702686465314059 
2.30265e-06    0.6741822393878342 
2.30515e-06    0.6712242524157896 
2.30765e-06    0.66615892955853 
2.31015e-06    0.6641710247410378 
2.31265e-06    0.6587084148727985 
2.31515e-06    0.6571540525291116 
2.31765e-06    0.6508715224914714 
2.32015e-06    0.6446256877658137 
2.32265e-06    0.6403659512039382 
2.32515e-06    0.6373536986306548 
2.32765e-06    0.6281795734323234 
2.33015e-06    0.6240249639626161 
2.33265e-06    0.6146771037181996 
2.33515e-06    0.6099798140592381 
2.33765e-06    0.6005870841487281 
2.34015e-06    0.5958600521944256 
2.34265e-06    0.5861060866912929 
2.34515e-06    0.5800566402350753 
2.34765e-06    0.5688845401174168 
2.35015e-06    0.5575856389457848 
2.35265e-06    0.5541975711090699 
2.35515e-06    0.543104772800903 
2.35765e-06    0.5324641759603691 
2.36015e-06    0.5285502282835082 
2.36265e-06    0.5154635616707482 
2.36515e-06    0.5021854459039138 
2.36765e-06    0.5003641107080324 
2.37015e-06    0.4872690583992416 
2.37265e-06    0.4755381604696673 
2.37515e-06    0.469565976858538 
2.37765e-06    0.4561643835616438 
2.38015e-06    0.4473581213307241 
2.38265e-06    0.4411102147514352 
2.38515e-06    0.4262230919765166 
2.38765e-06    0.4176103513147416 
2.39015e-06    0.4068493150684931 
2.39265e-06    0.4017121649080238 
2.39515e-06    0.3874755381604696 
2.39765e-06    0.3786692759295499 
2.40015e-06    0.3735533991889946 
2.40265e-06    0.3612437177423407 
2.40515e-06    0.3504892367906066 
2.40765e-06    0.3453370357284997 
2.41015e-06    0.3308231875758594 
2.41265e-06    0.3287510111097989 
2.41515e-06    0.3176678518103326 
2.41765e-06    0.3123616858038033 
2.42015e-06    0.2997805065081904 
2.42265e-06    0.2941291585127202 
2.42515e-06    0.2894235851617757 
2.42765e-06    0.2800391389432485 
2.43015e-06    0.2780919183265664 
2.43265e-06    0.2700507053574691 
2.43515e-06    0.2619650623441808 
2.43765e-06    0.2588642111309697 
2.44015e-06    0.2505021765389626 
2.44265e-06    0.2498589568060821 
2.44515e-06    0.2433994559670745 
2.44765e-06    0.2374121527799875 
2.45015e-06    0.2361724202583307 
2.45265e-06    0.2338362300695442 
2.45515e-06    0.2292943239730778 
2.45765e-06    0.2277312006948926 
2.46015e-06    0.2267572393501757 
2.46265e-06    0.2190998350240999 
2.46515e-06    0.2219178082191781 
2.46765e-06    0.2207599095979646 
2.47015e-06    0.2201565557729941 
2.47265e-06    0.2201565557729941 
2.47515e-06    0.2213322480763135 
2.47765e-06    0.2219178082191781 
2.48015e-06    0.2223204140188358 
2.48265e-06    0.2292365160198231 
2.48515e-06    0.2258750182009502 
2.48765e-06    0.2288473887820769 
2.49015e-06    0.2339184535755365 
2.49265e-06    0.235468985026356 
2.49515e-06    0.2401990416601036 
2.49765e-06    0.2429065494920249 
2.50015e-06    0.249226682609515 
2.50265e-06    0.2536203522504892 
2.50515e-06    0.2556046982452 
2.50765e-06    0.2636490283393597 
2.51015e-06    0.2717750556385757 
2.51265e-06    0.2748555851432574 
2.51515e-06    0.2835616438356164 
2.51765e-06    0.2883161883666529 
2.52015e-06    0.297651663405088 
2.52265e-06    0.3035481025847195 
2.52515e-06    0.3135029354207437 
2.52765e-06    0.3186157941107287 
2.53015e-06    0.3293542074363993 
2.53265e-06    0.343001473362025 
2.53515e-06    0.3433348205800269 
2.53765e-06    0.3557729941291585 
2.54015e-06    0.3608355671025752 
2.54265e-06    0.375255421521187 
2.54515e-06    0.3839530332681018 
2.54765e-06    0.3890607201298437 
2.55015e-06    0.4052713423257635 
2.55265e-06    0.412133072407045 
2.55515e-06    0.4227005870841487 
2.55765e-06    0.4278316909976901 
2.56015e-06    0.4409566548852152 
2.56265e-06    0.452641878669276 
2.56515e-06    0.4586856485661281 
2.56765e-06    0.4720156555772995 
2.57015e-06    0.480973788784993 
2.57265e-06    0.4877211081266525 
2.57515e-06    0.5001956947162427 
2.57765e-06    0.5107632093933464 
2.58015e-06    0.5158639743103394 
2.58265e-06    0.53013698630137 
2.58515e-06    0.5388015860540105 
