
time (s)       VT("/VIP") - V VT("/VOUTP") - VT("/VOUTP") ( VT("/VOUTN") (


5.02e-08       0.3035558197499476 0.3035508237708115 0.6017753996474227 0.2982245758766112
5.27e-08       0.3144607457987598 0.3144559206660202 0.6072279614414029 0.2927720407753827
5.52e-08       0.3247856354967176 0.3247809849258685 0.6123904886028397 0.2876095036769712
5.77e-08       0.3345114440932518 0.3345070199956061 0.6172535188204871 0.282746498824881
6.02e-08       0.3436202317639711 0.3436160604494603 0.6218080433032458 0.2781919828537855
6.27e-08       0.3520951963570007 0.3520912955593201 0.6260456611977683 0.2739543656384482
6.52e-08       0.3599207060583701 0.3599170869198591 0.6299585560267342 0.2700414691068751
6.77e-08       0.3670823263309113 0.3670790005535366 0.6335395111517933 0.2664605105982567
7.020000000000001e-08 0.3735668471905571 0.3735638249018523 0.6367819211473947 0.2632180962455424
7.27e-08       0.3793623075860093 0.3793595962619424 0.6396798039708925 0.2603202077089501
7.52e-08       0.3844580174666633 0.3844556231943357 0.6422278143293326 0.2577721911349969
7.77e-08       0.3888445775067911 0.3888425052104423 0.644421252259917 0.2555787470494747
8.02e-08       0.392513896438109 0.3925121473673627 0.6462560718245304 0.2537439244571676
8.269999999999999e-08 0.3954592009544527 0.3954577819517365 0.6477288815714467 0.2522710996197102
8.52e-08       0.3976750655879113 0.3976739739977476 0.64883697536895 0.2511630013712025
8.77e-08       0.3991574021286257 0.39915664283781 0.6495783181986711 0.2504216753608611
9.02e-08       0.3999034758775373 0.3999030447804314 0.6499515208674113 0.2500484760869798
9.27e-08       0.399911909796216 0.3999118053764597 0.6499559042261815 0.2500440988497219
9.520000000000001e-08 0.3991826885395269 0.3991829088261875 0.6495914605473575 0.2504085517211699
9.770000000000001e-08 0.397717157911908 0.3977177009567541 0.6488588632211999 0.2511411622644458
1.002e-07      0.3955180211656479 0.3955188846692578 0.6477594637244304 0.2522405790551726
1.027e-07      0.3925893349051809 0.3925905229161689 0.6462952902214683 0.2537047673052994
1.052e-07      0.388936501171663 0.3889380256286777 0.6444690440641813 0.2555310184355035
1.077e-07      0.3845662553287032 0.3845681148799165 0.6422840937568476 0.2577159788769312
1.102e-07      0.3794866515496653 0.3794888512523561 0.6397444686337423 0.2602556173813863
1.127e-07      0.3737070672562294 0.3737096125638952 0.636854852394067 0.2631452398301717
1.152e-07      0.3672381630782802 0.3672410497577357 0.6336205739283288 0.2663795241705931
1.177e-07      0.3600918712463249 0.3600951246972801 0.6300476315116966 0.2699525068144165
1.202e-07      0.3522813735094195 0.3522849519745317 0.6261425400650936 0.2738575880905619
1.227e-07      0.3438210757838098 0.3438249914457996 0.6219125587744493 0.2780875673286496
1.252e-07      0.3347265906010571 0.3347308138536557 0.6173654622920453 0.2826346484383896
1.277e-07      0.3250146895938488 0.3250192177903199 0.6125096568612783 0.2874904390709584
1.302e-07      0.3147032837840691 0.3147081102951961 0.6073540935384456 0.2926459832432495
1.327e-07      0.3038113930448334 0.3038165078027906 0.6019082812112515 0.2980917734084609
1.352e-07      0.2923591089972468 0.2923645044737722 0.5961822691317323 0.3038177646579601
1.377e-07      0.2803675552899518 0.2803732084939537 0.5901866068338921 0.3098133983399384
1.402e-07      0.2678588508595962 0.267864735973189 0.5839323548617089 0.31606761888852
1.427e-07      0.2548560688741489 0.2548621676527293 0.5774310592204928 0.3225688915677635
1.452e-07      0.2413831934890057 0.2413894841969843 0.5706947089603049 0.3293052247633206
1.477e-07      0.2274650762339063 0.2274715336785624 0.5637357320766012 0.3362641983980388
1.502e-07      0.21312738990888 0.2131339924603587 0.5565669656995371 0.3434329732391784
1.527e-07      0.1983965810704424 0.1984033095749848 0.5492016342117833 0.3507983246367984
1.552e-07      0.1832998219869779 0.1833066722004409 0.5416533270346184 0.3583466548341775
1.577e-07      0.1678649587115352 0.1678719205194676 0.5339359654719958 0.3660640449525283
1.602e-07      0.1521204613373043 0.1521275249553218 0.5260637863784919 0.37393626142317
1.627e-07      0.1360953714077865 0.1361025293116483 0.5180513084542289 0.3819487791425805
1.652e-07      0.1198192479825135 0.1198264960068646 0.509913312022964 0.3900868160160995
1.677e-07      0.1033221131422487 0.1033294703472275 0.5016648091605174 0.3983353388132899
1.702e-07      0.08663439656293354 0.08664185437122364 0.4933210134600309 0.4066791590888073
1.727e-07      0.06978687925248722 0.06979444018564201 0.4848973110906826 0.4151028709050406
1.752e-07      0.05281063701008205 0.05281827464342555 0.4764092881926166 0.423591013549191
1.777e-07      0.03573698279111349 0.03574469869036441 0.4678725053105689 0.4321278066202045
1.802e-07      0.01859740894934444 0.01860516433355755 0.4593027203114817 0.4406975559779242
1.827e-07      0.0014235309325992 0.001431301678475503 0.4507157666790049 0.4492844650005294
1.852e-07      -0.01575297251695096 -0.01574519227859305 0.4421274836495522 0.4578726759281452
1.877e-07      -0.03290041811936611 -0.03289266089877486 0.4335537384276372 0.466446399326412
1.902e-07      -0.04998717702064778 -0.04997945978496703 0.4250103365338714 0.4749897963188384
1.927e-07      -0.06698173223172568 -0.06697409484899969 0.4165129791257675 0.4834870739747672
1.952e-07      -0.08385273677542562 -0.08384516275026924 0.4080774456946743 0.4919226084449436
1.977e-07      -0.1005690714561405 -0.1005615676941958 0.3997192488863145 0.5002808165805104
2.002e-07      -0.117099902341573 -0.1170924941890591 0.3914537864335288 0.5085462806225879
2.027e-07      -0.1334147375942498 -0.1334074433283295 0.3832963119817563 0.5167037553100858
2.052e-07      -0.1494834837871694 -0.149476321188122 0.3752618723850207 0.5247381935731427
2.077e-07      -0.1652765013931164 -0.1652694869312241 0.3673652886149208 0.5326347755461449
2.102e-07      -0.1807646598270975 -0.1807578138510403 0.3596211247221993 0.5403789385732396
2.127e-07      -0.1959193899553372 -0.1959127177804603 0.3520436728871645 0.5479563906676248
2.152e-07      -0.2107127384411209 -0.2107062480633483 0.3446469090862034 0.5553531571495517
2.177e-07      -0.2251174180863604 -0.2251111143213122 0.3374444791682734 0.5625555934895856
2.202e-07      -0.2391068587028541 -0.2391007470073539 0.3304496672246909 0.5695504142320448
2.227e-07      -0.252655256138296 -0.2526493412542439 0.3236753763303186 0.5763247175845625
2.252e-07      -0.2657376197354058 -0.2657319061336773 0.3171341019107379 0.5828660080444152
2.277e-07      -0.2783298182602793 -0.2783243157898144 0.3108379062432587 0.5891622220330731
2.302e-07      -0.2904086257385451 -0.2904033426608526 0.3047984013219406 0.5952017439827932
2.327e-07      -0.3019517625129767 -0.3019467065365651 0.299026728710783 0.6009734352473481
2.352e-07      -0.3129379354697328 -0.3129331201898211 0.2935335272029335 0.6064666473927546
2.377e-07      -0.3233468803169207 -0.3233423155420124 0.288328933878 0.6116712494200124
2.402e-07      -0.3331594025122632 -0.3331550746796851 0.2834225513602902 0.6165776260399752
2.427e-07      -0.3423573971002917 -0.3423533273932022 0.2788234277667877 0.6211767551599899
2.452e-07      -0.3509238989948968 -0.3509200934316259 0.2745400452646426 0.6254601386962685
2.477e-07      -0.3588431058115318 -0.358839572157917 0.2705803034875355 0.6294198756454524
2.502e-07      -0.3661004100095216 -0.3660971151389228 0.2669514977781932 0.633048612917116
2.527e-07      -0.3726824253113657 -0.3726794139040968 0.2636603380166072 0.636339751920704
2.552e-07      -0.3785770107462071 -0.3785742914162038 0.2607128881661033 0.6392871795823072
2.577e-07      -0.3837732934602343 -0.3837708739917136 0.2581145858646415 0.641885459856355
2.602e-07      -0.388261678620893 -0.3882595689809358 0.2558702342808198 0.6441298032617556
2.627e-07      -0.3920338992526363 -0.392032111480608 0.2539839560492556 0.6460160675298636
2.652e-07      -0.3950829970400186 -0.3950815339894246 0.2524592394773312 0.6475407734667558
2.677e-07      -0.397403347837768 -0.397402216366057 0.2512988918932799 0.6487011082593369
2.702e-07      -0.3989906710531997 -0.3989898668113737 0.2505050650727907 0.6494949318841643
2.727e-07      -0.3998420392311281 -0.3998415620512956 0.2500792177773637 0.6499207798286594
2.752e-07      -0.3999558819595783 -0.3999557310342558 0.2500221355394224 0.6499778665736782
2.777e-07      -0.3993319892570507 -0.3993321632727657 0.2503339237185642 0.6496660869913299
2.802e-07      -0.3979715118314989 -0.397972008895826 0.2510140072268932 0.6489860161227192
2.827e-07      -0.3958769590802103 -0.3958777769598253 0.2520611315487902 0.6479389085086156
2.852e-07      -0.393052194720078 -0.3930533351879186 0.253473360664934 0.6465266958528526
2.877e-07      -0.3895024291045455 -0.3895039060930328 0.2552480775590926 0.6447519836521254
2.902e-07      -0.385234209118015 -0.385236019461411 0.2573820258499233 0.6426180453113343
2.927e-07      -0.3802553978744138 -0.3802575524826773 0.2598712644057098 0.6401288168883871
2.952e-07      -0.3745751879254649 -0.3745776842868652 0.2627112034233898 0.637288887710255
2.977e-07      -0.3682040569003734 -0.3682068949733193 0.2658966012521956 0.634103496225515
3.002e-07      -0.3611537565776047 -0.3611569629573817 0.269421588249891 0.6305785512072728
3.027e-07      -0.3534372916415829 -0.3534408239860906 0.2732796530434983 0.6267204770295889
3.052e-07      -0.3450688943589174 -0.345072765797604 0.2774636814965453 0.6225364472941493
3.077e-07      -0.3360640072310477 -0.336068186610652 0.2819659629575623 0.6180341495682142
3.102e-07      -0.3264392383522673 -0.3264437233180348 0.2867781875052361 0.6132219108232709
3.127e-07      -0.3162123370244594 -0.3162171214541225 0.2918914791485976 0.6081086006027201
3.152e-07      -0.3054021672436684 -0.3054072415252251 0.2972964081586575 0.6027036496838827
3.177e-07      -0.2940286696961848 -0.2940340256642244 0.3029830055305525 0.5970170311947769
3.202e-07      -0.282112823115477 -0.2821184412002016 0.3089407842419 0.5910592254421015
3.227e-07      -0.2696766064808118 -0.2696824591589344 0.3151587592490454 0.5848412184079796
3.252e-07      -0.2567429593877147 -0.2567490291356817 0.3216254621926332 0.5783744913283149
3.277e-07      -0.2433357384208657 -0.2433420033627703 0.3283289659053714 0.5716709692681418
3.302e-07      -0.2294796739686501 -0.2294861087967217 0.3352569107486739 0.5647430195453956
3.327e-07      -0.2152003244572995 -0.215206907464706 0.3423965148283528 0.5576034222930587
3.352e-07      -0.2005240287250836 -0.2005307396024783 0.3497346080432515 0.5502653476457298
3.377e-07      -0.1854778585697023 -0.1854846915974771 0.3572576434560387 0.5427423350535158
3.402e-07      -0.1700895668356863 -0.170096513655026 0.3649517460583087 0.5350482597133347
3.427e-07      -0.1543875375926191 -0.15439458726056 0.3728027275179699 0.5271973147785299
3.452e-07      -0.1384007340597726 -0.1384078788003114 0.3807961015141458 0.5192039803144571
3.477e-07      -0.1221586446799846 -0.1221658800179109 0.3889171211329798 0.5110830011508908
3.502e-07      -0.1056912287564924 -0.1056985716931647 0.3971507861108265 0.5028493578039912
3.527e-07      -0.08902886117160384 -0.08903630457961015 0.4054819324250544 0.4945182370046645
3.552e-07      -0.07220227624839512 -0.07220982718726641 0.413895175879827 0.4861050030670935
3.577e-07      -0.05524251102609249 -0.05525013666775606 0.4223750820297082 0.4776252186974643
3.602e-07      -0.03818084823189728 -0.0381885536595725 0.4309058781720898 0.4690944318316623
3.627e-07      -0.02104875812410619 -0.02105650985120347 0.4394718873242439 0.4605283971754474
3.652e-07      -0.003877842001410018 -0.003885611756692904 0.4480573126182013 0.4519429243748942
3.677e-07      0.01330022672301297 0.01329244445816114 0.4566463045443107 0.4433538600861495
3.702e-07      0.03045376178671246 0.03044600022560729 0.465223069892282 0.4347770696666747
3.727e-07      0.0475511230675566 0.04754339918211462 0.4737717660395214 0.4262283668574068
3.752e-07      0.06456077403023219 0.06455312892146074 0.482276591209447 0.4177234622879863
3.777e-07      0.08145133986285977 0.08144375580435669 0.4907219048587848 0.4092781490544281
3.802e-07      0.09819166530219293 0.09818414932045204 0.4990921072472227 0.4009079579267706
3.827e-07      0.1147508721692816 0.1147434492064913 0.507371758041432 0.3926283088349407
3.852e-07      0.1310984162938023 0.1310911046858566 0.5155455860273265 0.3844544813414699
3.877e-07      0.1472041439066943 0.1471969612696128 0.523598513746509 0.3764015524768962
3.902e-07      0.1630383473009022 0.1630313108959559 0.5315156876347327 0.3684843767387768
3.927e-07      0.178571819836518 0.1785649494168088 0.5392825063921405 0.3607175569753317
3.952e-07      0.1937759089390584 0.1937692116113696 0.5468846375068088 0.3531154258954393
3.977e-07      0.2086225700890602 0.2086160534333343 0.5543080595322321 0.3456920060988978
4.002e-07      0.2230844178621662 0.2230780869829413 0.5615390793610068 0.3384609923780655
4.027e-07      0.2371347765799378 0.2371286372129814 0.5685643585752509 0.3314357213622694
4.052e-07      0.2507477296888349 0.2507417863384537 0.575370939136315 0.3246291527978614
4.077e-07      0.2638981675216172 0.2638924244467242 0.5819462661958054 0.3180538417490811
4.102e-07      0.2765618332327684 0.2765563002936877 0.5882782132319483 0.3117219129382606
4.127e-07      0.2887153688856459 0.2887100540395046 0.5943550984488609 0.3056450444093563
4.152e-07      0.3003363571259932 0.3003312682871609 0.6001657148346974 0.2998344465475364
4.177e-07      0.311403361438324 0.3113985111682755 0.6056993422031345 0.2943008310348589
4.202e-07      0.3218959677642615 0.3218913668762364 0.610945774207179 0.2890544073309426
4.227e-07      0.3317948278525978 0.3317904636089121 0.6158953199534603 0.2841048563445482
4.252e-07      0.3410816773727565 0.3410775705053603 0.6205388763988492 0.279461305893489
4.277e-07      0.3497393875739703 0.3497355438366463 0.624867863998386 0.2751323201617398
4.302e-07      0.357751987598466 0.3577484145890311 0.6288742973807774 0.2711258827917464
4.327e-07      0.3651046976343695 0.3651013629975112 0.632550738226782 0.2674493752292708
4.352e-07      0.371783955417371 0.3717809029755137 0.6358904980004716 0.2641095950249578
4.377e-07      0.3777774406065926 0.3777746790473052 0.6388873749984089 0.2611126959511037
4.402e-07      0.3830740979235052 0.3830716351735387 0.6415358419708287 0.25846420679729
4.427e-07      0.3876641486748375 0.3876619933565448 0.6438310165761846 0.2561690232196397
4.452e-07      0.3915391355190812 0.3915373015640669 0.6457686634695687 0.2542313619055018
4.477e-07      0.3946919121502375 0.3946904025771512 0.6473452084144361 0.252654805837285
4.502e-07      0.3971166631981082 0.3971154850214665 0.6485577429696116 0.2514422579481451
4.527e-07      0.3988089154562058 0.3988080644658269 0.6494040308199428 0.2505959663541159
4.552e-07      0.3997655479213504 0.3997650240519443 0.6498825106656455 0.2501174866137012
4.577e-07      0.3999847960302626 0.3999845985716727 0.6499922999004042 0.2500077013287314
4.602e-07      0.3994662553953174 0.3994663831134857 0.6497331961879844 0.2502668130744987
4.627e-07      0.3982108823950471 0.3982113334434763 0.6491056773856213 0.2508943439421449
4.652e-07      0.3962209924998051 0.3962217647140724 0.6481109010832452 0.2518891363691728
4.677e-07      0.3935002563940408 0.3935013492980531 0.6467507024514335 0.2532493531533805
4.702e-07      0.390053692724055 0.3900551181952179 0.6450275907421018 0.2549724725468838
4.727e-07      0.385887658785081 0.3858894202695864 0.6429447449925431 0.2570553247229566
4.752e-07      0.3810098276685223 0.3810119331877979 0.6405060065599534 0.2594940733721555
4.777e-07      0.37542920602175 0.3754316510977868 0.6377158717413368 0.26228422064355
4.802e-07      0.36915608802024 0.3691588774633806 0.634579487140051 0.2654206096766704
4.826999999999999e-07 0.3622020446484416 0.362205203871024 0.6311026721845205 0.2688974683134966
4.852e-07      0.3545799030366282 0.3545833891161922 0.6272917605045152 0.2727083713883229
4.877e-07      0.3463037212676893 0.3463075483166162 0.623153839837405 0.2768462915207888
4.902e-07      0.3373887712195806 0.3373929066633259 0.6186965104604292 0.2813036037971032
4.927e-07      0.3278514968359911 0.3278559384368289 0.6139280195457579 0.286072081108929
4.952e-07      0.3177094850278348 0.317714227162514 0.6088571549172676 0.2911429277547535
4.977e-07      0.3069814432042264 0.3069864767028027 0.6034932688775571 0.2965067921747544
5.002e-07      0.2956871603622293 0.2956924764135281 0.5978462580424496 0.3021537816289215
5.027e-07      0.283847469539479 0.2838530520731155 0.5919265331717211 0.3080734810986056
5.051999999999999e-07 0.2714842089677691 0.2714900289300041 0.5857450052947116 0.3142549763647075
5.077e-07      0.2586201836663635 0.2586262238399274 0.5793130901482482 0.3206868663083208
5.102e-07      0.2452791219026944 0.2452853611909032 0.5726426493474928 0.3273572881565895
5.127e-07      0.2314856319216608 0.2314920435672203 0.5657459869906625 0.3342539434234422
5.152e-07      0.2172651568380375 0.2172717199420883 0.558635827701212 0.3413641077591236
5.177e-07      0.2026439268029892 0.2026506202706751 0.5513252863504526 0.3486746660797776
5.202e-07      0.1876489120173232 0.187655727478113 0.5438278514251548 0.3561721239470417
5.227e-07      0.1723077711847224 0.1723147026341425 0.5361573519977965 0.363842649363654
5.252e-07      0.1566488012510134 0.1566558367819385 0.5283279368381056 0.3716721000561671
5.276999999999999e-07 0.1407008860108166 0.14070801746463 0.5203540467883128 0.3796460293236828
5.302e-07      0.1244934421831488 0.1245006647503625 0.5122503906501306 0.3877497258997681
5.327e-07      0.1080563651657216 0.1080636939238405 0.5040319168530403 0.3959682229291998
5.352e-07      0.09141997390113399 0.09142740287238879 0.4957137845726916 0.4042863817003028
5.377e-07      0.07461495480958948 0.07462249183225576 0.4873113339919319 0.4126888421596762
5.401999999999999e-07 0.0576723051896391 0.05767991865599196 0.4788401092465816 0.4211601905905896
5.427e-07      0.0406232761746092 0.04063097099836053 0.4703156397760612 0.4296846687777007
5.452e-07      0.02349931482971473 0.02350706250383114 0.4617536779491349 0.4382466154453037
5.477e-07      0.006332007075132688 0.006339775451433744 0.453170009126289 0.4468302336748552
5.501999999999999e-07 -0.01084698013976202 -0.0108392125826627 0.4445804951867078 0.4554197077693705
5.527e-07      -0.02800595887804085 -0.0279981933482969 0.4360009742119061 0.463999167560203
5.552e-07      -0.04511327883937494 -0.0451055486540132 0.427447292259303 0.4725528409133162
5.577e-07      -0.06213738515362673 -0.06212973250399807 0.4189351607178138 0.4810648932218119
5.601999999999999e-07 -0.07904687635855619 -0.07903928281558886 0.4104803854430019 0.4895196682585907
5.626999999999999e-07 -0.0958105622939503 -0.09580303438284801 0.4020985152730533 0.4979015496559013
5.652e-07      -0.1123975216980993 -0.1123900842811598 0.3938049911933494 0.5061950754745093
5.677e-07      -0.1287771592180568 -0.1287698305980591 0.3856151184069161 0.5143849490049752
5.702e-07      -0.1449192618775794 -0.144912059466181 0.3775440035087257 0.5224560629749068
5.726999999999999e-07 -0.1607940549091766 -0.1607869967798213 0.3696065339155713 0.5303935306953925
5.752e-07      -0.1763722567185736 -0.1763653619161552 0.3618173507640305 0.5381827126801857
5.777e-07      -0.1916251323838961 -0.1916184101760459 0.3541908265591516 0.5458092367351974
5.802e-07      -0.2065245472148573 -0.2065180043210981 0.3467410303986881 0.5532590347197862
5.826999999999999e-07 -0.2210430186332689 -0.2210366607070079 0.3394817050943178 0.5605183658013257
5.851999999999999e-07 -0.2351537664619764 -0.2351475994749004 0.3324262395188177 0.567573838993718
5.877e-07      -0.2488307627223968 -0.2488247909636834 0.3255876495332875 0.5744124404969709
5.902e-07      -0.2620487796782546 -0.2620430072167229 0.3189785493775482 0.5810215565942711
5.927e-07      -0.2747834357985428 -0.2747778725220984 0.312611125774499 0.5873889982965973
5.951999999999999e-07 -0.2870112420499255 -0.2870058954834749 0.3064971224346407 0.5935030179181157
5.977e-07      -0.2987096442266284 -0.29870452268536 0.3006478180265287 0.5993523407118887
6.002e-07      -0.30985706322001 -0.3098521782122118 0.2950739968250948 0.6049261750373066
6.027e-07      -0.3204329364549683 -0.3204282993228773 0.2897859406134392 0.6102142399363164
6.051999999999999e-07 -0.3304177612913831 -0.3304133607902188 0.2847934071458491 0.6152067679360679
6.077e-07      -0.3397931160948116 -0.3397889722378349 0.2801056046451906 0.6198945768830255
6.102e-07      -0.3485417086410295 -0.3485378269259964 0.2757311786564689 0.6242690055824653
6.127e-07      -0.3566474002007735 -0.3566437880472572 0.2716781965326064 0.6283219845798637
6.152e-07      -0.3640952392472748 -0.3640918650847239 0.2679541255499182 0.6320459906346421
6.176999999999999e-07 -0.3708714880397664 -0.3708683948030531 0.2645658506573184 0.6354342454603714
6.202e-07      -0.3769636473311221 -0.3769608437726386 0.2615196152086025 0.6384804589812411
6.227e-07      -0.3823604798318012 -0.3823579740217938 0.2588210389475959 0.6411790129693897
6.252e-07      -0.3870520236554904 -0.3870498309582311 0.2564751010475581 0.6435249320057892
6.276999999999999e-07 -0.3910296306095039 -0.3910277505474338 0.2544861383616712 0.645513888909105
6.302e-07      -0.3942859673812645 -0.3942844113397044 0.2528578021609331 0.6471422135006375
6.327e-07      -0.3968150273669159 -0.3968138025318488 0.2515930996266366 0.6484069021584855
6.352e-07      -0.398612144972978 -0.398611247251466 0.2506943751219922 0.6493056223734581
6.376999999999999e-07 -0.3996740057078194 -0.3996734351505328 0.2501632809543596 0.6498367161048925
6.401999999999999e-07 -0.3999986509426818 -0.3999984069388243 0.2500007967578052 0.6499992036966294
6.427e-07      -0.3995854818874776 -0.3995855632758003 0.2502072223177603 0.6497927855935607
6.452e-07      -0.3984352605768283 -0.398435665569167 0.2507821769174227 0.6492178424865898
6.477e-07      -0.3965501084577375 -0.3965508349603248 0.2517245999934816 0.6482754349538065
6.501999999999999e-07 -0.3939335030428424 -0.3939345485323878 0.2530327530306605 0.6469673015630483
6.527e-07      -0.3905902709066792 -0.3905916489141941 0.2547042066121233 0.6452958555263174
6.552e-07      -0.3865265787354573 -0.3865282929157076 0.2567358876458101 0.6432641805615178
6.577e-07      -0.38174991263666 -0.3817519690852409 0.2591240547432934 0.6408760238285343
6.601999999999999e-07 -0.3762690893999542 -0.3762714855246626 0.2618643028741448 0.6381357883988075
6.627e-07      -0.3700942206024344 -0.3700969613808666 0.2649515673607865 0.6350485287416531
6.652e-07      -0.3632366959990496 -0.3632398079767014 0.2683801667325426 0.631619974709244
6.677e-07      -0.3557091646831511 -0.3557126043582108 0.2721437646250239 0.6278563689832346
6.702e-07      -0.3475255100286518 -0.3475292925211171 0.2762354206486625 0.6237647131697795
6.726999999999999e-07 -0.33870083269246 -0.3387049241301264 0.2806475958851134 0.6193525200152398
6.752e-07      -0.3292514118775232 -0.3292558099950842 0.2853721464514263 0.6146279564465106
6.777e-07      -0.3191946714305888 -0.3191993710789696 0.2904003572245811 0.6095997283035507
6.802e-07      -0.3085491614718259 -0.3085541539112583 0.2957229551520676 0.6042771090633259
6.826999999999999e-07 -0.2973345185674852 -0.2973397944862997 0.3013301240637674 0.598669918550067
6.852e-07      -0.2855714292559657 -0.2855769758616977 0.3072115215133944 0.5927884973750921
6.877e-07      -0.2732815902199807 -0.2732873774126355 0.3133563039790437 0.5866436813916791
6.902e-07      -0.2604876710360832 -0.2604936811264224 0.3197531392230015 0.5802468203494239
6.926999999999999e-07 -0.2472132707351176 -0.2472194815207927 0.3263902296763866 0.5736097111971793
6.951999999999999e-07 -0.2334828746055845 -0.2334892629391333 0.3332553338418795 0.5667445967810127
6.977e-07      -0.2193218093119907 -0.2193283521165295 0.3403357909368633 0.5596641430533927
7.002e-07      -0.2047561954889168 -0.2047628715734137 0.3476185388072958 0.5523814103807094
7.027e-07      -0.1898129005916479 -0.1898196981166548 0.3550901371638291 0.5449098352804839
7.051999999999999e-07 -0.1745194882456435 -0.1745264039548616 0.3627367966143705 0.5372632005692322
7.077e-07      -0.1589041671775409 -0.1589111883912392 0.3705444215966877 0.529455609987927
7.102e-07      -0.142995740661701 -0.143002858711035 0.3784986058617887 0.5215014645728238
7.127e-07      -0.1268235525883091 -0.1268307623084106 0.3865846742574597 0.5134154365658703
7.151999999999999e-07 -0.1104174333239881 -0.1104247479894918 0.3947876938293228 0.5052124418188146
7.176999999999999e-07 -0.09380764472693753 -0.09381505928555153 0.403092551794912 0.4969076110804636
7.202e-07      -0.07702482416378865 -0.07703234715340586 0.4114839131128586 0.4885162602662644
7.227e-07      -0.060099928011587 -0.06010752904110757 0.4199463847776663 0.4800539138187739
7.252e-07      -0.04306417466422292 -0.04307185854340383 0.4284642244013077 0.4715360829447114
7.276999999999999e-07 -0.025948986804714 -0.02595673000839382 0.437021786386963 0.4629785163953568
7.302e-07      -0.008785933756159617 -0.00879370036838947 0.4456032743510656 0.454396974719455
7.327e-07      0.008393325184273647 0.008385555693204497 0.4541928825571728 0.4458073268639683
7.352e-07      0.02555710155104893 0.02554933242472182 0.4627747384244436 0.4372254059997218
7.376999999999999e-07 0.04267373611862006 0.04266599990592734 0.4713330667641809 0.4286670668582536
7.402e-07      0.05971165684102099 0.05970399694850011 0.479852025759108 0.4201480288106079
7.427e-07      0.07663943678895152 0.07663183400984364 0.4883159437589253 0.4116841097490817
7.452e-07      0.09342585207865885 0.09341831258716964 0.4967091886369406 0.403290876049771
7.477e-07      0.1100399395307184 0.1100324880275496 0.505016277230429 0.3949837892028794
7.501999999999999e-07 0.1264510537616968 0.1264437084746291 0.5132218879464541 0.386778179471825
7.527e-07      0.1426289237399406 0.1426217022352091 0.5213108844647329 0.3786891822295239
7.552e-07      0.1585437087155026 0.1585366291013248 0.5292683469843815 0.3707317178830566
7.577e-07      0.1741660532875344 0.1741591341873101 0.5370795988507825 0.3629204646634724
7.601999999999999e-07 0.1894671412008772 0.1894603938045314 0.5447302285058637 0.3552698347013323
7.627e-07      0.2044187488101184 0.2044121797385192 0.5522061222139868 0.3477939424754676
7.652e-07      0.2189932972598202 0.2189869126834458 0.5594934912455263 0.3405065785620804
7.677e-07      0.23316390293529 0.2331577083742843 0.5665788927694185 0.3334211843951342
7.701999999999999e-07 0.2469044274144904 0.2468984273323638 0.5734492577575254 0.3265508304251616
7.726999999999999e-07 0.26018952584072 0.2601837240986858 0.5800919140669549 0.3199081899682691
7.752e-07      0.2729946929162098 0.272989099436936 0.5864946107075707 0.3135055112706346
7.777e-07      0.2852963093946401 0.2852909312516659 0.5926455345377576 0.3073546032860917
7.802e-07      0.2970716850639653 0.297066530946474 0.5985333435027699 0.3014668125562959
7.826999999999999e-07 0.3082990990420418 0.308294179481037 0.6041471749500746 0.2958529954690375
7.852e-07      0.3189578410091999 0.3189531678456028 0.6094766736673938 0.290523505821791
7.877e-07      0.3290282534157846 0.3290238339818743 0.6145120121499832 0.2854881781681088
7.902e-07      0.3384917618807734 0.338487581086598 0.6192438809346383 0.2807562998480403
7.926999999999999e-07 0.3473309072921388 0.3473269877837185 0.623663585990777 0.2763365982070585
7.952e-07      0.3555293852137566 0.3555257341074125 0.6277629580254737 0.2722372239180611
7.977e-07      0.3630720728621329 0.3630686593845128 0.6315343891215356 0.2684657297370229
8.002e-07      0.3699450575408778 0.3699419237183202 0.63497101145371 0.2650290877353898
8.027e-07      0.3761356615671607 0.3761328162082466 0.6380664468253349 0.2619336306170884
8.051999999999999e-07 0.3816324660633932 0.3816299173456567 0.6408149862422391 0.2591850688965824
8.077e-07      0.3864253261813302 0.3864230880302358 0.6432115617366364 0.2567884737064007
8.102e-07      0.3905054036935961 0.3905034775977221 0.6452517534244023 0.2547482758266802
8.127e-07      0.3938651780037929 0.3938635755433946 0.6469317963510126 0.253068220807618
8.151999999999999e-07 0.3964984517075293 0.3964971802446754 0.6482485914924208 0.2517514112477453
8.177e-07      0.3984003670005862 0.398399422559704 0.6491997102333847 0.2508002876736808
8.202e-07      0.3995674160257507 0.3995667987765028 0.6497833978539808 0.250216599077478
8.227e-07      0.3999974461637354 0.3999971555967041 0.6499985776854746 0.2500014220887706
8.252e-07      0.399689664212788 0.399689699220462 0.6498448529186834 0.2501551536982214
8.276999999999999e-07 0.3986446378876869 0.3986449967714258 0.649322507153696 0.2506775103822702
8.302e-07      0.3968642945255401 0.3968649752547665 0.6484325038760396 0.2515675286212731
8.327e-07      0.3943519183199806 0.3943529184071249 0.6471764849839082 0.2528235665767833
8.352e-07      0.3911121435870754 0.3911134741172483 0.645556767551188 0.2544432934339396
8.376999999999999e-07 0.3871509461820054 0.3871526129830324 0.6435763398688823 0.2564237268858499
8.402e-07      0.3824756249386621 0.3824776322653769 0.641238854708577 0.2587612224432002
8.427e-07      0.3770948064622111 0.3770971535722988 0.6385486218256281 0.2614514682533293
8.452e-07      0.371018419352968 0.3710211113960852 0.6355106033181291 0.2644894919220439
8.476999999999999e-07 0.3642576717041193 0.3642607038792227 0.6321304017255565 0.2678696978463339
8.501999999999999e-07 0.356825034086428 0.3568284272047935 0.6284142812010247 0.2715858539962312
8.527e-07      0.3487342164326369 0.3487379322494811 0.6243690270121278 0.2756310947626467
8.552e-07      0.3400001425702912 0.3400041900507462 0.6200021539602606 0.2799979639095145
8.577e-07      0.3306389307795113 0.3306432853142475 0.6153216951714877 0.2846784098572402
8.601999999999999e-07 0.3206678403252449 0.3206724973285506 0.6103362928065919 0.2896637954780412
8.627e-07      0.3101052630254103 0.3101102142400974 0.6050551408312803 0.2949449265911828
8.652e-07      0.2989706822917984 0.298975917826145 0.599487981668302 0.300512063842157
8.677e-07      0.2872846373682076 0.2872901477303214 0.5936450856599503 0.306354937929629
8.701999999999999e-07 0.2750686825748877 0.2750744362713436 0.5875372128910065 0.3124627766196629
8.727e-07      0.2623453511949446 0.2623513306977741 0.5811756468010462 0.318824316103272
8.752e-07      0.2491381121536446 0.2491442955657605 0.5745721193471874 0.3254278237814269
8.777e-07      0.2354713268064605 0.2354776914547255 0.5677388112436093 0.3322611197888837
8.802e-07      0.2213702044525836 0.221376726559856 0.5606883296509456 0.3393116030910897
8.826999999999999e-07 0.2068607552315422 0.2068674135490529 0.5534336798800185 0.3465662663309656
8.852e-07      0.1919697428494613 0.1919765224476974 0.5459882459673508 0.3540117235196534
8.877e-07      0.1767246347534202 0.1767315344778827 0.5383657638086257 0.361634229330743
8.902e-07      0.1611535504608735 0.1611605572201522 0.5305802917727306 0.3694197345525784
8.926999999999999e-07 0.1452852116138168 0.1452923161833001 0.5226461904707481 0.377353874287448
8.952e-07      0.1291488881689902 0.12915608500087 0.5145780950307156 0.3854220100298456
8.977e-07      0.1127743443388287 0.1127816449606217 0.506390888183082 0.3936092432224602
9.002e-07      0.09619178375631923 0.09619918393668334 0.4980996716361529 0.4019004876994696
9.027e-07      0.07943179357065015 0.07943929403303662 0.4897197377139946 0.4102804436809579
9.051999999999999e-07 0.06252528809027696 0.06253287650387541 0.4812665866954691 0.4187337101915937
9.077e-07      0.04550345179307604 0.04551112435781276 0.4727557151036997 0.4272445907458869
9.102e-07      0.02839768178331997 0.02840541983353846 0.4642028651540355 0.435797445320497
9.127e-07      0.01123952964983458 0.01124729395936031 0.4556237745348461 0.4443764805754858
9.151999999999999e-07 -0.005939354202141723 -0.005931583172563391 0.4470343167509401 0.4529658999235034
9.177e-07      -0.02310728200228649 -0.023099509644031 0.4384503189437741 0.4615498285878051
9.202e-07      -0.04023258675131159 -0.0402248447953747 0.4298876447350293 0.470112489530404
9.227e-07      -0.05728368041875994 -0.05727601358027692 0.4213620209145614 0.4786380344948383
9.251999999999999e-07 -0.07422911179229687 -0.07422149951423627 0.4128892766608342 0.4871107761750705
9.277e-07      -0.09103762443924478 -0.09103007375498803 0.4044849953509986 0.4955150691059866
9.302e-07      -0.1076782144294413 -0.1076707492847194 0.3961646584704573 0.5038354077551768
9.327e-07      -0.1241201875025305 -0.1241128259265093 0.387943620730151 0.5120564466566603
9.352e-07      -0.1403332157116493 -0.1403259754739455 0.3798370457045792 0.5201630211785246
9.376999999999999e-07 -0.1562873934467935 -0.1562802926359564 0.3718598862495385 0.5281401788854949
9.402e-07      -0.1719532926096071 -0.1719463493550764 0.364026857105414 0.5359732064604904
9.427e-07      -0.1873020167276306 -0.1872952445137264 0.3563524093379479 0.5436476538516742
9.452e-07      -0.2023052541620506 -0.2022986590252497 0.3488507026525978 0.5511493616778476
9.476999999999999e-07 -0.21693533091782 -0.2169289195762293 0.3415355745223295 0.5584644940985588
9.502e-07      -0.2311652609228831 -0.2311590389024864 0.3344205185028212 0.5655795574053075
9.527e-07      -0.2449687963285116 -0.2449627681821109 0.3275186591063981 0.572481427288509
9.552e-07      -0.2583204760162851 -0.2583146451260679 0.3208427284991647 0.5791573736252326
9.577e-07      -0.2711956719756769 -0.2711900460259476 0.314405035713863 0.5855950817398106
9.601999999999999e-07 -0.2835706354960031 -0.2835652259156282 0.3082174546884242 0.5917826806040523
9.627000000000001e-07 -0.2954225413174216 -0.2954173546985806 0.3022913992946036 0.5977087539931841
9.652000000000001e-07 -0.306729527568762 -0.3067245736210019 0.2966377976225504 0.6033623712435523
9.677000000000001e-07 -0.3174707369745786 -0.3174660279836468 0.291267075188459 0.6087331031721057
9.702e-07      -0.3276263591868425 -0.3276219032322574 0.2861891427410906 0.613811045973348
9.727e-07      -0.3371776637366811 -0.3371734460365631 0.2814133670062033 0.6185868130427664
9.752e-07      -0.3461070291424204 -0.3461030719120538 0.2769485560745199 0.6230516279865737
9.777e-07      -0.3543979847519003 -0.3543942948261985 0.2728029439088182 0.6271972387350166
9.801999999999999e-07 -0.3620352370228778 -0.3620317843642804 0.2689841685334936 0.6310159528977739
9.827000000000001e-07 -0.3690046988230292 -0.3690015245414957 0.2654992888216833 0.6345008133631789
9.852000000000001e-07 -0.3752935145109914 -0.3752906274635678 0.2623547265912657 0.6376453540548336
9.877000000000001e-07 -0.3808900840509842 -0.3808874925129424 0.2595562829140442 0.6404437754269866
9.902000000000001e-07 -0.3857840800144849 -0.3857817963929583 0.257109120784257 0.6428909171772152
9.927e-07      -0.3899664744700636 -0.3899645023960807 0.2550177644369193 0.6449822668329999
9.952e-07      -0.3934295598233516 -0.3934279109768936 0.2532860538614742 0.6467139648383677
9.977e-07      -0.3961669481025809 -0.396165630024111 0.2519171868596503 0.6480828168837612
1.0002e-06     -0.3981735894806582 -0.3981725982913101 0.2509137000496013 0.6490862983409114
1.0027e-06     -0.3994457828567363 -0.3994451188912307 0.2502774389831237 0.6497225578743544
1.0052e-06     -0.3999811817072814 -0.3999808445393155 0.2500095773050084 0.649990421844324
1.0077e-06     -0.3997787984534744 -0.3997787870340908 0.250110609175466 0.6498893962095568
1.0102e-06     -0.3988390064221644 -0.3988393191669538 0.2505803482805855 0.6494196674475392
1.0127e-06     -0.3971635388796873 -0.3971641737767814 0.2514179281664152 0.6485821019431965
1.0152e-06     -0.3947554864745754 -0.39475644110098 0.2526218037424777 0.6473782448434576
1.0177e-06     -0.391619291122781 -0.3916205741609892 0.2541897428400995 0.6458103170010887
1.0202e-06     -0.3877607376235875 -0.3877623569845948 0.2561188541853304 0.6438812111699252
1.0227e-06     -0.3831869372484316 -0.3831888953797376 0.258405590163515 0.6415944855432526
1.0252e-06     -0.3779063261174158 -0.3779086241630794 0.2610457323237684 0.6389543564868478
1.0277e-06     -0.3719286494659022 -0.3719312926840594 0.2640344008243956 0.6359656935084551
1.0302e-06     -0.3652649333081111 -0.3652679171012809 0.26736609105204 0.6326340081533209
1.0327e-06     -0.3579274692313376 -0.3579308156497603 0.2710346605063627 0.628965476156123
1.0352e-06     -0.3499297916119339 -0.349933461836736 0.2750333310945175 0.6249667929312535
1.0377e-06     -0.3412866520417276 -0.3412906556015488 0.2793547323877453 0.6206453879892941
1.0402e-06     -0.3320140013011344 -0.3320183121560403 0.2839908974479703 0.6160092096040106
1.0427e-06     -0.3221289362463196 -0.3221335504512653 0.2889332702461108 0.6110668206973762
1.0452e-06     -0.3116496892830981 -0.3116545990826836 0.2941727357484837 0.6058273348311674
1.0477e-06     -0.300595589934282 -0.3006007848441301 0.2996996317591702 0.6003004166033002
1.0502e-06     -0.2889870293648079 -0.2889925028144436 0.3055037625810766 0.5944962653955203
1.0527e-06     -0.2768454187474099 -0.2768511385554706 0.3115744275853234 0.588425566140794
1.0552e-06     -0.2641931542007809 -0.2641991026460656 0.3179004318797616 0.5820995345258272
1.0577e-06     -0.2510535736667159 -0.2510597292757205 0.3244701081323303 0.5755298374080509
1.0602e-06     -0.2374509136512444 -0.2374572541311443 0.3312713387797754 0.5687285929109196
1.0627e-06     -0.223410265137736 -0.2234167661091789 0.3382915828180401 0.561708348927219
1.0652e-06     -0.2089575267939811 -0.2089641669289092 0.345517888293021 0.5544820552219303
1.0677e-06     -0.1941193575754692 -0.194126119638194 0.3529369233052182 0.5470630429434121
1.0702e-06     -0.1789231276849651 -0.1789300111618644 0.3605349890400062 0.5394650002018707
1.0727e-06     -0.1633968664125496 -0.1634038585629965 0.3682980812841548 0.5317019398471513
1.0752e-06     -0.1475692126695955 -0.1475763036709716 0.3762118777127636 0.5237881813837352
1.0777e-06     -0.1314693613775369 -0.1314765452730185 0.3842617769999063 0.5157383222729248
1.0802e-06     -0.115127009483438 -0.115134282652789 0.3924329284639643 0.5075672111167533
1.0827e-06     -0.09857230122852853 -0.09857968706334361 0.4007102343163121 0.4992899213796558
1.0852e-06     -0.08183577243072228 -0.08184325890207844 0.4090784599016073 0.4909217188036857
1.0877e-06     -0.06494829411353474 -0.06495588174837733 0.4175221532645329 0.4824780350129103
1.0902e-06     -0.04794101572642454 -0.04794867687852736 0.4260258137462279 0.4739744906247553
1.0927e-06     -0.03084530749818445 -0.03085303912692497 0.43457363663781 0.4654266757647349
1.0952e-06     -0.01369270238349502 -0.01370046406052735 0.4431498987784195 0.4568503628389469
1.0977e-06     0.00348515957645147 0.003477388106428596 0.4517388051002761 0.4482614169938475
1.1002e-06     0.02065659246496897 0.0206488171538822 0.4603244840988929 0.4396756669450106
1.1027e-06     0.03778992264453623 0.03778217525068685 0.4688911552003336 0.4311089799496468
1.1052e-06     0.05485354729818964 0.05484587364124809 0.4774229649739697 0.4225770913327216
1.1077e-06     0.07181599211560034 0.07180837117885348 0.4859042119896306 0.4140958408107771
1.1102e-06     0.08864596929990723 0.08863841581607676 0.4943192353892595 0.4056808195731827
1.1127e-06     0.105312435311587 0.1053049569324346 0.5026525114736499 0.3973475545412153
1.1152e-06     0.1217846481961011 0.1217772707074439 0.510888669011611 0.3891113983041671
1.1177e-06     0.1380322242244322 0.1380249656085967 0.5190125163280683 0.3809875507194715
1.1202e-06     0.1540251940519604 0.1540180723340296 0.5270090688717549 0.3729909965377253
1.1227e-06     0.1697340579939363 0.1697270907261765 0.5348635771580227 0.3651364864318462
1.1252e-06     0.1851298404422471 0.1851230435149255 0.5425615533594491 0.3574385098445236
1.1277e-06     0.2001841428592616 0.2001775219200718 0.550088792964198 0.3499112710441262
1.1302e-06     0.2148691970878474 0.2148627592652626 0.5574314135003071 0.3425686542350445
1.1327e-06     0.2291579156707705 0.2291516662730469 0.5645758705183438 0.3354242042452969
1.1352e-06     0.2430239423081984 0.2430178862555615 0.5715089854403101 0.3284910991847487
1.1377e-06     0.2564417005729156 0.2564358428427894 0.5782179704534485 0.3217821276106591
1.1402e-06     0.2693864406337959 0.2693807848100894 0.5846904501002064 0.315309665290117
1.1427e-06     0.2818342853235172 0.2818288444438457 0.5909144886007097 0.3090856441568641
1.1452e-06     0.2937622750763055 0.2937570560649322 0.5968786032709116 0.3031215472059794
1.1477e-06     0.3051484078984697 0.3051434197538279 0.6025717935276849 0.2974283737738569
1.1502e-06     0.3159716803371142 0.3159669357190307 0.6079835564398296 0.2920166207207989
1.1527e-06     0.3262121300196945 0.3262076376701641 0.6131039123402773 0.2868962746701131
1.1552e-06     0.3358508710928441 0.3358466165706338 0.617923397917626 0.2820767813469922
1.1577e-06     0.3448701202633126 0.3448661254186533 0.6224331546173728 0.2775670291987195
1.1602e-06     0.3532532414087611 0.3532495128075284 0.6266248480120934 0.2733753352045649
1.1627e-06     0.3609847708664323 0.3609813165788091 0.6304907466768499 0.2695094300980409
1.1652e-06     0.3680504472869058 0.3680472326878017 0.634023668898927 0.2659764362111254
1.1677e-06     0.374437237865602 0.3744343092578379 0.6372171965320467 0.2627828872742088
1.1702e-06     0.3801333617376161 0.3801307275622837 0.6400653945291751 0.2599346669668914
1.1727e-06     0.3851283093032671 0.3851259802934549 0.6425630104077388 0.2574370301142839
1.1752e-06     0.3894128632350238 0.3894108452450473 0.6447054392887998 0.2552945940437524
1.1777e-06     0.3929791292462631 0.3929774340524876 0.6464887271714715 0.253511293118984
1.1802e-06     0.3958205290384126 0.3958191643622831 0.6479095845811218 0.2520904202188387
1.1827e-06     0.3979318209558508 0.3979307830126345 0.6489653909726725 0.2510346079600379
1.1852e-06     0.399309110784851 0.3993084000840023 0.6496541984633322 0.2503457983793298
1.1877e-06     0.3999498581902962 0.3999494743885842 0.6499747364870671 0.2500252620984829
1.1902e-06     0.3998528812688249 0.3998528233871327 0.6499264138106535 0.2500735904235208
1.1927e-06     0.3990183589151232 0.399018625475713 0.6495093197395527 0.2504906942638397
1.1952e-06     0.3974478302714215 0.3974484192861616 0.6487242235459169 0.2512758042597553
1.1977e-06     0.395144192330528 0.3951451014408909 0.6475725735676645 0.2524274721267737
1.2002e-06     0.3921116944385918 0.3921129299682837 0.646056494354678 0.2539435643863944
1.2027e-06     0.388355930121124 0.3883575020337227 0.6441787830124341 0.2558212809787115
1.2052e-06     0.3838838227740199 0.3838857317015874 0.6419429029770758 0.2580571712754884
1.2077e-06     0.3787036178008821 0.3787058667630342 0.639352977133168 0.2606471103701337
1.2102e-06     0.3728248766639907 0.3728274710134923 0.6364137821875475 0.2635863111740551
1.2127e-06     0.3662584428836408 0.3662613782153634 0.6331307384835473 0.2668693602681838
1.2152e-06     0.3590164285994337 0.3590197290647819 0.6295099331027355 0.2704902040379536
1.2177e-06     0.3511121921266698 0.3511158165758203 0.6255579713718403 0.2744421547960201
1.2202e-06     0.3425603124957839 0.3425642721715023 0.6212821977547494 0.278717925583247
1.2227e-06     0.3333765716694631 0.333380838757504 0.6166904738617337 0.2833096351042297
1.2252e-06     0.3235779041799056 0.323582475433416 0.611791284475167 0.2882088090417509
1.2277e-06     0.3131823820921081 0.3131872502430559 0.6065936619605254 0.2934064117174695
1.2302e-06     0.3022091804847162 0.3022143353334256 0.6011071933928066 0.298892858059381
1.2327e-06     0.2906785411182956 0.2906839756996132 0.5953420033111346 0.3046580276115214
1.2352e-06     0.2786117318402793 0.2786174173346219 0.5893087076853131 0.3106912903506912
1.2377e-06     0.2660310104806019 0.2660369274026947 0.5830184487267214 0.3169815213240266
1.2402e-06     0.2529595831541337 0.2529657103793405 0.5764828293065947 0.3235171189272542
1.2427e-06     0.2394215606058153 0.2394278763874342 0.5697139045019621 0.330286028114528
1.2452e-06     0.2254419145570814 0.2254483939051396 0.5627241624631082 0.3372757685579686
1.2477e-06     0.2110464312310753 0.2110530527151265 0.5555264969211957 0.3444734442060692
1.2502e-06     0.1962616638845348 0.1962684092727339 0.5481341858733405 0.3518657766006067
1.2527e-06     0.1811148842666281 0.1811217511916221 0.5405608683555447 0.3594391171639226
1.2552e-06     0.1656340305716864 0.1656410079217235 0.532820511977706 0.3671795040559825
1.2577e-06     0.1498476578367385 0.1498547351515324 0.5249273943157988 0.3750726591642664
1.2602e-06     0.1337848848488913 0.1337920557368884 0.5168960746118452 0.3831040188749568
1.2627e-06     0.1174753401673106 0.1174826007562654 0.5087413673069617 0.3912587665506964
1.2652e-06     0.1009491075188291 0.1009564790232876 0.5004783154891381 0.3995218364658505
1.2677e-06     0.08423667022576564 0.08424414236848128 0.4921221590300706 0.4078780166615893
1.2702e-06     0.06736885488275347 0.06737642926064351 0.4836883072130734 0.4163118779524299
1.2727e-06     0.0503767747007031 0.05038442415102451 0.4751923635723469 0.4248079394213224
1.2752e-06     0.0332917718619552 0.03329949629675751 0.466649904451741 0.4333504081549834
1.2777e-06     0.0161453595972197 0.01615311827717985 0.458076693487231 0.4419235752100511
1.2802e-06     -0.001030833728529927 -0.001023062494381184 0.4494885820280159 0.4505116445223972
1.2827e-06     -0.01820512520512371 -0.01819734727154874 0.4409014038867839 0.4590987511583327
1.2852e-06     -0.03534583576255246 -0.03533808322324882 0.4323310265357481 0.4676691097589969
1.2877e-06     -0.05242134897201478 -0.05241366875541331 0.4237931943343629 0.4762068630897762
1.2902e-06     -0.06940016861099393 -0.06939253934230373 0.4153037567888644 0.4846962961311682
1.2927e-06     -0.08625097668507622 -0.08624341276470368 0.4068783208718007 0.4931217336365044
1.2952e-06     -0.1029426912470233 -0.1029351999869342 0.3985324328873452 0.5014676328742794
1.2977e-06     -0.1194445237736321 -0.1194371307385289 0.3902814682322202 0.5097185989707491
1.3002e-06     -0.1357260359086132 -0.1357187592567446 0.3821406539642687 0.5178594132210134
1.3027e-06     -0.151757195700802 -0.1517500533540702 0.3741250061666657 0.5258750595207359
1.3052e-06     -0.1675084329916564 -0.167501442064669 0.3662493108934781 0.533750752958147
1.3077e-06     -0.182950694124584 -0.1829438725685907 0.3585280953383099 0.5414719679069007
1.3102e-06     -0.1980554947387917 -0.1980488480743211 0.3509756078423892 0.5490244559167103
1.3127e-06     -0.2127949735687283 -0.21278850943292 0.3436057787581237 0.5563942881910438
1.3152e-06     -0.2271419427545442 -0.2271356660852439 0.3364322037985414 0.5635678698837854
1.3177e-06     -0.2410699385723442 -0.2410638545429628 0.3294681142716571 0.5705319688146199
1.3202e-06     -0.2545532702420752 -0.2545473838329232 0.3227263560801248 0.5772737399130481
1.3227e-06     -0.2675670670633508 -0.2675613830183062 0.3162193644975421 0.5837807475158483
1.3252e-06     -0.2800873243051404 -0.280081852412945 0.3099591389930118 0.5900409914059568
1.3277e-06     -0.2920909488425439 -0.2920856975500195 0.3039572250486833 0.5960429225987028
1.3302e-06     -0.3035557995512149 -0.3035507773781903 0.2982246941504819 0.6017754715286722
1.3327e-06     -0.3144607275309149 -0.3144559474870739 0.2927721142025438 0.6072280616896177
1.3352e-06     -0.3247856191476364 -0.3247810905361621 0.2876095473282367 0.6123906378643988
1.3377e-06     -0.334511433867878 -0.334507142650478 0.2827465178704788 0.6172536605209569
1.3402e-06     -0.3436202272142633 -0.343616194908451 0.2781919942660693 0.6218081891745202
1.3427e-06     -0.3520951982734167 -0.3520914311643952 0.2739543762507753 0.6260458074151706
1.3452e-06     -0.3599207137240114 -0.3599172197324208 0.2700414791482814 0.6299586988807022
1.3477e-06     -0.3670823388488276 -0.3670790841146383 0.2664605119345224 0.6335395960491607
1.3502e-06     -0.373566863858356 -0.3735638938630876 0.2632180965414737 0.6367819904045613
1.3527e-06     -0.3793623276095927 -0.3793596508828863 0.260320206903071 0.6396798577859573
1.3552e-06     -0.3844580387569927 -0.3844556644584632 0.257772189342472 0.6422278538009353
1.3577e-06     -0.3888445908505137 -0.3888425270200829 0.2555787542198755 0.6444212812399583
1.3602e-06     -0.3925139032419133 -0.3925121617579135 0.2537439300973172 0.6462560918552307
1.3627e-06     -0.3954592075752589 -0.3954577963324163 0.2522711047979049 0.6477289011303212
1.3652e-06     -0.3976750705442067 -0.3976739858568877 0.2511630068467852 0.6488369927036729
1.3677e-06     -0.3991574049709573 -0.3991566475281789 0.2504216746886512 0.6495783222168301
1.3702e-06     -0.3999034768071933 -0.3999030463512132 0.2500484758748991 0.6499515222261123
1.3727e-06     -0.3999119098694929 -0.3999118054974954 0.2500440988361294 0.6499559043336248
1.3752e-06     -0.3991826886138403 -0.3991829089462882 0.2504085517076328 0.6495914606539209
1.3777e-06     -0.3977171579970869 -0.3977177010800478 0.2511411622526208 0.6488588633326686
1.3802e-06     -0.3955180212529853 -0.3955188847931911 0.252240579046892 0.6477594638400831
1.3827e-06     -0.3925893349953572 -0.3925905229992571 0.253704767343201 0.646295290342458
1.3852e-06     -0.3889365012653948 -0.3889380257199292 0.255531018471882 0.6444690441918113
1.3877e-06     -0.3845662552734095 -0.3845681149992954 0.2577159788964559 0.6422840938957514
1.3902e-06     -0.3794866514949644 -0.3794888513571254 0.2602556174017595 0.6397444687588849
1.3927e-06     -0.3737070672023324 -0.373709612649677 0.2631452398531168 0.6368548525027938
1.3952e-06     -0.3672381630254398 -0.3672410498219633 0.2663795241959731 0.6336205740179365
1.3977e-06     -0.3600918711948493 -0.3600951247069879 0.269952506839222 0.6300476315462099
1.4002e-06     -0.352281373459692 -0.3522849519584941 0.2738575881204376 0.6261425400789317
1.4027e-06     -0.3438210757441046 -0.3438249913949293 0.2780875673696756 0.6219125587646049
1.4052e-06     -0.3347265905810901 -0.3347308138140087 0.2826346484908691 0.6173654623048778
1.4077e-06     -0.3250146895730725 -0.3250192177320925 0.2874904391352534 0.6125096568673458
1.4102e-06     -0.3147032837628192 -0.3147081102148146 0.2926459833208893 0.6073540935357039
1.4127e-06     -0.3038113930235671 -0.3038165076912887 0.2980917735004215 0.6019082811917101
1.4152e-06     -0.2923591089779945 -0.2923645043478346 0.3038177647609561 0.5961822691087907
1.4177e-06     -0.280367555270825 -0.2803732083252858 0.3098133984585983 0.5901866067838841
1.4202e-06     -0.2678588508397834 -0.26786473578005 0.3160676190253504 0.5839323548054003
1.4227e-06     -0.2548560688555982 -0.2548621674455833 0.3225688917161122 0.5774310591616956
1.4252e-06     -0.2413831934719746 -0.2413894839795057 0.3293052249223521 0.5706947089018578
1.4277e-06     -0.2274650762193025 -0.227471533463687 0.3362641985589336 0.5637357320226205
1.4302e-06     -0.2131273898961024 -0.2131339922484611 0.3434329734016157 0.5565669656500768
1.4327e-06     -0.1983965810599035 -0.1984033093668419 0.3507983248026724 0.5492016341695143
1.4352e-06     -0.1832998219797128 -0.1833066720402974 0.3583466549676754 0.5416533270079729
1.4377e-06     -0.1678649587056772 -0.1678719203737406 0.3660640450799532 0.5339359654536938
1.4402e-06     -0.1521204613328602 -0.1521275248330388 0.3739362615414104 0.5260637863744492
1.4427e-06     -0.1360953714047821 -0.136102529209145 0.3819487792492031 0.5180513084583481
1.4452e-06     -0.1198192479809187 -0.1198264959251038 0.3900868161097031 0.5099133120348069
1.4477e-06     -0.1033221131420649 -0.1033294702933215 0.3983353388859002 0.5016648091792217
1.4502e-06     -0.08663439656384016 -0.08664185433631388 0.4066791591469157 0.4933210134832296
1.4527e-06     -0.06978687925411278 -0.06979444017200288 0.4151028709441672 0.4848973111161701
1.4552e-06     -0.05281063701208991 -0.05281827461985474 0.4235910136025657 0.4764092882224205
1.4577e-06     -0.03573698279296451 -0.03574469867881712 0.432127806658915 0.4678725053377321
1.4602e-06     -0.01859740895043008 -0.0186051643051579 0.4406975560025148 0.4593027203076727
1.4627e-06     -0.001423530932685043 -0.001431301662262445 0.4492844650140573 0.4507157666763197
1.4652e-06     0.01575297251775693 0.015745192276959 0.4578726759286638 0.4421274836517048
1.4677e-06     0.03290041812058834 0.03289266087976964 0.4664463993175155 0.4335537384377459
1.4702e-06     0.04998717702183357 0.04997945975181962 0.4749897963052943 0.4250103365534747
1.4727e-06     0.06698173223250589 0.06697409483021008 0.4834870739543833 0.4165129791241732
1.4752e-06     0.08385273677542449 0.08384516271890399 0.4919226084192747 0.4080774457003707
1.4777e-06     0.1005690714551743 0.1005615676438238 0.500280816551586 0.3997192489077622
1.4802e-06     0.117099902339494 0.117092494123621 0.5085462805884063 0.3914537864647853
1.4827e-06     0.1334147375909808 0.1334074432491256 0.5167037552713326 0.383296312022207
1.4852e-06     0.1494834837825885 0.1494763210946678 0.5247381935292467 0.3752618724345789
1.4877e-06     0.1652765013873388 0.1652694868290593 0.5326347754990143 0.367365288669955
1.4902e-06     0.180764659818808 0.1807578137235842 0.5403789385144484 0.3596211247908642
1.4927e-06     0.1959193899455944 0.1959127176580141 0.5479563906146807 0.3520436729566666
1.4952e-06     0.2107127384293976 0.210706247945716 0.555353157101224 0.344646909155508
1.4977e-06     0.2251174180733028 0.2251111142116938 0.5625555934476777 0.337444479235984
1.5002e-06     0.2391068586886355 0.2391007469091521 0.5695504141965008 0.3304496672873486
1.5027e-06     0.2526552561223231 0.2526493411667406 0.5763247175534157 0.3236753763866751
1.5052e-06     0.2657376197185218 0.2657319060598959 0.5828660080198501 0.3171341019599543
1.5077e-06     0.2783298182427199 0.278324315730238 0.5891622220132039 0.3108379062829659
1.5102e-06     0.290408625715777 0.2904033426016393 0.5952017439564459 0.3047984013548066
1.5127e-06     0.3019517624882598 0.3019467064970701 0.6009734352252765 0.2990267287282064
1.5152e-06     0.3129379354453019 0.3129331201762651 0.6064666473832738 0.2935335272070088
1.5177e-06     0.3233468802803772 0.3233423155341553 0.6116712494031987 0.2883289338690435
1.5202e-06     0.3331594024739093 0.3331550747031889 0.6165776260527203 0.2834225513495313
1.5227e-06     0.3423573970534854 0.3423533274368397 0.6211767551855832 0.2788234277487435
1.5252e-06     0.350923898946014 0.3509200934951284 0.6254601387416471 0.2745400452465188
1.5277e-06     0.3588431057610004 0.358839572238221 0.6294198757078036 0.2705803034695826
1.5302e-06     0.3661004099576814 0.3660971152714148 0.633048613036583 0.2669514977651682
1.5327e-06     0.372682425258448 0.3726794140503182 0.6363397520556621 0.2636603380053439
1.5352e-06     0.3785770106924333 0.3785742915733393 0.639287179730228 0.2607128881568888
1.5377e-06     0.3837732934057664 0.383770874158687 0.6418854600149796 0.2581145858562926
1.5402e-06     0.3882616787120935 0.3882595691204423 0.6441298033856868 0.2558702342652445
1.5427e-06     0.3920338993406777 0.3920321116157189 0.6460160676484291 0.2539839560327103
1.5452e-06     0.3950829971256588 0.3950815341210971 0.6475407735811389 0.2524592394600418
1.5477e-06     0.3974033479125766 0.3974022164947289 0.6487011083687378 0.251298891874009
1.5502e-06     0.3989906711268055 0.3989898669371134 0.6494949319916999 0.2505050650545865
1.5527e-06     0.3998420393042174 0.3998415621754091 0.6499207799354548 0.2500792177600457
1.5552e-06     0.399955882032832 0.3999557311573497 0.6499778666809315 0.2500221355235818
1.5577e-06     0.3993319893311848 0.3993321633928607 0.6496660870975628 0.2503339237047022
1.5602e-06     0.3979715119164235 0.3979720090190769 0.648986016233694 0.2510140072146171
1.5627e-06     0.3958769591671962 0.3958777770836315 0.6479389086236065 0.252061131539975
1.5652e-06     0.393052194809792 0.3930533352702298 0.6465266959730183 0.2534733607027885
1.5677e-06     0.3895024291976895 0.3895039061833276 0.6447519837787374 0.2552480775954099
1.5702e-06     0.3852342090626499 0.3852360195826675 0.6426180454520352 0.2573820258693676
1.5727e-06     0.3802553978196218 0.3802575525884941 0.6401288170156434 0.2598712644271493
1.5752e-06     0.37457518787144 0.374577684375419 0.6372888878214933 0.2627112034460742
1.5777e-06     0.3682040568473644 0.3682068950408725 0.6341034963180313 0.2658966012771589
1.5802e-06     0.3611537565259125 0.3611569629706417 0.630578551244654 0.2694215882740123
1.5827e-06     0.3534372915915764 0.3534408239740174 0.6267204770464518 0.2732796530724344
1.5852e-06     0.3450688943189823 0.3450727657504992 0.6225364472869153 0.277463681536416
1.5877e-06     0.3360640072112184 0.336068186573223 0.6180341495817311 0.2819659630085081
1.5902e-06     0.3264392383315852 0.3264437232626853 0.613221910830437 0.2867781875677516
1.5927e-06     0.3162123370032541 0.3162171213771033 0.6081086006013703 0.2918914792242669
1.5952e-06     0.3054021672223975 0.3054072414175868 0.6027036496660724 0.2972964082484855
1.5977e-06     0.2940286696768695 0.2940340255419749 0.5970170311734539 0.3029830056314791
1.6002e-06     0.2821128230962485 0.2821184410342579 0.591059225392809 0.308940784358551
1.6027e-06     0.2696766064612963 0.2696824589708119 0.5848412183532194 0.3151587593824076
1.6052e-06     0.2567429593689681 0.256749028930345 0.5783744912697658 0.3216254623394208
1.6077e-06     0.2433357384035968 0.2433420031468029 0.5716709692096416 0.3283289660628387
1.6102e-06     0.2294796739538054 0.2294861085824003 0.5647430194910004 0.3352569109086001
1.6127e-06     0.2152003244442313 0.2152069072527163 0.5576034222427176 0.3423965149900014
1.6152e-06     0.2005240287143749 0.2005307393949198 0.5502653476026484 0.3497346082077286
1.6177e-06     0.1854778585622552 0.185484691436068 0.5427423350257896 0.3572576435897217
1.6202e-06     0.1700895668296311 0.1700965135070308 0.5350482596938305 0.3649517461867997
1.6227e-06     0.1543875375879708 0.1543945871356054 0.527197314773306 0.3728027276377006
1.6252e-06     0.1384007340565645 0.1384078786948877 0.519203980317424 0.3807961016225362
1.6277e-06     0.1221586446781942 0.1221658799331924 0.5110830011616787 0.3889171212284863
1.6302e-06     0.1056912287561283 0.1056985716363371 0.5028493578217071 0.39715078618537
1.6327e-06     0.08902886117237639 0.08903630454228552 0.4945182370272508 0.4054819324849653
1.6352e-06     0.07220227624998794 0.07220982717120543 0.4861050030917623 0.4138951759205569
1.6377e-06     0.05524251102808721 0.05525013664252965 0.4776252187277867 0.4223750820852571
1.6402e-06     0.03818084823380426 0.03818855364627177 0.4690944318592118 0.4309058782129401
1.6427e-06     0.02104875812533033 0.02105650982028528 0.4605283971716411 0.4394718873513559
1.6452e-06     0.003877842001642459 0.00388561173882488 0.4519429243720188 0.4480573126331939
1.6477e-06     -0.01330022672372394 -0.01329244445908311 0.4433538600873165 0.4566463045463997
1.6502e-06     -0.03045376178790805 -0.03044600020880881 0.4347770696756263 0.4652230698844351
1.6527e-06     -0.04755112306877732 -0.04754339915079897 0.4262283668756812 0.4737717660264801
1.6552e-06     -0.06456077403107544 -0.06455312890513039 0.417723462285221 0.4822765911903514
1.6577e-06     -0.08145133986298471 -0.08144375577484043 0.4092781490590404 0.4907219048338808
1.6602e-06     -0.09819166530137577 -0.09818414927246122 0.4009079579466067 0.4990921072190679
1.6627e-06     -0.1147508721673671 -0.1147434491430921 0.3926283088648411 0.5073717580079332
1.6652e-06     -0.1310984162907057 -0.1310911046085354 0.3844544813806668 0.5155455859892022
1.6677e-06     -0.1472041439022932 -0.1471969611776326 0.3764015525254815 0.5235985137031141
1.6702e-06     -0.1630383472952923 -0.1630313107949758 0.3684843767931067 0.5315156875880825
1.6727e-06     -0.1785718198284304 -0.1785649492883739 0.3607175570438583 0.5392825063322323
1.6752e-06     -0.1937759089298551 -0.1937692114927899 0.3531154259625099 0.5468846374552998
1.6777e-06     -0.2086225700775428 -0.2086160533141371 0.3456920061688044 0.5543080594829415
1.6802e-06     -0.2230844178492868 -0.2230780868718904 0.3384609924462552 0.5615390793181456
1.6827e-06     -0.2371347765658737 -0.2371286371129878 0.3314357214258372 0.568564358538825
1.6852e-06     -0.2507477296730093 -0.2507417862487382 0.3246291528554665 0.5753709391042047
1.6877e-06     -0.2638981675048521 -0.263892424371016 0.318053841799306 0.581946266170322
1.6902e-06     -0.2765618332152939 -0.2765563002321402 0.311721912979057 0.5882782132111972
1.6927e-06     -0.2887153688629447 -0.2887100539764726 0.3056450444435093 0.5943550984199819
1.6952e-06     -0.3003363571012712 -0.300331268238001 0.2998344465733973 0.6001657148113982
1.6977e-06     -0.3114033614138574 -0.3113985111481133 0.2943008310395116 0.6056993421876249
1.7002e-06     -0.3218959677405106 -0.3218913668698331 0.2890544073322052 0.6109457742020382
1.7027e-06     -0.3317948278145323 -0.3317904636296377 0.2841048563341943 0.615895319963832
1.7052e-06     -0.3410816773262843 -0.3410775705461177 0.2794613058756018 0.6205388764217195
1.7077e-06     -0.3497393875253558 -0.3497355438965132 0.2751323201436692 0.6248678640401824
1.7102e-06     -0.3577519875481495 -0.357748414666935 0.2711258827737031 0.6288742974406381
1.7127e-06     -0.3651046975827039 -0.36510136312779 0.2674493752160355 0.6325507383438255
1.7152e-06     -0.3717839553645942 -0.3717809031199475 0.264109595013417 0.6358904981333644
1.7177e-06     -0.3777774405529296 -0.3777746792030413 0.2611126959415839 0.6388873751446251
1.7202e-06     -0.3830740978691292 -0.3830716353394079 0.2584642067886558 0.6415358421280637
1.7227e-06     -0.3876641487665504 -0.3876619934967478 0.2561690232042221 0.64383101670097
1.7252e-06     -0.391539135607522 -0.3915373016997414 0.2542313618890632 0.6457686635888046
1.7277e-06     -0.3946919122361776 -0.394690402709168 0.252654805820174 0.647345208529342
1.7302e-06     -0.3971166632824206 -0.3971154851545053 0.2514422579268736 0.6485577430813789
1.7327e-06     -0.3988089155299391 -0.3988080645918511 0.2505959663358061 0.6494040309276573
1.7352e-06     -0.3997655479944694 -0.3997650241762515 0.2501174865962134 0.6498825107724648
1.7377e-06     -0.3999847961034506 -0.3999845986948729 0.2500077013126473 0.6499923000075202
1.7402e-06     -0.3994662554458912 -0.3994663831955542 0.2502668130648575 0.6497331962604117
1.7427e-06     -0.3982108824529531 -0.3982113335277415 0.2508943439334481 0.6491056774611896
1.7452e-06     -0.3962209925590515 -0.3962217647986503 0.2518891363627829 0.6481109011614333
1.7477e-06     -0.3935002564550757 -0.3935013493538176 0.253249353179221 0.6467507025330386
1.7502e-06     -0.3900536927874669 -0.3900551182549344 0.2549724725730293 0.6450275908279637
1.7527e-06     -0.3858876588513701 -0.3858894203321532 0.2570553247513787 0.6429447450835319
1.7552e-06     -0.3810098276310002 -0.3810119332616571 0.2594940733867114 0.6405060066483685
1.7577e-06     -0.37542920598473 -0.3754316511609682 0.2622842206580805 0.6377158718190487
1.7602e-06     -0.3691560879838902 -0.3691588775117734 0.2654206096934587 0.6345794872052322
1.7627e-06     -0.36220204461296 -0.3622052038824692 0.2688974683295323 0.6311026722120016
1.7652e-06     -0.3545799030022628 -0.3545833891106029 0.2727083714074597 0.6272917605180627
1.7677e-06     -0.3463037212402272 -0.3463075482871184 0.2768462915470744 0.6231538398341927
1.7702e-06     -0.3373887712061124 -0.3373929066391717 0.2813036038309248 0.6186965104700966
1.7727e-06     -0.3278514968219203 -0.3278559384009018 0.2860720811504797 0.6139280195513815
1.7752e-06     -0.3177094850133749 -0.3177142271121191 0.2911429278051286 0.6088571549172477
1.7777e-06     -0.3069814431896851 -0.3069864766317857 0.296506792234727 0.6034932688665128
1.7802e-06     -0.2956871603489915 -0.2956924763325817 0.3021537816964013 0.5978462580289829
1.7827e-06     -0.2838474695262675 -0.2838530519615607 0.3080734811769674 0.5919265331385282
1.7852e-06     -0.2714842089550902 -0.2714900288072953 0.31425497645211 0.5857450052594053
1.7877e-06     -0.2586201836534162 -0.2586262237008377 0.3206868664075654 0.5793130901084032
1.7902e-06     -0.2452791218697099 -0.2452853594192466 0.3273572897388921 0.5726426491581387
1.7927e-06     -0.2314856319113553 -0.2314920434210256 0.3342539435319935 0.565745986953019
1.7952e-06     -0.2172651568289186 -0.2172717197947709 0.3413641078715158 0.5586358276662867
1.7977e-06     -0.2026439267952229 -0.2026506201262708 0.3486746661935461 0.5513252863198169
1.8002e-06     -0.187648912012108 -0.1876557273669709 0.3561721240385167 0.5438278514054876
1.8027e-06     -0.1723077711804047 -0.1723147025301308 0.3638426494533544 0.5361573519834851
1.8052e-06     -0.156648801247694 -0.1566558366947251 0.3716721001390038 0.5283279368337288
1.8077e-06     -0.1407008860084811 -0.1407080173906314 0.3796460293989671 0.5203540467895985
1.8102e-06     -0.1244934421817894 -0.1245006646904125 0.387749725966361 0.5122503906567735
1.8127e-06     -0.1080563651653492 -0.1080636938830014 0.3959682229814968 0.5040319168644982
1.8152e-06     -0.0914199739015681 -0.09142740284518615 0.4042863817425135 0.4957137845876997
1.8177e-06     -0.07461495481061207 -0.07462249181996776 0.4126888421886025 0.4873113340085703
1.8202e-06     -0.05767230519098779 -0.05767991863762873 0.4211601906300765 0.4788401092677052
1.8227e-06     -0.04062327617594686 -0.04063097098809978 0.4296846688071069 0.4703156397952067
1.8252e-06     -0.02349931483064597 -0.02350706248145798 0.4382466154650531 0.4617536779465111
1.8277e-06     -0.006332007075391157 -0.006339775438035517 0.446830233686189 0.4531700091242246
1.8302e-06     0.01084698014017086 0.01083921258734009 0.4554197077739691 0.444580495186629
1.8327e-06     0.02800595887881076 0.02799819333888999 0.4639991675558346 0.4360009742169447
1.8352e-06     0.04511327884022726 0.04510554863390675 0.4725528409048096 0.4274472922709029
1.8377e-06     0.0621373851542543 0.06212973249396304 0.481064893209271 0.418935160715308
1.8402e-06     0.07904687635872591 0.07903928279673471 0.489519668242139 0.4104803854454043
1.8427e-06     0.0958105622934922 0.09580303435144472 0.4979015496371873 0.4020985152857426
1.8452e-06     0.1123975216969019 0.1123900842392263 0.5061950754520876 0.3938049912128614
1.8477e-06     0.128777159216058 0.1287698305465097 0.5143849489793518 0.3856151184328421
1.8502e-06     0.1449192618746969 0.1449120594043555 0.5224560629456025 0.377544003541247
1.8527e-06     0.1607940549054563 0.1607869967115269 0.5303935306637859 0.3696065339522591
1.8552e-06     0.1763722567131844 0.1763653618277242 0.5381827126384572 0.3618173508107331
1.8577e-06     0.191625132377723 0.1916184100941465 0.5458092366993054 0.3541908266051588
1.8602e-06     0.2065245472071247 0.2065180042385787 0.5532590346854241 0.3467410304468455
1.8627e-06     0.2210430186245945 0.2210366606325705 0.560518365771385 0.3394817051388145
1.8652e-06     0.2351537664524696 0.2351475994053264 0.5675738389681809 0.3324262395628544
1.8677e-06     0.2488307627116807 0.2488247909007124 0.5744124404743504 0.3255876495736381
1.8702e-06     0.2620487796668748 0.262043007163661 0.5810215565762051 0.3189785494125441
1.8727e-06     0.2747834357866584 0.2747778724786733 0.587388998281803 0.3126111258031298
1.8752e-06     0.287011242034457 0.287005895438788 0.5935030178976307 0.3064971224588428
1.8777e-06     0.2987096442097304 0.2987045226501334 0.5993523406950897 0.3006478180449564
1.8802e-06     0.3098570632032387 0.3098521781973661 0.6049261750260132 0.295073996828647
1.8827e-06     0.320432936438639 0.3204282993177934 0.6102142399323918 0.2897859406145984
1.8852e-06     0.3304177612655647 0.3304133608024695 0.6152067679415187 0.2847934071390492
1.8877e-06     0.3397931160632787 0.3397889722637008 0.6198945768967777 0.2801056046330769
1.8902e-06     0.3485417086079876 0.3485378269650369 0.6242690056091951 0.2757311786441582
1.8927e-06     0.3566474001665271 0.3566437880988319 0.6283219846190551 0.2716781965202232
1.8952e-06     0.3640952392120794 0.3640918651722236 0.6320459907129506 0.2679541255407271
1.8977e-06     0.3708714880037873 0.3708683949005192 0.6354342455497495 0.2645658506492303
1.9002e-06     0.3769636472945136 0.376960843878096 0.638480459079985 0.2615196152018889
1.9027e-06     0.3823604797946906 0.3823579741339896 0.6411790130758751 0.2588210389418855
1.9052e-06     0.3870520237186811 0.3870498310577871 0.6435249320916957 0.2564751010339087
1.9077e-06     0.3910296306702571 0.3910277506405923 0.6455138889910701 0.2544861383504778
1.9102e-06     0.3942859674402271 0.3942844114302661 0.6471422135795007 0.2528578021492346
1.9127e-06     0.3968150274247008 0.3968138026230464 0.6484069022350879 0.2515930996120415
1.9152e-06     0.3986121450234804 0.3986112473378173 0.6493056224472001 0.2506943751093828
1.9177e-06     0.3996740057578353 0.3996734352356445 0.6498367161778968 0.2501632809422523
1.9202e-06     0.3999986509926723 0.3999984070230854 0.6499992037696077 0.2500007967465224
1.9227e-06     0.3995854819027438 0.3995855633005633 0.649792785615373 0.2502072223148096
1.9252e-06     0.3984352605942866 0.3984356655946231 0.6492178425092735 0.2507821769146504
1.9277e-06     0.3965501084755888 0.3965508349858758 0.6482754349772917 0.2517245999914158
1.9302e-06     0.393933503061204 0.3939345485538643 0.646967301587496 0.2530327530336317
1.9327e-06     0.3905902709257384 0.3905916489320539 0.6452958555520185 0.2547042066199646
1.9352e-06     0.3865265787553617 0.3865282929344039 0.6432641805887408 0.2567358876543369
1.9377e-06     0.3817499126252963 0.3817519691080065 0.6408760238556309 0.2591240547476245
1.9402e-06     0.3762690893887353 0.3762714855443006 0.6381357884227554 0.2618643028784549
1.9427e-06     0.3700942205914163 0.3700969613961365 0.6350485287618656 0.2649515673657292
1.9452e-06     0.3632366959882838 0.3632398079808629 0.6316199747180807 0.2683801667372178
1.9477e-06     0.3557091646727059 0.3557126043573081 0.6278563689879083 0.2721437646306002
1.9502e-06     0.3475255100187364 0.3475292925112595 0.623764713167113 0.2762354206558535
1.9527e-06     0.338700832688421 0.3387049241232681 0.6193525200182706 0.2806475958950025
1.9552e-06     0.3292514118732927 0.3292558099847831 0.6146279564483845 0.2853721464636014
1.9577e-06     0.3191946714262311 0.3191993710644002 0.6095997283037834 0.2904003572393831
1.9602e-06     0.3085491614674342 0.3085541538905582 0.6042771090602961 0.295722955169738
1.9627e-06     0.2973345185634747 0.2973397944625868 0.5986699185462923 0.3013301240837055
1.9652e-06     0.2855714292519578 0.2855769758285551 0.5927884973651456 0.3072115215365906
1.9677e-06     0.2732815902161234 0.2732873773760695 0.5866436813811063 0.3133563040050369
1.9702e-06     0.260487671032128 0.2604936810847537 0.5802468203374194 0.3197531392526656
1.9727e-06     0.247213270731453 0.2472194814770863 0.5736097111848938 0.3263902297078075
1.9752e-06     0.2334828746022681 0.2334892628931951 0.5667445967690626 0.3332553338758675
1.9777e-06     0.2193218093091768 0.2193283520719232 0.5596641430426763 0.3403357909707531
1.9802e-06     0.2047561954865095 0.2047628715296707 0.5523814103712262 0.3476185388415556
1.9827e-06     0.1898129005900323 0.1898196980828105 0.5449098352743159 0.3550901371915054
1.9852e-06     0.1745194882442985 0.1745264039230211 0.537263200564659 0.3627367966416379
1.9877e-06     0.1589041671764972 0.1589111883643468 0.5294556099863647 0.3705444216220178
1.9902e-06     0.1429957406609532 0.1430028586880608 0.5215014645729735 0.3784986058849127
1.9927e-06     0.1268235525878562 0.1268307622896572 0.5134154365676605 0.3865846742780034
1.9952e-06     0.1104174333238392 0.1104247479765333 0.5052124418220968 0.3947876938455635
1.9977e-06     0.09380764472703948 0.09381505927667726 0.4969076110850467 0.4030925518083695
2.0002e-06     0.0770248241640773 0.07703234714928053 0.4885162602712412 0.4114839131219606
2.0027e-06     0.06009992801198465 0.06010752903517862 0.4800539138251792 0.4199463847900006
2.0052e-06     0.04306417466463717 0.04307185853994065 0.4715360829506041 0.4284642244106635
2.0077e-06     0.02594898680502561 0.0259567300012507 0.4629785163945807 0.43702178639333
2.0102e-06     0.008785933756270447 0.008793700363956327 0.4543969747188354 0.4456032743548791
2.0127e-06     -0.008393325184369088 -0.008385555695084075 0.4458073268637839 0.4541928825588679
2.0152e-06     -0.02555710155127418 -0.02554933242235623 0.4372254060010401 0.4627747384233963
2.0177e-06     -0.04267373611888212 -0.04266599990025926 0.4286670668615156 0.4713330667617749
2.0202e-06     -0.05971165684122589 -0.05970399694580354 0.4201480288096877 0.4798520257554912
2.0227e-06     -0.07663943678902632 -0.0766318340045327 0.4116841097496017 0.4883159437541345
2.0252e-06     -0.09342585207855134 -0.09341831257777519 0.4032908760535143 0.4967091886312895
2.0277e-06     -0.1100399395303898 -0.1100324880153 0.3949837892085062 0.5050162772238063
2.0302e-06     -0.1264510537611265 -0.1264437084594369 0.3867781794794053 0.5132218879388422
2.0327e-06     -0.1426289237391206 -0.1426217022173324 0.3786891822388776 0.52131088445621
2.0352e-06     -0.1585437087144115 -0.1585366290809042 0.3707317178940064 0.5292683469749105
2.0377e-06     -0.1741660532859479 -0.1741591341603895 0.3629204646775362 0.5370795988379258
2.0402e-06     -0.1894671411990103 -0.1894603937791413 0.3552698347154731 0.5447302284946144
2.0427e-06     -0.204418748807823 -0.2044121797132736 0.3477939424901132 0.5522061222033867
2.0452e-06     -0.218993297257234 -0.2189869126605341 0.3405065785757291 0.5594934912362632
2.0477e-06     -0.2331639029324469 -0.2331577083528971 0.3334211844086046 0.5665788927615016
2.0502e-06     -0.2469044274112828 -0.2468984273128827 0.3265508304375868 0.5734492577504695
2.0527e-06     -0.2601895258373049 -0.2601837240822533 0.3199081899789961 0.5800919140612494
2.0552e-06     -0.2729946929126341 -0.2729890994233958 0.3135055112794944 0.5864946107028903
2.0577e-06     -0.2852963093899793 -0.2852909312376607 0.3073546032936574 0.5926455345313182
2.0602e-06     -0.2970716850588593 -0.2970665309353203 0.3014668125620873 0.5985333434974076
2.0627e-06     -0.3082990990369562 -0.3082941794762095 0.2958529954702121 0.6041471749464216
2.0652e-06     -0.3189578410042355 -0.3189531678438337 0.2905235058222086 0.6094766736660423
2.0677e-06     -0.3290282534079669 -0.3290238339823119 0.2854881781659022 0.6145120121482142
2.0702e-06     -0.3384917618727937 -0.3384875810937056 0.2807562998456521 0.6192438809393578
2.0727e-06     -0.3473309072822082 -0.3473269877949381 0.2763365982033228 0.6236635859982609
2.0752e-06     -0.3555293852034459 -0.3555257341224866 0.2722372239142736 0.6277629580367602
2.0777e-06     -0.3630720728515254 -0.3630686594104821 0.2684657297341745 0.6315343891446565
2.0802e-06     -0.369945057530031 -0.3699419237473779 0.2650290877328516 0.6349710114802295
2.0827e-06     -0.3761356615561169 -0.376132816239808 0.2619336306149679 0.638066446854776
2.0852e-06     -0.3816324660521903 -0.3816299173792008 0.2591850688948836 0.6408149862740844
2.0877e-06     -0.3864253262005535 -0.3864230880594929 0.2567884737032513 0.6432115617627443
2.0902e-06     -0.3905054037120672 -0.3905034776260307 0.2547482758232993 0.6452517534493301
2.0927e-06     -0.3938651780216992 -0.3938635755708916 0.2530682208040722 0.6469317963749638
2.0952e-06     -0.3964984517250535 -0.3964971802723335 0.2517514112433051 0.6482485915156386
2.0977e-06     -0.3984003670158856 -0.3983994225858457 0.2508002876697412 0.6491997102555869
2.1002e-06     -0.3995674160408954 -0.3995667988022984 0.2502165990737647 0.6497833978760631
2.1027e-06     -0.3999974461788484 -0.3999971556222172 0.2500014220853063 0.6499985777075236
2.1052e-06     -0.3996896642127853 -0.3996896992204174 0.2501551536982251 0.6498448529186425
2.1077e-06     -0.3986446378876826 -0.398644996771409 0.250677510382235 0.6493225071536439
2.1102e-06     -0.3968642945255376 -0.3968649752547549 0.2515675286212395 0.6484325038759944
2.1127e-06     -0.394351918319977 -0.3943529184071107 0.2528235665767487 0.6471764849838594
2.1152e-06     -0.3911121435870705 -0.3911134741172381 0.2544432934339126 0.6455567675511508
2.1177e-06     -0.3871509461819957 -0.3871526129830135 0.2564237268858036 0.6435763398688171
2.1202e-06     -0.3824756249386698 -0.3824776322653516 0.2587612224431526 0.6412388547085042
2.1227e-06     -0.3770948064622127 -0.377097153572291 0.2614514682532973 0.6385486218255884
2.1252e-06     -0.3710184193529687 -0.3710211113960787 0.264489491922016 0.6355106033180947
2.1277e-06     -0.3642576717041225 -0.3642607038792144 0.2678696978463009 0.6321304017255153
2.1302e-06     -0.3568250340864315 -0.3568284272047903 0.2715858539961999 0.6284142812009902
2.1327e-06     -0.3487342164326399 -0.3487379322494789 0.2756310947626205 0.6243690270120994
2.1352e-06     -0.340000142570295 -0.3400041900507476 0.279997963909483 0.6200021539602306
2.1377e-06     -0.3306389307795133 -0.3306432853142488 0.2846784098572238 0.6153216951714725
2.1402e-06     -0.3206678403252474 -0.3206724973285504 0.2896637954780182 0.6103362928065685
2.1427e-06     -0.3101052630254154 -0.3101102142401025 0.2949449265910982 0.6050551408312007
2.1452e-06     -0.298970682291802 -0.2989759178261559 0.3005120638421234 0.5994879816682792
2.1477e-06     -0.2872846373682099 -0.2872901477303365 0.3063549379295974 0.5936450856599339
2.1502e-06     -0.27506868257489 -0.2750744362713567 0.3124627766196346 0.5875372128909914
2.1527e-06     -0.2623453511949445 -0.2623513306977758 0.3188243161032536 0.5811756468010294
2.1552e-06     -0.2491381121536434 -0.249144295565749 0.3254278237814228 0.5745721193471718
2.1577e-06     -0.2354713268064622 -0.2354776914547501 0.3322611197888519 0.567738811243602
2.1602e-06     -0.2213702044525819 -0.2213767265598385 0.3393116030910957 0.5606883296509342
2.1627e-06     -0.2068607552315438 -0.2068674135490596 0.3465662663309544 0.5534336798800139
2.1652e-06     -0.1919697428494618 -0.1919765224477115 0.3540117235196381 0.5459882459673495
2.1677e-06     -0.176724634753422 -0.1767315344778947 0.3616342293307316 0.5383657638086264
2.1702e-06     -0.161153550460874 -0.1611605572201552 0.3694197345525768 0.5305802917727319
2.1727e-06     -0.145285211613818 -0.1452923161833094 0.3773538742874434 0.5226461904707529
2.1752e-06     -0.1291488881689919 -0.1291560850008864 0.3854220100298378 0.5145780950307242
2.1777e-06     -0.1127743443388307 -0.1127816449606297 0.3936092432224639 0.5063908881830936
2.1802e-06     -0.09619178375632144 -0.09619918393668402 0.4019004876994828 0.4980996716361669
2.1827e-06     -0.07943179357065233 -0.07943929403304292 0.4102804436809697 0.4897197377140126
2.1852e-06     -0.06252528809027856 -0.06253287650388667 0.4187337101916467 0.4812665866955333
2.1877e-06     -0.04550345179307908 -0.0455111243578182 0.427244590745906 0.4727557151037242
2.1902e-06     -0.02839768178332351 -0.02840541983354863 0.4357974453205218 0.4642028651540704
2.1927e-06     -0.01123952964983504 -0.01124729395936097 0.4443764805754995 0.4556237745348605
2.1952e-06     0.005939354202142945 0.005931583172563643 0.4529658999235338 0.4470343167509701
2.1977e-06     0.02310728200228822 0.02309950964403204 0.4615498285878275 0.4384503189437954
2.2002e-06     0.0402325867513117 0.04022484479537475 0.4701124895304225 0.4298876447350478
2.2027e-06     0.05728368041875958 0.05727601358027833 0.4786380344948594 0.421362020914581
2.2052e-06     0.07422911179229846 0.07422149951424116 0.4871107761750912 0.41288927666085
2.2077e-06     0.09103762443924428 0.09103007375499229 0.4955150691060019 0.4044849953510096
2.2102e-06     0.107678214429441 0.1076707492847234 0.5038354077551884 0.396164658470465
2.2127e-06     0.1241201875025307 0.1241128259265102 0.5120564466566663 0.3879436207301561
2.2152e-06     0.1403332157116481 0.140325975473946 0.5201630211785285 0.3798370457045825
2.2177e-06     0.1562873934467932 0.1562802926359633 0.5281401788854994 0.371859886249536
2.2202e-06     0.1719532926096068 0.1719463493550916 0.5359732064604961 0.3640268571054045
2.2227e-06     0.1873020167276317 0.1872952445137402 0.5436476538516759 0.3563524093379358
2.2252e-06     0.2023052541620502 0.2022986590252661 0.5511493616778467 0.3488507026525806
2.2277e-06     0.2169353309178185 0.2169289195762269 0.5584644940985498 0.3415355745223229
2.2302e-06     0.2311652609228828 0.2311590389024946 0.5655795574052759 0.3344205185027814
2.2327e-06     0.24496879632851 0.2449627681821155 0.5724814272884969 0.3275186591063814
2.2352e-06     0.2583204760162868 0.2583146451260738 0.5791573736252198 0.320842728499146
2.2377e-06     0.271195671975677 0.2711900460259493 0.5855950817397951 0.3144050357138458
2.2402e-06     0.2835706354959995 0.2835652259156176 0.5917826806040513 0.3082174546884336
2.2427e-06     0.2954225413174232 0.2954173546985842 0.5977087539931657 0.3022913992945814
2.2452e-06     0.3067295275687662 0.3067245736210039 0.6033623712435293 0.2966377976225255
2.2477e-06     0.3174707369745786 0.3174660279836421 0.6087331031720802 0.2912670751884381
2.2502e-06     0.3276263591868404 0.3276219032322525 0.6138110459733239 0.2861891427410714
2.2527e-06     0.3371776637366809 0.3371734460365584 0.6185868130427407 0.2814133670061822
2.2552e-06     0.34610702914242 0.3461030719120469 0.6230516279865436 0.2769485560744966
2.2577e-06     0.3543979847519045 0.3543942948261848 0.627197238734972 0.2728029439087872
2.2602e-06     0.362035237022878 0.3620317843642736 0.6310159528977402 0.2689841685334666
2.2627e-06     0.3690046988230247 0.369001524541507 0.6345008133631975 0.2654992888216905
2.2652e-06     0.3752935145109992 0.3752906274635298 0.6376453540547513 0.2623547265912215
2.2677e-06     0.3808900840509842 0.3808874925129329 0.6404437754269456 0.2595562829140127
2.2702e-06     0.3857840800144766 0.3857817963929365 0.6428909171771539 0.2571091207842174
2.2727e-06     0.3899664744700468 0.3899645023960414 0.6449822668329128 0.2550177644368714
2.2752e-06     0.3934295598233324 0.393427910976834 0.646713964838187 0.2532860538613529
2.2777e-06     0.396166948102572 0.396165630024086 0.6480828168836987 0.2519171868596128
2.2802e-06     0.3981735894806563 0.3981725982913003 0.6490862983408696 0.2509137000495694
2.2827e-06     0.3994457828567304 0.3994451188912102 0.6497225578742977 0.2502774389830874
2.2852e-06     0.3999811817072809 0.3999808445393124 0.6499904218443222 0.2500095773050099
2.2877e-06     0.399778798453462 0.3997787870340557 0.6498893962094767 0.2501106091754211
2.2902e-06     0.3988390064221574 0.3988393191669296 0.6494196674474767 0.250580348280547
2.2927e-06     0.3971635388796811 0.3971641737767634 0.6485821019431425 0.251417928166379
2.2952e-06     0.3947554864745678 0.3947564411009579 0.6473782448433976 0.2526218037424398
2.2977e-06     0.3916192911227796 0.3916205741609812 0.6458103170010472 0.2541897428400661
2.3002e-06     0.3877607376235791 0.387762356984576 0.6438812111698619 0.2561188541852858
2.3027e-06     0.3831869372484361 0.3831888953797204 0.6415944855431923 0.2584055901634719
2.3052e-06     0.3779063261174171 0.3779086241630703 0.6389543564868061 0.2610457323237358
2.3077e-06     0.3719286494659067 0.3719312926840534 0.6359656935084379 0.2640344008243845
2.3102e-06     0.3652649333081166 0.3652679171012706 0.6326340081532725 0.267366091052002
2.3127e-06     0.3579274692313444 0.3579308156497574 0.6289654761560829 0.2710346605063256
2.3152e-06     0.3499297916119442 0.3499334618367381 0.6249667929312123 0.2750333310944742
2.3177e-06     0.3412866520417355 0.3412906556015454 0.6206453879892102 0.2793547323876648
2.3202e-06     0.3320140013011387 0.332018312156043 0.616009209603982 0.283990897447939
2.3227e-06     0.322128936246323 0.32213355045127 0.6110668206973481 0.2889332702460781
2.3252e-06     0.3116496892831003 0.3116545990826891 0.6058273348311428 0.2941727357484538
2.3277e-06     0.3005955899342846 0.3006007848441463 0.6003004166032755 0.2996996317591292
2.3302e-06     0.2889870293648062 0.2889925028144302 0.5944962653955226 0.3055037625810924
2.3327e-06     0.2768454187474098 0.2768511385554699 0.5884255661407776 0.3115744275853077
2.3352e-06     0.2641931542007807 0.2641991026460547 0.5820995345258092 0.3179004318797545
2.3377e-06     0.2510535736667223 0.2510597292757603 0.5755298374080436 0.3244701081322834
2.3402e-06     0.2374509136512461 0.2374572541311582 0.5687285929109106 0.3312713387797524
2.3427e-06     0.2234102651377394 0.2234167661091991 0.561708348927214 0.3382915828180149
2.3452e-06     0.2089575267939835 0.2089641669289274 0.5544820552219271 0.3455178882929997
2.3477e-06     0.1941193575754712 0.1941261196382094 0.5470630429434113 0.3529369233052019
2.3502e-06     0.1789231276849662 0.1789300111618533 0.5394650002018681 0.3605349890400148
2.3527e-06     0.1633968664125516 0.1634038585630009 0.5317019398471523 0.3682980812841514
2.3552e-06     0.1475692126695976 0.1475763036709823 0.5237881813837398 0.3762118777127575
2.3577e-06     0.1314693613775415 0.1314765452730172 0.5157383222729326 0.3842617769999154
2.3602e-06     0.1151270094834411 0.1151342826528068 0.5075672111167654 0.3924329284639586
2.3627e-06     0.09857230122853286 0.09857968706336402 0.4992899213797039 0.4007102343163398
2.3652e-06     0.08183577243072475 0.08184325890208181 0.490921718803702 0.4090784599016202
2.3677e-06     0.06494829411353509 0.06495588174837932 0.4824780350129309 0.4175221532645516
2.3702e-06     0.04794101572642405 0.04794867687853249 0.4739744906247804 0.4260258137462479
2.3727e-06     0.03084530749818494 0.03085303912693032 0.4654266757647418 0.4345736366378115
2.3752e-06     0.0136927023834947 0.01370046406053109 0.4568503628389772 0.4431498987784461
2.3777e-06     -0.003485159576450176 -0.003477388106425829 0.4482614169938766 0.4517388051003024
2.3802e-06     -0.02065659246496762 -0.0206488171538808 0.4396756669450317 0.4603244840989125
2.3827e-06     -0.03778992264453446 -0.03778217525068903 0.43110897994967 0.468891155200359
2.3852e-06     -0.05485354729818713 -0.05484587364124556 0.4225770913327389 0.4774229649739844
2.3877e-06     -0.0718159921156009 -0.07180837117885119 0.41409584081079 0.4859042119896412
2.3902e-06     -0.08864596929990508 -0.08863841581607779 0.4056808195731957 0.4943192353892735
2.3927e-06     -0.1053124353115845 -0.1053049569324374 0.3973475545412248 0.5026525114736622
2.3952e-06     -0.1217846481961009 -0.121777270707452 0.3891113983041646 0.5108886690116167
2.3977e-06     -0.1380322242244317 -0.1380249656086121 0.3809875507194687 0.5190125163280809
2.4002e-06     -0.1540251940519596 -0.1540180723340336 0.3729909965377246 0.5270090688717582
2.4027e-06     -0.1697340579939352 -0.169727090726198 0.3651364864318339 0.5348635771580319
2.4052e-06     -0.1851298404422447 -0.185123043514928 0.3574385098445185 0.5425615533594464
2.4077e-06     -0.2001841428592607 -0.2001775219200822 0.3499112710441005 0.5500887929641828
2.4102e-06     -0.2148691970878459 -0.2148627592652693 0.3425686542350313 0.5574314135003007
2.4127e-06     -0.2291579156707709 -0.2291516662730452 0.3354242042452887 0.5645758705183339
2.4152e-06     -0.2430239423081996 -0.2430178862555685 0.3284910991847317 0.5715089854403003
2.4177e-06     -0.2564417005729173 -0.2564358428427989 0.3217821276106508 0.5782179704534496
2.4202e-06     -0.2693864406337949 -0.2693807848100861 0.3153096652901052 0.5846904501001914
2.4227e-06     -0.2818342853235182 -0.2818288444438514 0.3090856441568431 0.5909144886006945
2.4252e-06     -0.2937622750763026 -0.2937570560649258 0.303121547205967 0.5968786032708928
2.4277e-06     -0.3051484078984668 -0.3051434197538215 0.2974283737738435 0.602571793527665
2.4302e-06     -0.315971680337115 -0.3159669357190285 0.2920166207207772 0.6079835564398056
2.4327e-06     -0.3262121300196921 -0.3262076376701585 0.2868962746700947 0.6131039123402532
2.4352e-06     -0.3358508710928467 -0.335846616570625 0.2820767813469687 0.6179233979175938
2.4377e-06     -0.3448701202633194 -0.3448661254186395 0.2775670291986879 0.6224331546173274
2.4402e-06     -0.3532532414087566 -0.3532495128075343 0.2733753352045714 0.6266248480121057
2.4427e-06     -0.3609847708664334 -0.3609813165788018 0.2695094300980129 0.6304907466768146
2.4452e-06     -0.3680504472869055 -0.3680472326877903 0.2659764362110976 0.6340236688988879
2.4477e-06     -0.3744372378656015 -0.3744343092578302 0.262782887274179 0.6372171965320093
2.4502e-06     -0.380133361737627 -0.3801307275622192 0.2599346669667686 0.6400653945289878
2.4527e-06     -0.3851283093032656 -0.3851259802934448 0.257437030114252 0.6425630104076968
2.4552e-06     -0.3894128632350207 -0.3894108452450356 0.2552945940437179 0.6447054392887535
2.4577e-06     -0.392979129246249 -0.3929774340524527 0.2535112931189387 0.6464887271713913
2.4602e-06     -0.3958205290384056 -0.3958191643622628 0.2520904202188017 0.6479095845810644
2.4627e-06     -0.3979318209558557 -0.3979307830126472 0.2510346079600448 0.6489653909726919
2.4652e-06     -0.3993091107848443 -0.3993084000839793 0.2503457983792923 0.6496541984632715
2.4677e-06     -0.3999498581902905 -0.399949474388564 0.2500252620984463 0.6499747364870103
2.4702e-06     -0.3998528812688196 -0.3998528233871123 0.2500735904234849 0.6499264138105972
2.4727e-06     -0.399018358915122 -0.3990186254757037 0.250490694263809 0.6495093197395126
2.4752e-06     -0.3974478302714089 -0.3974484192861304 0.2512758042597132 0.6487242235458437
2.4777e-06     -0.3951441923305267 -0.3951451014408818 0.2524274721267424 0.6475725735676242
2.4802e-06     -0.3921116944385835 -0.3921129299682665 0.2539435643863484 0.6460564943546149
2.4827e-06     -0.3883559301211079 -0.3883575020336944 0.2558212809786514 0.6441787830123459
2.4852e-06     -0.3838838227740194 -0.3838857317015897 0.2580571712754912 0.6419429029770808
2.4877e-06     -0.378703617800888 -0.3787058667630168 0.2606471103700898 0.6393529771331066
2.4902e-06     -0.3728248766639995 -0.3728274710134736 0.2635863111740071 0.6364137821874808
2.4927e-06     -0.366258442883647 -0.3662613782153537 0.2668693602681457 0.6331307384834993
2.4952e-06     -0.3590164285994422 -0.3590197290647635 0.2704902040378554 0.6295099331026189
2.4977e-06     -0.3511121921266732 -0.3511158165758176 0.2744421547959938 0.6255579713718115
2.5002e-06     -0.3425603124957874 -0.3425642721715031 0.2787179255832175 0.6212821977547206
2.5027e-06     -0.3333765716694624 -0.3333808387574993 0.2833096351042104 0.6166904738617097
2.5052e-06     -0.3235779041799038 -0.3235824754334106 0.2882088090417615 0.6117912844751721
2.5077e-06     -0.3131823820921113 -0.3131872502430626 0.2934064117174361 0.6065936619604988
2.5102e-06     -0.302209180484718 -0.3022143353334231 0.2988928580593644 0.6011071933927876
2.5127e-06     -0.2906785411182972 -0.2906839756996122 0.3046580276115056 0.5953420033111178
2.5152e-06     -0.2786117318402843 -0.2786174173346589 0.3106912903506385 0.5893087076852974
2.5177e-06     -0.2660310104806038 -0.2660369274027102 0.3169815213239959 0.5830184487267062
2.5202e-06     -0.2529595831541364 -0.2529657103793574 0.3235171189272245 0.576482829306582
2.5227e-06     -0.2394215606058157 -0.2394278763874291 0.3302860281145203 0.5697139045019495
2.5252e-06     -0.2254419145570816 -0.2254483939051292 0.3372757685579683 0.5627241624630975
2.5277e-06     -0.2110464312310789 -0.2110530527151571 0.3444734442060443 0.5555264969212014
2.5302e-06     -0.1962616638845388 -0.1962684092727562 0.3518657766005848 0.548134185873341
2.5327e-06     -0.1811148842666335 -0.1811217511916578 0.3594391171638913 0.5405608683555491
2.5352e-06     -0.1656340305716896 -0.1656410079217212 0.3671795040559862 0.5328205119777074
2.5377e-06     -0.1498476578367411 -0.1498547351515263 0.3750726591642762 0.5249273943158025
2.5402e-06     -0.1337848848488947 -0.1337920557369033 0.3831040188749634 0.5168960746118666
2.5427e-06     -0.1174753401673131 -0.1174826007562655 0.3912587665507063 0.5087413673069718
2.5452e-06     -0.1009491075188306 -0.1009564790233013 0.3995218364658525 0.5004783154891539
2.5477e-06     -0.08423667022576567 -0.08424414236848328 0.4078780166616022 0.4921221590300854
2.5502e-06     -0.06736885488275368 -0.06737642926064299 0.4163118779524289 0.4836883072130718
2.5527e-06     -0.05037677470070408 -0.050384424151026 0.4248079394213418 0.4751923635723678
2.5552e-06     -0.03329177186195841 -0.03329949629676675 0.4333504081550059 0.4666499044517727
2.5577e-06     -0.01614535959722093 -0.01615311827718605 0.4419235752100785 0.4580766934872646
2.5602e-06     0.001030833728529152 0.001023062494378214 0.4505116445224214 0.4494885820280431
2.5627e-06     0.01820512520512312 0.01819734727154916 0.4590987511583583 0.4409014038868092
2.5652e-06     0.0353458357625508 0.03533808322324806 0.4676691097590187 0.4323310265357706
2.5677e-06     0.05242134897201369 0.05241366875541396 0.4762068630897979 0.423793194334384
2.5702e-06     0.06940016861099174 0.06939253934230062 0.4846962961311804 0.4153037567888798
2.5727e-06     0.08625097668507532 0.08624341276471036 0.4931217336365271 0.4068783208718167
2.5752e-06     0.1029426912470222 0.1029351999869314 0.5014676328742862 0.3985324328873547
2.5777e-06     0.1194445237736301 0.1194371307385321 0.509718598970758 0.3902814682322259
2.5802e-06     0.1357260359086105 0.1357187592567495 0.5178594132210204 0.3821406539642709
2.5827e-06     0.1517571957007984 0.1517500533540612 0.525875059520733 0.3741250061666718
2.5852e-06     0.1675084329916547 0.1675014420646788 0.5337507529581509 0.366249310893472
2.5877e-06     0.1829506941245834 0.1829438725686131 0.5414719679069065 0.3585280953382934
2.5902e-06     0.1980554947387935 0.1980488480743287 0.5490244559167078 0.3509756078423791
2.5927e-06     0.2127949735687321 0.2127885094329472 0.5563942881910444 0.3436057787580972
2.5952e-06     0.2271419427545469 0.2271356660852633 0.5635678698837806 0.3364322037985174
2.5977e-06     0.2410699385723452 0.2410638545429694 0.5705319688146097 0.3294681142716402
2.6002e-06     0.2545532702420731 0.2545473838329186 0.5772737399130338 0.3227263560801152
2.6027e-06     0.2675670670633481 0.267561383018301 0.5837807475158323 0.3162193644975314
2.6052e-06     0.2800873243051407 0.2800818524129474 0.5900409914059395 0.3099591389929921
2.6077e-06     0.2920909488425479 0.2920856975500283 0.5960429225986847 0.3039572250486565
